Profile Age,Gender,Marital Status,Category 1,Category 2,Category 3,Category 4,Category 5,Category 6,Category 7,Category 8,Category 9,Category 10,Category 11,Category 12,Category 13,Category 14,Category 15,Category 16,Category 17,Category 18,Category 19,Category 20,Category 21
5-10,female,Single,0.0,0.0,3.63,3.65,5,5.0,2.35,2.33,2.64,1.7,1.69,1.7,1.72,0.5,0.0,0.5,0.0,0.0,0.0,0.0,0.0
5-10,male,Single,0.0,0.0,3.63,3.65,5,5.0,2.64,2.33,2.65,1.7,1.69,1.7,1.72,0.5,0.0,0.5,0.0,0.0,0.0,0.0,0.0
5-10,female,Single,0.0,0.0,3.63,3.63,5,5.0,2.64,2.33,2.64,1.7,1.69,1.7,1.72,0.5,0.0,0.5,0.0,0.0,0.0,0.0,0.0
5-10,female,Single,0.0,0.5,3.63,3.63,5,5.0,2.35,2.33,2.64,1.73,1.69,1.7,1.72,0.5,0.0,0.5,0.0,0.0,0.0,0.0,0.0
5-10,male,Single,0.0,0.0,3.63,3.63,5,5.0,2.64,2.33,2.64,1.7,1.69,1.7,1.72,0.5,0.0,0.5,0.0,0.0,0.0,0.0,0.0
5-10,female,Single,0.0,0.0,3.63,3.63,5,5.0,2.63,2.33,2.65,1.71,1.69,1.69,1.72,0.5,0.0,0.5,0.0,0.0,0.0,0.0,0.0
5-10,male,Single,0.0,5.0,3.63,3.63,5,3.03,2.35,2.33,2.64,1.73,1.68,1.69,1.71,0.5,0.0,0.5,0.0,0.0,0.0,0.0,0.0
5-10,male,Single,0.0,5.0,3.63,3.63,5,5.0,2.63,2.33,2.64,1.7,1.68,1.69,1.71,0.5,0.0,0.5,0.0,0.0,0.0,0.0,0.0
<5,?,Single,,5.0,3.64,3.64,5,3.03,2.62,2.32,2.63,1.71,1.67,1.68,1.7,0.0,0.0,0.5,0.0,0.0,0.0,0.0,0.0
<5,female,Single,0.0,5.0,3.64,3.64,5,5.0,2.35,2.32,2.63,1.69,1.67,1.67,1.7,,0.0,0.0,0.0,0.0,0.0,0.0,0.0
<5,?,Single,0.0,0.53,3.65,3.67,5,5.0,2.61,2.32,2.63,1.67,1.66,1.67,1.69,0.0,0.0,0.0,0.0,0.0,0.0,0.0,0.0
<5,?,Single,0.0,0.53,3.65,3.68,5,5.0,2.61,2.31,2.62,1.67,1.65,1.66,1.68,0.0,0.0,0.0,0.0,0.0,0.0,0.0,0.0
<5,,Single,0.0,0.54,3.66,3.68,5,5.0,2.61,2.3,2.62,1.67,1.64,1.65,1.28,0.0,0.0,0.0,0.0,0.0,0.0,0.0,0.0
<5,male,Single,0.0,0.54,3.66,3.67,5,5.0,2.32,2.3,5.0,1.65,1.64,1.65,1.27,,0.0,0.0,0.0,0.0,0.0,0.0,0.0
<5,female,Single,0.0,0.53,3.67,3.66,3,5.0,2.33,2.31,2.62,1.65,1.64,1.65,1.27,0.0,0.0,0.0,0.51,0.0,0.0,0.0,0.0
<5,male,Single,0.0,0.52,3.69,,3,5.0,2.98,2.31,2.33,1.65,1.64,1.64,1.27,0.0,0.0,0.0,0.51,0.0,0.0,0.0,0.0
<5,male,Single,0.0,0.52,3.68,3.66,3,2.96,2.98,1.7,2.62,1.65,1.64,1.65,1.27,0.0,0.0,0.0,0.51,0.0,0.0,0.0,0.0
<5,?,Single,0.0,0.53,3.69,3.66,3,2.95,3.0,1.7,2.62,1.65,1.64,1.65,1.27,0.0,0.0,0.0,0.52,0.0,0.0,0.0,0.0
<5,female,Single,0.0,0.52,5.0,3.66,3,2.95,2.99,1.7,2.62,1.65,1.64,1.65,1.27,0.0,0.0,0.0,0.53,0.0,0.0,0.0,0.0
<5,female,Single,0.0,5.0,3.7,3.66,3,2.94,2.99,1.7,2.62,1.65,1.64,1.65,1.27,0.0,0.0,0.0,0.51,0.0,0.0,0.0,0.0
<5,male,Single,0.0,0.51,5.0,3.67,3,2.95,2.98,1.7,2.62,1.65,1.64,1.65,1.27,0.0,,,0.52,0.0,0.0,0.0,0.0
<5,female,Single,0.0,5.0,5.0,3.66,3,2.94,3.0,1.7,2.31,1.65,1.64,1.64,1.27,0.0,0.0,0.0,0.58,0.0,0.0,0.0,0.0
<5,female,Single,,5.0,5.0,3.66,3,2.94,3.0,1.7,2.31,1.65,1.64,,1.27,0.0,0.0,0.0,0.5,0.0,0.0,0.0,0.0
5-10,male,Single,0.0,0.51,5.0,3.66,3,2.95,2.97,1.71,2.31,1.65,1.64,1.64,1.27,0.0,0.0,0.0,0.0,0.0,0.0,0.0,0.0
5-10,?,Single,0.0,0.51,0.52,3.66,3,2.94,2.63,1.71,2.31,1.66,1.64,1.64,1.67,0.52,0.0,0.0,0.55,0.0,0.0,0.0,0.0
5-10,male,Single,0.0,,0.52,3.66,3,2.94,2.96,1.71,2.31,1.66,1.64,1.64,1.66,0.53,0.0,0.0,0.0,0.0,0.0,0.0,0.0
5-10,female,Single,0.0,0.55,0.52,3.66,3,2.94,2.63,1.72,2.31,1.66,1.64,1.64,1.66,0.55,0.0,0.0,0.56,0.0,0.0,0.0,0.0
5-10,female,Single,0.0,0.51,5.0,3.67,3,2.94,2.63,1.71,2.31,1.66,1.64,1.64,1.66,0.55,0.0,0.0,0.5,0.0,0.0,0.0,0.0
5-10,male,Single,0.0,0.53,0.52,3.67,3,2.94,2.63,1.71,2.31,1.66,1.64,1.64,1.65,0.55,0.0,0.0,0.51,0.0,0.0,0.0,0.0
,female,Single,0.0,0.53,0.52,3.67,3,2.94,2.63,1.71,2.31,1.66,1.64,1.64,1.65,0.56,0.0,0.0,0.5,0.0,0.0,0.0,0.0
5-10,male,Single,0.0,0.53,0.52,3.67,3,2.94,2.63,1.71,2.31,1.66,1.64,1.64,1.65,0.54,0.0,0.0,0.0,0.0,0.0,0.0,0.0
5-10,female,Single,0.0,0.51,0.52,3.67,3,2.94,2.63,1.71,2.31,1.66,1.64,1.64,1.65,0.55,0.0,0.0,0.0,0.0,0.0,0.0,0.0
5-10,male,Single,0.0,0.51,0.53,3.67,3,2.94,2.96,1.71,2.31,1.66,1.64,1.63,1.65,0.54,0.0,0.0,0.54,0.0,0.0,0.0,0.0
5-10,male,Single,0.0,0.53,0.53,3.67,3,2.94,2.96,1.71,2.31,1.65,1.64,1.63,1.65,0.54,0.0,,0.53,0.0,0.0,0.0,0.0
5-10,female,Single,0.0,0.54,0.53,3.67,3,2.94,3.47,1.7,2.3,1.65,1.63,1.62,1.65,0.55,0.0,0.0,0.0,0.0,0.0,0.0,0.0
5-10,female,Single,0.0,0.54,0.54,3.68,3,2.94,3.05,1.7,2.3,1.65,1.62,1.62,1.64,0.53,0.0,0.0,0.54,0.0,0.0,0.0,0.0
5-10,male,Single,0.5,0.54,5.0,3.68,3,2.94,3.74,2.6,2.29,1.64,1.62,1.61,1.64,0.54,,0.0,0.0,0.0,0.0,0.0,0.51
5-10,male,Single,0.51,0.55,5.0,3.69,5,2.94,2.96,2.59,2.29,1.63,1.61,1.61,1.62,0.54,0.0,0.0,0.0,0.0,0.0,0.0,0.51
5-10,female,Single,0.52,0.55,5.0,3.7,3,2.94,2.99,1.68,2.28,1.63,1.6,1.6,1.61,0.55,0.0,0.0,0.0,0.0,0.0,0.0,0.53
<5,female,Single,0.53,0.56,5.0,3.7,5,2.94,2.6,1.67,2.27,1.63,1.6,1.59,1.6,0.55,0.0,0.0,0.0,0.5,0.0,0.5,0.53
5-10,female,Single,0.54,0.57,0.67,3.71,5,2.94,2.59,1.66,2.27,5,1.59,1.58,1.59,0.54,0.0,0.0,0.0,0.5,0.0,0.51,0.54
5-10,,Single,0.54,0.56,5.0,3.71,5,2.94,2.58,1.65,1.65,5,1.58,1.57,1.58,0.57,0.0,0.0,0.0,0.51,0.5,0.51,0.55
5-10,male,Single,0.55,0.57,5.0,3.72,5,2.94,2.58,1.65,1.64,5,1.57,1.56,1.57,0.59,0.0,0.0,0.0,0.52,0.51,0.52,0.57
5-10,female,Single,0.56,0.57,5.0,3.73,4,2.94,1.66,1.64,1.63,5,1.56,1.55,1.56,0.56,0.0,0.0,0.0,0.53,,0.53,0.57
<5,female,Single,0.57,0.58,5.0,3.73,4,2.94,2.96,1.63,1.63,5,1.55,1.54,1.55,0.58,0.0,0.0,0.0,0.54,0.53,0.53,0.58
<5,male,Single,0.58,0.59,5.0,,4,2.94,2.95,2.54,2.23,1.56,1.54,1.53,1.54,0.57,0.0,0.0,0.0,0.55,0.54,0.55,0.59
<5,male,Single,0.59,0.6,5.0,3.0,4,2.94,2.96,2.54,2.22,1.55,1.53,1.52,1.53,0.53,0.0,0.0,0.0,0.56,0.54,0.55,0.6
<5,female,Single,0.6,0.61,5.0,3.0,4,2.94,2.95,2.53,2.22,5,1.52,1.51,1.52,0.57,0.0,0.0,0.0,0.58,0.55,0.58,0.61
<5,male,Single,0.6,0.62,5.0,3.0,4,2.94,2.95,2.53,2.21,1.53,1.51,1.5,1.51,0.56,0.0,0.0,0.0,0.6,0.56,0.58,0.62
<5,male,Single,0.61,0.63,5.0,3.0,4,2.94,2.95,2.52,2.2,1.52,1.5,1.5,1.5,0.58,0.0,0.0,0.0,0.61,0.57,0.58,0.63
<5,female,Single,0.62,0.63,5.0,3.77,4,2.94,2.96,2.52,1.57,1.52,1.49,1.49,1.49,0.58,0.0,0.0,0.0,0.51,0.57,0.59,0.64
5-10,female,Single,0.62,0.64,5.0,3.78,4,2.94,3.67,2.51,1.56,1.51,1.48,1.48,1.48,0.58,0.0,0.0,0.0,5.0,0.58,0.59,0.65
<5,male,Single,0.63,0.65,5.0,3.79,4,2.94,5.0,2.5,1.55,1.5,1.48,1.47,1.47,0.58,0.0,0.0,0.0,,0.59,0.59,0.66
5-10,male,Single,0.63,0.67,5.0,3.83,4,2.94,5.0,2.5,2.18,1.49,1.47,1.46,1.46,0.6,0.0,0.0,0.0,0.5,0.6,0.6,0.66
5-10,female,Single,0.64,0.67,5.0,5.0,4,2.94,5.0,2.9,2.17,1.48,1.46,1.45,1.45,0.59,0.0,0.0,0.0,0.5,0.62,0.61,0.67
5-10,male,Single,0.67,0.68,5.0,5.0,4,2.94,5.0,2.9,2.16,1.48,1.45,1.44,1.44,0.63,0.0,0.0,0.0,0.5,0.75,0.61,0.64
5-10,female,Single,0.69,,0.72,,4,2.94,5.0,2.89,2.16,5,1.44,1.43,1.43,0.63,0.0,0.0,0.0,0.5,0.63,,0.64
<5,female,Single,0.7,0.7,5.0,5.0,4,2.94,5.0,2.89,2.15,1.46,1.43,1.42,1.42,0.64,0.0,0.0,0.0,0.65,0.77,0.63,0.65
<5,male,Single,0.71,0.72,2.55,5.0,4,2.94,2.96,2.88,2.14,5,1.42,1.41,1.41,0.63,0.0,0.0,0.0,0.5,5.0,0.58,0.65
<5,female,Single,0.72,0.73,5.0,5.0,4,2.94,2.9,2.88,2.14,5,1.41,1.4,1.4,0.63,0.0,0.0,0.0,0.5,5.0,0.58,0.65
<5,female,Single,0.73,0.73,5.0,5.0,4,5.0,2.95,2.87,2.13,5,1.41,1.39,1.39,0.64,0.5,0.0,0.0,5.0,0.66,0.65,0.66
<5,female,Single,0.74,0.74,0.79,5.0,4,2.94,2.94,2.86,2.12,2.13,1.4,,1.38,0.66,0.5,0.0,0.0,0.69,0.67,0.66,0.67
<5,female,Single,0.74,0.75,5.0,5.0,4,2.94,2.93,2.86,2.12,2.12,1.39,1.37,1.37,0.66,0.5,0.0,0.0,0.7,0.68,0.67,0.68
<5,male,Single,0.76,0.75,5.0,5.0,4,2.94,2.93,2.85,2.11,2.1,1.38,1.37,1.36,0.67,0.51,0.0,0.0,0.51,0.69,0.67,0.69
<5,female,Single,0.72,0.77,0.81,5.0,4,2.94,2.93,2.85,2.42,2.1,1.37,1.36,1.35,0.54,0.54,,0.0,0.51,0.7,0.68,0.69
<5,male,Single,0.72,0.76,5.0,5.0,4,2.94,2.93,2.84,2.41,2.09,1.37,1.35,1.34,0.54,0.51,0.5,0.0,0.52,0.71,0.69,0.7
<5,male,Single,0.73,0.76,0.81,5.0,4,2.94,2.93,2.84,2.42,2.08,1.39,1.37,1.33,0.54,0.6,0.5,0.0,0.51,0.71,0.7,0.71
<5,male,Single,0.74,0.78,0.85,0.83,4,2.93,2.92,2.83,2.41,2.07,1.46,1.37,1.32,0.55,0.58,0.5,0.0,0.51,0.72,0.71,0.72
<5,male,Single,0.83,0.78,0.82,0.85,4,2.93,2.92,2.82,2.83,2.06,1.46,1.35,1.31,0.55,0.58,0.53,0.5,0.75,0.73,0.72,0.73
<5,?,Single,0.76,0.82,0.83,5.0,4,2.94,2.91,2.82,2.41,2.05,1.46,1.34,1.3,1.36,0.58,0.52,0.5,0.52,0.75,0.73,0.74
<5,male,Single,0.77,0.83,0.84,0.86,4,5.0,2.91,2.81,2.81,2.04,1.44,1.29,1.29,1.34,0.58,0.52,0.51,0.53,0.76,0.74,0.77
<5,male,Single,0.85,0.84,0.85,0.88,4,5.0,2.91,2.8,2.8,2.03,1.42,1.28,1.27,0.58,0.58,0.53,0.51,0.53,0.78,0.76,0.8
<5,?,Single,0.8,0.86,0.87,0.9,4,2.92,2.9,2.79,2.79,2.01,1.42,1.3,1.26,0.57,0.59,0.53,0.52,0.53,5.0,0.77,0.88
<5,female,Single,0.82,0.87,0.89,5.0,4,5.0,2.9,2.78,2.77,2,1.39,1.26,1.24,0.57,0.6,0.53,0.52,,5.0,0.79,0.9
<5,male,Single,0.83,0.89,0.9,4.64,4,2.91,2.89,2.77,2.76,1.98,1.38,1.27,1.22,0.58,0.62,0.54,0.53,0.54,5.0,0.81,0.93
<5,female,Single,0.85,0.91,0.91,4.64,4,2.91,2.88,2.75,2.75,1.97,1.36,1.22,1.21,1.27,0.56,0.54,0.53,0.55,5.0,0.61,0.85
<5,female,Single,0.87,0.92,0.94,4.64,4,2.9,2.88,2.74,2.74,1.95,1.34,1.2,1.19,1.44,0.56,0.54,0.54,0.55,0.86,0.62,0.86
<5,male,Single,0.9,0.94,0.95,4.64,4,2.89,2.87,2.73,2.72,1.93,1.32,1.18,1.17,1.39,,0.55,0.54,0.55,5.0,0.86,0.89
<5,female,Single,0.92,0.96,0.97,4.64,4,2.88,2.86,2.71,2.71,1.91,1.3,1.17,1.15,1.36,0.57,0.56,0.55,0.56,5.0,0.88,0.91
<5,?,Single,0.94,0.98,0.99,4.64,4,2.88,2.86,2.7,2.69,1.9,1.28,1.15,1.13,0.9,0.58,0.56,0.55,0.57,5.0,0.9,0.96
<5,male,Single,0.96,1.0,1.02,4.64,4,2.88,2.85,2.69,2.68,1.88,1.32,1.13,1.11,,0.59,0.57,0.56,0.57,5.0,0.92,0.93
<5,female,Single,0.98,1.02,1.03,4.64,4,2.87,2.84,2.67,2.67,1.86,1.13,1.11,1.09,0.88,0.6,0.58,0.57,0.58,5.0,0.94,0.95
<5,,Single,1.0,1.04,1.05,4.65,4,2.85,2.84,2.66,2.65,1.84,1.11,1.09,1.08,0.88,0.6,0.58,0.57,0.58,5.0,0.96,0.96
<5,male,Single,1.02,1.06,1.07,4.65,4,2.85,2.83,2.64,2.64,1.83,1.21,1.07,1.06,0.87,0.61,0.59,0.58,0.59,5.0,0.98,0.98
<5,male,Single,1.03,1.07,1.08,4.65,4,2.85,2.82,2.63,2.63,1.81,1.31,1.05,1.04,1.26,0.62,0.6,0.59,0.6,5.0,0.99,1.0
<5,,Single,1.06,1.09,1.1,5.0,4,2.84,2.81,2.61,2.63,1.79,1.28,1.03,1.02,1.25,1.3,0.6,,0.6,5.0,1.01,1.02
<5,female,Single,1.12,1.11,1.12,5.0,4,2.84,2.81,2.6,2.61,1.77,1.27,1.01,1.0,1.24,,0.61,0.6,0.61,5.0,1.03,1.04
<5,male,Single,1.13,1.13,1.14,5.0,4,2.83,2.8,2.59,2.61,1.56,1.25,0.99,0.98,1.23,1.25,0.62,0.61,0.62,0.73,1.05,1.05
<5,male,Single,1.15,1.15,2.14,5.0,4,2.82,2.79,2.57,2.6,1.74,4.92,0.98,0.97,0.68,1.24,0.62,0.61,0.62,0.75,,1.07
<5,male,Single,1.17,1.16,1.18,4.66,4,5.0,2.79,2.56,2.09,1.72,1.1,0.96,0.95,1.21,0.65,0.63,0.62,0.63,5.0,1.09,1.09
<5,female,Single,1.19,1.18,2.32,4.66,4,5.0,2.78,2.55,2.07,1.71,0.97,0.94,0.93,1.2,0.84,0.64,0.63,0.64,5.0,1.11,1.11
<5,female,Single,1.2,1.2,2.34,4.67,4,5.0,2.77,2.54,2.05,1.69,0.95,0.93,0.91,1.19,0.67,0.64,0.63,0.64,0.8,1.12,1.12
<5,female,Single,1.22,1.21,1.24,4.67,4,5.0,2.76,2.52,2.04,1.68,0.93,0.91,0.9,1.18,0.67,0.65,0.64,0.65,5.0,1.14,1.14
<5,male,Single,1.24,1.23,1.24,4.66,4,2.78,2.76,2.51,1.67,1.66,0.92,0.89,0.88,0.94,0.67,0.66,0.65,0.66,5.0,1.16,1.16
<5,male,Single,1.21,1.25,1.27,4.67,4,2.78,2.75,2.5,1.65,1.64,0.9,0.88,0.86,1.17,0.83,0.66,0.65,0.66,5.0,1.18,1.17
<5,male,Single,1.23,1.26,1.28,4.67,4,2.77,2.74,2.49,1.63,1.63,0.88,0.86,0.85,0.91,0.82,0.67,0.66,0.67,0.83,1.2,1.19
<5,male,Single,1.28,1.28,1.29,4.67,4,2.77,2.74,2.48,1.62,1.61,0.86,0.84,0.83,0.89,0.82,0.67,0.66,0.68,0.81,1.22,1.21
<5,?,Single,1.26,1.3,2.21,4.68,4,5.0,2.73,2.46,1.6,1.6,0.85,0.83,0.82,0.87,0.69,0.67,0.66,0.68,0.82,1.23,1.23
<5,female,Single,1.26,1.31,2.39,4.68,4,5.0,2.73,2.45,1.59,1.59,0.84,0.81,0.8,0.86,0.7,0.67,0.67,0.69,5.0,1.25,1.24
<5,female,Single,1.26,1.31,1.32,4.68,4,5.0,2.73,2.45,1.58,1.58,0.83,0.8,0.79,0.85,0.7,0.68,0.67,0.69,5.0,5.0,1.25
<5,male,Single,1.26,1.3,1.31,5.0,5,5.0,2.73,2.45,1.97,1.58,0.83,0.8,0.79,1.13,0.71,0.68,0.67,0.69,0.84,5.0,1.25
<5,male,Single,1.25,1.28,1.3,1.34,4,5.0,2.73,2.47,2.45,1.58,0.83,0.81,0.8,1.13,1.13,0.68,0.67,0.7,0.79,5.0,1.24
<5,male,Single,1.25,1.27,1.3,1.34,4,5.0,2.73,2.49,2.46,1.58,0.84,0.81,0.8,1.13,0.88,0.68,0.67,0.7,0.78,5.0,1.24
<5,female,Single,1.25,1.27,1.3,1.34,5,5.0,2.73,,1.97,1.58,0.84,0.81,0.8,1.13,1.13,0.68,0.67,0.69,0.79,5.0,1.24
<5,female,Single,1.25,1.27,1.3,1.34,5,5.0,2.73,2.48,1.98,1.58,0.84,0.82,0.8,1.13,1.13,0.68,0.67,0.7,0.79,5.0,1.24
<5,female,Single,1.25,1.27,1.3,1.33,5,5.0,2.73,2.48,2.45,1.58,0.84,0.82,0.8,1.13,0.88,0.69,0.66,0.69,0.77,5.0,1.24
<5,male,Single,1.25,1.27,1.32,1.33,5,5.0,2.73,2.46,1.98,1.58,0.87,0.85,0.8,1.13,1.13,0.69,0.66,0.7,0.77,5.0,1.24
<5,male,Single,1.25,1.27,1.32,1.34,5,5.0,2.73,2.47,2.45,1.58,1.08,0.82,0.8,1.13,1.13,,0.66,0.7,0.78,5.0,1.24
<5,male,Single,1.25,1.27,1.32,,5,5.0,2.74,2.46,2.46,1.58,4.89,0.85,0.8,1.03,1.13,1.45,0.66,0.7,0.78,4.77,1.24
<5,male,Single,1.25,1.27,1.32,1.33,4,5.0,2.74,2.47,2.46,1.58,1.09,0.85,0.8,1.04,1.13,1.15,0.66,0.71,0.78,4.77,1.24
<5,female,Single,1.33,1.27,1.32,1.33,5,5.0,2.74,3.4,1.6,1.58,1.6,0.86,0.8,1.03,0.87,1.15,0.67,,0.7,0.72,0.75
<5,female,Single,0.77,5.0,1.32,1.33,1,5.0,2.75,2.76,1.6,1.58,1.61,0.85,0.81,0.85,1.12,0.8,0.67,0.67,0.69,0.72,0.74
<5,male,Single,0.76,1.34,1.32,1.33,1,5.0,2.83,3.42,2.46,1.59,5.0,0.92,0.9,0.83,1.12,0.68,0.76,0.67,0.68,0.71,0.74
<5,female,Single,0.76,1.33,1.32,1.33,1,5.0,2.83,2.29,2.46,1.59,5.0,0.93,0.82,0.83,1.12,0.68,0.67,,0.68,0.88,0.73
<5,male,Single,1.25,1.33,1.32,1.33,5,5.0,2.83,2.75,2.46,1.59,5.0,0.93,0.8,0.82,1.12,0.68,0.66,0.65,0.68,0.83,0.73
<5,,Single,0.75,1.28,1.32,1.33,5,5.0,2.83,2.75,2.46,1.59,1.6,0.83,0.8,0.82,1.11,0.69,0.66,0.65,0.67,0.81,5.0
<5,male,Single,1.24,1.28,1.32,1.33,5,5.0,2.85,2.75,2.47,1.59,1.59,4.9,0.8,0.82,0.72,0.69,0.66,0.65,0.68,0.7,0.72
<5,male,Single,1.24,1.35,1.32,1.36,5,4.79,2.76,2.75,2.47,1.99,1.59,5.0,0.8,0.81,0.72,0.69,0.66,0.65,5.0,0.69,5.0
<5,male,Single,1.24,1.25,1.33,1.37,1,4.77,5.0,,2.9,2.47,1.59,5.0,0.8,0.82,0.73,0.7,0.67,0.65,0.7,0.77,4.78
<5,female,Single,1.24,5.0,1.33,1.33,1,4.77,5.0,2.76,2.3,2.35,0.88,1.61,0.81,0.81,0.85,1.11,0.72,0.64,0.66,0.74,4.77
<5,?,Single,0.74,5.0,1.33,1.33,1,4.1,5.0,2.76,2.76,2.47,1.58,5.0,5.0,0.82,0.83,0.87,1.13,0.65,0.65,0.68,4.77
<5,female,Married,0.73,5.0,1.34,1.33,1,4.11,5.0,5.0,2.3,1.61,1.59,5.0,5.0,0.8,0.82,,0.78,0.65,0.65,0.67,0.88
<5,female,Married,5.0,5.0,5.0,1.33,1,4.15,5.0,2.85,2.76,1.61,1.59,5.0,5.0,0.79,0.81,1.1,0.67,0.65,0.64,0.67,0.89
<5,male,Single,0.73,1.25,1.34,1.33,1,4.12,5.0,5.0,2.76,1.61,1.59,0.84,4.9,0.78,0.81,1.1,1.83,0.65,0.64,0.66,0.69
<5,male,Married,1.39,1.25,1.35,1.33,1,4.12,5.0,2.86,2.76,2.47,1.59,1.6,4.9,0.79,0.81,1.1,1.14,0.64,0.64,0.66,0.68
<5,male,Married,0.7,1.25,1.35,1.34,1,4.14,5.0,5.0,2.76,2.48,1.6,1.6,5.0,0.79,0.8,1.1,1.11,0.64,0.63,0.65,0.68
<5,male,Single,0.7,0.75,5.0,1.28,1,4.91,4.79,5.0,2.77,2.48,1.6,1.59,5.0,0.79,0.85,1.09,1.1,0.65,0.63,0.65,0.67
<5,female,Single,0.69,0.73,5.0,1.34,1,5.0,1.42,5.0,2.77,2.59,1.6,1.49,1.61,0.78,0.8,1.09,1.09,0.65,0.64,0.65,0.76
<5,male,Single,0.69,0.73,5.0,,1,4.91,1.42,5.0,5.0,3.39,2.0,1.49,1.6,0.77,0.79,1.09,0.85,0.68,0.64,0.64,0.72
<5,male,Married,0.68,0.73,5.0,1.38,1,4.91,1.41,5.0,5.0,3.39,2.48,1.58,1.6,0.77,0.78,0.81,0.84,0.65,0.64,0.64,0.67
<5,male,Married,0.68,5.0,5.0,5.0,1,5.0,1.41,5.0,2.87,2.31,1.6,1.59,1.6,0.76,0.78,0.8,0.83,0.65,0.74,0.63,0.67
>10,female,Married,0.78,5.0,1.29,1.36,1,4.72,1.41,5.0,2.87,2.78,1.61,1.59,5.0,0.76,0.77,0.8,0.82,0.65,0.64,0.63,0.66
>10,male,Married,0.68,0.71,1.26,1.36,1,4.74,1.4,5.0,2.87,2.79,1.61,1.59,5.0,0.76,0.77,0.79,1.08,0.66,0.64,0.63,0.65
>10,male,Married,0.67,0.7,1.25,1.28,1,4.73,1.41,5.0,5.0,2.77,2.48,1.59,1.6,0.76,0.77,0.79,1.08,0.65,0.64,0.63,0.64
>10,male,Married,0.75,0.7,1.25,1.36,1,4.73,1.4,5.0,5.0,2.77,2.48,1.59,1.59,,0.77,0.86,0.81,0.65,0.64,,0.64
>10,male,Married,0.73,0.69,1.26,1.36,1,4.73,1.4,5.0,5.0,2.77,2.48,1.59,1.59,0.75,0.76,,0.81,0.66,0.64,0.63,0.63
>10,?,Married,0.73,0.7,1.26,1.37,1,4.73,1.41,5.0,5.0,2.77,2.48,1.59,1.59,0.75,0.76,0.85,0.81,0.66,0.64,0.63,0.64
>10,female,Married,0.76,0.7,1.26,1.36,1,4.73,1.41,5.0,5.0,2.77,2.48,1.59,1.59,0.76,0.76,0.86,0.81,0.66,0.64,0.63,0.64
>10,female,Married,0.76,0.7,1.26,1.36,1,5.0,1.41,5.0,5.0,2.77,2.47,1.59,1.59,0.75,0.76,0.86,0.81,0.66,0.64,0.63,0.64
>10,female,Married,0.77,0.71,1.27,1.36,1,5.0,1.42,,5.0,2.76,2.46,1.59,1.59,0.75,0.76,1.11,1.08,0.66,0.65,0.63,0.65
>10,male,Married,0.77,0.71,1.27,1.37,1,5.0,1.41,5.0,5.0,2.76,2.46,1.58,1.58,0.75,0.76,,0.8,0.67,0.65,0.64,0.65
>10,?,Married,0.78,0.72,1.27,1.29,1,5.0,1.41,5.0,5.0,2.75,2.45,1.57,1.57,0.75,0.75,0.85,0.8,0.68,0.66,0.65,0.66
>10,male,Married,0.81,0.74,1.28,1.3,1,5.0,1.41,5.0,5.0,2.74,2.44,1.56,1.56,0.74,0.75,0.85,0.8,0.69,0.68,0.66,0.67
<5,male,Married,0.81,5.0,1.3,1.31,1,5.0,1.43,5.0,2.83,2.72,2.42,1.54,1.54,0.74,0.75,0.77,0.79,0.71,0.69,0.68,0.68
>10,?,Married,0.83,5.0,1.31,1.32,1,5.0,1.43,5.0,5.0,2.71,2.41,1.53,1.53,0.73,0.74,0.84,0.78,0.72,0.71,0.69,0.7
>10,female,Married,0.85,5.0,1.32,1.33,1,5.0,4.09,5.0,5.0,2.69,2.39,1.51,1.51,0.73,0.73,0.83,1.11,0.74,0.72,0.71,0.72
>10,female,Married,,5.0,1.34,1.35,1,5.0,4.08,5.0,5.0,2.68,2.37,1.5,1.49,0.72,0.73,0.85,1.05,0.76,0.74,0.72,0.73
>10,,Married,0.77,5.0,1.35,1.36,1,5.0,4.07,5.0,5.0,2.66,2.35,1.48,1.47,,0.72,0.75,1.13,0.78,0.75,0.74,0.78
>10,?,Married,0.79,1.47,1.37,1.38,1,5.0,4.07,5.0,5.0,2.65,2.34,1.46,1.45,0.71,0.72,0.85,1.13,0.79,0.77,0.76,0.8
>10,female,Married,0.8,5.0,1.38,1.4,1,5.0,4.06,5.0,5.0,2.63,2.32,1.83,1.44,0.7,0.71,0.86,0.75,0.81,,0.78,0.79
>10,?,Married,0.82,5.0,1.4,1.41,1,5.0,4.05,5.0,5.0,2.61,2.3,1.81,1.42,0.69,0.7,0.87,0.75,0.83,0.81,0.8,0.8
>10,male,Married,0.84,1.49,1.42,1.43,1,5.0,4.04,5.0,5.0,2.59,2.28,1.79,1.4,0.69,0.69,0.72,0.9,0.86,0.83,0.81,0.83
>10,male,Married,0.86,5.0,1.43,1.44,1,5.0,4.04,5.0,5.0,2.57,2.26,1.77,1.38,0.68,0.69,0.78,0.73,0.88,0.85,0.83,0.85
>10,male,Married,1.02,5.0,1.45,1.47,1,5.0,4.03,5.0,5.0,2.55,2.24,1.72,1.36,0.67,,0.71,0.88,0.89,0.87,0.85,0.86
>10,female,Single,1.04,5.0,1.47,1.48,1,5.0,4.02,5.0,5.0,2.53,2.21,1.7,1.34,0.67,0.67,0.71,,,0.89,0.87,0.89
>10,male,Single,1.12,5.0,1.49,1.5,1,5.0,4.01,5.0,5.0,2.51,2.19,1.68,1.32,0.66,0.67,0.78,0.71,0.93,0.91,0.9,0.94
<5,,Single,1.09,5.0,1.51,1.52,1,5.0,4.01,5.0,5.0,2.49,2.16,1.65,1.3,0.65,0.66,0.78,0.89,0.95,0.94,0.92,0.95
>10,female,Single,1.8,5.0,1.52,1.54,1,5.0,4.0,5.0,5.0,2.48,2.14,1.63,1.28,0.64,0.65,0.67,0.9,0.97,0.96,0.94,0.95
>10,female,Single,1.01,5.0,1.54,1.56,2,5.0,3.99,5.0,5.0,2.47,2.12,1.62,1.26,0.64,0.65,1.82,0.91,0.99,0.98,0.96,0.98
>10,male,Single,1.58,1.57,1.56,1.57,2,5.0,3.99,5.0,5.0,5,2.09,1.59,1.23,0.63,0.64,0.66,0.69,1.01,1.0,0.98,0.99
>10,female,Single,1.6,1.59,1.58,1.59,2,5.0,3.98,5.0,5.0,1.94,2.07,1.58,1.21,0.62,0.63,0.65,0.92,1.04,1.01,1.0,1.03
>10,male,Single,1.27,1.6,1.6,1.61,2,5.0,3.97,5.0,5.0,1.92,2.05,1.55,1.19,,0.62,5.0,0.93,1.28,1.03,1.02,1.06
>10,female,Single,1.27,1.62,1.61,1.63,2,5.0,3.97,5.0,5.0,1.94,2.03,1.54,1.17,0.61,0.61,0.73,0.66,1.29,1.06,1.03,1.05
>10,male,Single,1.27,1.63,1.63,1.65,2,5.0,3.96,5.0,5.0,1.88,1.82,1.52,1.16,0.6,0.61,0.63,0.65,1.3,1.07,1.05,1.07
>10,female,Single,1.28,1.65,1.65,1.66,2,5.0,3.96,5.0,5.0,1.86,1.99,1.5,1.14,,0.6,5.0,0.65,1.11,1.09,1.07,1.14
>10,female,Single,1.3,1.66,1.66,1.68,3,5.0,3.95,5.0,5.0,1.84,1.98,1.48,1.12,0.59,,0.62,0.96,1.12,1.11,1.09,1.11
>10,male,Single,1.32,1.68,1.68,1.69,3,5.0,5.0,5.0,5.0,1.82,1.96,1.46,1.11,0.58,0.59,0.73,0.63,1.15,1.12,1.1,1.14
>10,male,Single,1.7,1.69,1.69,1.7,2,5.0,5.0,5.0,5.0,1.81,1.94,1.45,1.09,0.58,0.58,0.61,0.63,1.16,1.14,1.12,1.14
>10,female,Single,1.42,1.7,1.7,1.72,2,5.0,5.0,5.0,5.0,1.79,1.82,1.43,1.07,0.57,0.58,0.69,0.62,1.17,1.15,1.14,1.22
>10,female,Single,1.2,1.72,1.72,1.73,3,5.0,5.0,5.0,5.0,1.77,1.8,1.41,1.06,0.56,0.57,0.6,0.62,1.19,1.17,1.15,1.17
,male,Single,1.45,1.74,1.73,1.76,2,5.0,5.0,,5.0,1.76,1.78,1.4,1.04,0.56,0.56,0.6,0.61,1.21,1.39,1.17,1.18
>10,female,Single,1.28,1.75,1.75,1.77,3,5.0,3.95,5.0,5.0,1.74,1.86,1.38,1.03,0.55,0.56,0.66,0.61,1.29,1.21,1.18,1.2
>10,male,Single,1.28,1.76,1.76,1.78,3,5.0,4.0,5.0,5.0,1.73,1.75,1.02,1.01,0.54,0.56,0.58,0.6,1.04,1.41,1.2,1.22
>10,male,Single,1.41,1.27,1.78,5.0,2,4.6,3.94,5.0,5.0,1.71,1.77,1.0,0.99,0.54,0.55,0.57,0.6,1.04,1.24,1.22,1.25
<5,male,Single,1.41,1.8,1.8,1.67,2,4.59,3.98,5.0,5.0,1.69,1.72,0.99,0.97,0.53,0.54,0.64,0.59,1.05,1.26,,1.28
<5,female,Single,1.43,1.81,1.81,1.68,3,4.58,3.92,5.0,5.0,1.67,1.59,0.97,0.95,0.53,0.54,0.63,0.58,1.05,1.27,1.26,1.27
<5,male,Single,1.46,1.83,1.83,1.69,3,4.57,3.92,5.0,5.0,1.65,1.57,0.95,0.93,0.52,0.53,0.66,0.58,1.06,1.29,1.27,1.29
<5,female,Single,1.48,1.85,1.85,1.7,3,4.56,3.97,5.0,1.69,1.64,1.56,0.94,0.92,0.51,0.52,0.62,0.57,1.07,1.31,1.29,1.31
<5,male,Single,1.5,1.86,1.86,1.71,3,4.55,5.0,5.0,1.67,1.62,1.66,0.92,0.9,0.51,0.52,,5.0,1.08,,1.31,1.33
<5,male,Single,1.42,1.88,1.88,5.0,3,3.97,3.89,5.0,1.65,1.6,1.64,0.9,0.88,,,0.61,5.0,1.09,1.34,1.33,1.36
<5,male,Single,1.54,1.89,1.89,5.0,3,3.96,3.89,5.0,1.64,1.59,1.63,0.89,0.87,0.0,0.5,0.53,0.54,,1.36,1.34,1.37
<5,male,Single,1.4,1.9,1.9,5.0,3,3.96,3.89,5.0,1.63,1.58,1.62,1.57,0.86,0.0,0.5,0.57,0.54,1.1,1.37,1.35,1.35
>10,male,Single,1.37,1.91,1.9,1.92,3,3.96,3.96,5.0,5.0,1.58,1.63,1.56,0.86,0.0,0.0,0.57,0.53,1.09,1.51,1.35,1.35
>10,male,Single,1.36,5.0,1.9,1.91,2,5.0,3.97,5.0,5.0,1.59,1.65,,0.86,0.0,0.0,0.51,0.53,1.09,1.37,1.35,1.35
>10,female,Single,1.36,5.0,1.9,1.91,3,5.0,3.97,5.0,5.0,1.59,1.65,1.5,0.87,0.0,0.0,0.51,0.54,,1.37,1.35,1.35
>10,male,Single,1.37,5.0,1.9,1.91,3,5.0,3.9,5.0,5.0,1.59,1.64,1.62,0.87,0.0,0.0,0.51,0.53,1.06,1.38,1.35,1.35
>10,female,Single,1.36,1.42,1.9,1.91,2,4.54,5.0,5.0,5.0,1.59,1.64,,0.87,0.0,0.0,0.51,0.53,1.06,1.38,1.35,1.35
>10,female,Single,1.36,5.0,1.9,1.91,3,5.0,4.55,5.0,5.0,1.59,1.63,1.6,0.87,0.0,0.0,,0.58,1.06,1.37,1.35,1.35
>10,male,Single,1.36,5.0,1.9,1.91,3,5.0,4.54,5.0,5.0,1.59,1.65,1.59,0.87,0.0,0.0,,0.69,1.06,1.37,1.35,1.35
>10,female,Single,1.36,1.64,1.9,1.91,3,5.0,4.54,5.0,5.0,1.59,1.63,1.51,0.87,0.0,0.0,0.5,0.57,1.06,1.51,1.35,1.35
<5,female,Single,1.36,1.38,1.42,1.91,3,5.0,3.89,5.0,5.0,1.62,1.62,1.5,0.87,0.0,0.0,0.5,0.68,0.57,1.51,1.35,1.34
<5,male,Single,1.36,1.39,1.41,1.91,3,5.0,3.89,5.0,5.0,1.62,1.62,1.5,0.87,0.0,0.0,0.0,0.54,1.06,1.38,1.35,1.34
<5,?,Single,1.36,1.38,1.41,1.91,3,5.0,3.89,5.0,5.0,1.62,1.62,1.5,0.87,0.0,0.0,0.0,0.53,1.05,1.38,1.35,1.34
<5,female,Single,1.35,1.38,1.41,1.91,3,5.0,3.89,5.0,5.0,1.62,1.62,1.5,0.87,0.0,0.0,0.0,0.54,1.06,1.11,1.35,1.34
<5,male,Single,1.35,1.38,1.41,1.91,3,5.0,3.89,,5.0,1.62,1.62,1.49,1.59,0.0,0.0,0.0,0.53,1.06,1.11,1.35,1.34
<5,female,Single,1.35,1.38,1.9,1.91,3,5.0,3.89,5.0,5.0,1.62,1.62,1.49,1.59,0.0,0.0,0.0,0.62,1.06,1.1,1.35,1.34
<5,female,Single,1.35,1.37,1.42,1.95,3,5.0,3.89,5.0,5.0,1.63,1.62,1.49,1.21,0.0,0.0,0.0,0.61,0.88,1.11,1.35,1.34
<5,male,Single,1.35,1.38,1.9,5.0,5,5.0,3.89,5.0,5.0,1.64,1.62,1.49,1.21,0.0,0.0,0.0,0.52,0.88,1.1,1.35,1.34
<5,female,Single,1.35,1.38,1.9,5.0,2,5.0,3.95,5.0,5.0,5,1.59,1.49,1.21,0.0,0.0,0.0,0.51,0.88,1.09,1.35,1.34
<5,male,Single,1.35,1.56,1.91,,2,3.22,4.53,5.0,5.0,5,1.59,1.51,1.21,0.0,0.0,0.0,0.5,0.53,1.09,1.36,1.34
<5,male,Married,1.38,1.55,1.91,1.91,3,3.22,4.53,5.0,5.0,1.64,1.59,1.59,1.65,0.0,0.0,0.0,0.56,0.52,1.08,1.36,1.34
<5,female,Single,1.35,1.43,1.91,1.91,5,3.22,3.91,5.0,5.0,1.64,1.59,1.64,1.64,,0.0,0.0,0.53,0.52,1.08,1.36,1.34
<5,female,Single,1.34,1.42,1.93,1.91,2,3.22,3.25,5.0,5.0,1.64,1.59,1.64,1.74,0.0,0.0,0.0,0.52,0.51,1.05,1.36,1.35
<5,male,Married,1.34,1.36,1.93,1.42,2,3.22,4.57,5.0,5.0,5,1.59,1.63,1.72,0.51,0.0,0.0,0.0,0.51,1.04,1.36,1.35
<5,female,Single,1.34,1.35,5.0,1.41,2,3.22,3.99,5.0,5.0,5,1.6,1.63,1.58,0.54,0.0,0.0,0.0,0.66,1.09,,1.35
<5,male,Married,1.34,1.35,1.38,1.41,2,3.23,3.24,5.0,5.0,5,1.6,1.63,1.58,0.55,0.0,0.0,0.0,0.66,1.09,1.09,1.37
<5,male,Married,1.34,1.35,1.63,1.91,2,3.23,3.24,5.0,5.0,5,1.61,1.61,1.58,0.57,0.0,0.0,0.0,0.59,5.0,1.09,1.36
5-10,male,Married,1.34,1.36,1.58,1.92,2,3.23,5.0,3.92,5.0,5,1.63,1.61,1.49,0.58,0.0,0.0,0.0,0.57,5.0,,1.35
<5,male,Married,1.34,1.35,1.57,1.92,5,3.23,5.0,4.01,3.92,5,1.63,1.59,1.58,0.58,0.0,0.0,0.0,0.0,0.51,1.07,1.35
<5,female,Married,1.34,1.35,1.57,1.92,2,3.23,4.36,4.0,5.0,5,1.63,1.59,1.58,0.58,0.0,0.0,0.0,0.0,0.51,1.04,1.35
<5,male,Single,1.34,1.35,1.55,1.92,2,2.14,3.26,3.92,3.92,5,1.63,1.59,1.58,0.62,0.0,0.0,0.0,0.54,0.5,,1.36
<5,male,Married,1.34,1.35,1.55,1.93,2,2.13,4.35,3.92,3.92,5,1.63,1.59,1.63,0.59,0.0,0.0,0.0,0.0,0.0,1.03,1.36
<5,female,Married,1.34,1.35,1.55,1.93,2,3.24,4.35,3.92,3.92,5,1.63,1.59,1.63,0.59,0.0,0.0,0.0,0.0,0.5,1.03,1.36
<5,male,Married,1.34,1.35,1.55,1.92,2,2.09,4.35,3.92,3.92,5,1.63,1.59,1.63,0.59,0.0,0.0,0.0,0.0,0.5,1.04,1.36
<5,male,Married,1.34,1.35,1.56,1.93,2,2.1,4.35,3.92,3.92,5,1.63,1.59,1.63,0.62,0.0,0.0,0.0,0.55,0.5,1.04,1.36
<5,male,Single,1.34,1.35,1.57,1.93,2,2.1,4.35,3.92,3.92,5,1.63,,1.62,0.61,0.0,0.0,0.0,0.0,0.5,1.04,1.37
<5,male,Single,1.35,1.36,1.56,1.93,2,2.03,4.34,3.92,3.91,5,1.62,1.58,1.62,0.62,0.0,0.0,0.0,0.0,0.51,1.04,1.37
<5,female,Single,1.36,1.36,1.58,1.94,2,1.9,3.25,3.91,3.91,5,1.62,1.57,1.61,,0.0,0.0,0.0,0.0,0.51,0.55,1.5
5-10,male,Married,1.36,1.37,1.57,1.94,2,1.82,3.25,3.91,3.9,5,1.61,1.57,1.61,0.64,0.0,0.0,0.0,0.0,0.51,0.55,1.38
<5,female,Married,1.37,1.38,1.41,1.94,2,1.78,3.24,3.9,3.9,5,1.6,1.56,1.6,0.5,0.0,0.0,0.0,0.0,1.46,1.01,1.39
5-10,,Married,1.38,1.38,1.41,1.95,2,3.23,3.24,3.89,3.89,5,1.6,1.55,1.59,0.51,0.0,0.0,0.0,0.0,5.0,1.01,1.4
<5,male,Married,1.39,1.39,1.42,2.55,2,3.23,3.24,3.89,3.88,5,1.59,1.54,1.58,0.51,0.0,0.0,0.0,0.0,5.0,1.02,1.42
5-10,female,Single,1.4,1.4,1.42,5.0,2,1.81,3.23,4.52,3.88,5,1.58,1.54,1.57,0.51,0.0,0.0,0.0,0.0,5.0,0.92,1.42
5-10,female,Single,1.41,1.41,1.43,1.46,2,1.8,3.23,4.51,3.87,5,1.57,,1.56,0.51,0.0,0.0,,0.0,,0.92,1.44
5-10,?,Married,1.42,1.42,1.43,2.56,2,1.79,3.23,4.5,5.0,5,1.57,1.52,1.55,0.52,0.0,0.0,0.0,0.0,0.67,0.93,1.48
5-10,female,Married,1.43,1.43,1.44,1.47,2,1.78,3.22,4.51,3.94,5,1.56,1.51,1.54,0.52,0.54,0.0,0.0,0.0,0.68,0.94,1.18
<5,female,Single,1.44,1.44,1.45,1.48,2,1.78,3.22,4.5,4.5,5,5.0,1.51,1.53,0.52,0.55,0.5,0.0,0.0,0.65,0.95,1.17
5-10,male,Married,1.45,1.45,1.46,1.49,2,1.52,3.22,5.0,4.49,5,5.0,1.52,1.52,0.53,0.51,0.0,0.0,0.0,1.53,0.95,1.18
<5,?,Married,1.45,1.45,1.47,1.5,2,1.48,3.22,4.5,4.48,5,5.0,1.51,1.51,0.53,0.51,0.0,0.0,0.0,0.68,0.96,1.19
<5,female,Married,1.47,1.46,1.48,1.5,2,1.77,3.21,4.48,3.85,5,5.0,1.5,1.5,0.53,0.51,0.0,0.0,0.0,5.0,0.97,1.2
<5,male,Married,1.48,1.47,1.49,1.51,2,1.49,3.21,4.48,3.83,5,5.0,1.49,1.49,0.75,0.51,0.0,0.0,0.0,0.67,1.0,1.21
<5,?,Married,1.49,1.48,1.49,1.52,2,1.47,3.21,4.48,3.82,5,5.0,1.49,1.48,0.76,0.51,0.0,0.0,0.0,,1.01,1.22
<5,male,Married,1.5,1.49,1.5,1.53,2,1.46,3.21,5.0,3.81,5,2.15,1.48,1.47,0.75,0.51,0.0,0.0,0.0,5.0,1.01,1.23
<5,,Single,1.51,1.5,1.52,1.53,2,1.45,3.2,5.0,3.8,5,2.14,1.47,1.46,,0.51,0.0,,0.5,5.0,1.02,1.24
<5,female,Single,1.52,1.51,1.52,1.54,2,1.44,3.2,5.0,3.79,5,2.13,1.46,1.45,0.75,0.52,0.5,0.0,0.5,5.0,1.27,1.24
<5,male,Single,1.53,1.52,1.53,1.55,2,1.44,3.2,5.0,3.79,5,2.12,1.45,1.44,0.74,0.52,0.5,0.0,0.5,5.0,1.71,1.25
<5,male,Single,1.54,1.53,1.54,1.56,2,1.43,3.2,4.47,3.78,5,2.11,1.44,1.43,0.73,0.53,0.51,0.0,0.51,1.62,0.83,1.26
<5,female,Married,,1.54,1.55,1.57,2,1.43,3.2,5.0,3.77,5,2.1,1.43,1.42,0.73,0.53,0.51,0.5,0.51,5.0,0.84,1.27
<5,female,Married,1.56,1.55,1.56,1.58,2,3.25,3.19,5.0,3.76,5,2.09,1.43,1.41,0.73,0.54,0.51,0.5,0.51,5.0,0.85,1.28
<5,male,Married,1.57,1.56,1.57,1.59,2,1.43,3.19,4.81,3.76,5,2.08,1.42,1.4,0.73,0.57,0.51,0.51,0.51,5.0,1.61,1.29
<5,male,Married,1.58,1.57,1.58,2.05,2,1.42,3.18,5.0,3.74,5,2.07,1.41,1.39,0.73,0.55,0.52,0.51,,5.0,1.62,1.3
<5,male,Married,1.33,1.58,1.59,1.61,2,1.42,3.18,5.0,3.74,5,2.05,5.0,1.38,0.72,0.63,0.52,0.52,0.52,0.67,1.63,1.31
<5,female,Married,1.34,1.59,1.6,1.63,2,3.25,3.17,5.0,3.72,5,2.04,5.0,1.37,0.72,0.57,0.53,0.52,0.53,0.64,1.65,1.33
<5,male,Married,1.36,1.61,1.62,1.65,2,3.25,3.17,3.19,3.71,5,2.02,5.0,1.35,1.41,,0.54,0.53,0.53,0.71,0.9,1.34
<5,?,Married,1.37,1.62,1.63,1.66,2,3.25,3.16,3.18,3.7,5,2.01,5.0,1.31,0.99,0.57,0.54,0.53,0.54,0.65,1.68,1.29
<5,female,Married,1.39,1.64,1.65,1.67,2,3.25,3.16,4.41,3.69,5,1.99,5.0,1.29,0.99,0.57,0.55,0.54,0.54,0.66,0.93,1.37
<5,female,Married,1.41,1.66,1.66,1.7,2,3.25,3.15,3.18,3.67,5,1.97,5.0,1.27,0.72,0.58,,0.55,0.55,0.68,0.94,1.39
<5,female,Married,1.42,1.67,1.68,1.71,2,3.24,3.14,5.0,3.66,5,1.95,5.0,1.29,0.72,0.58,0.56,0.55,0.56,0.69,0.96,1.41
<5,,Married,1.44,1.69,1.7,1.73,2,3.24,3.13,3.16,3.64,5,1.93,5.0,1.27,0.95,0.59,0.57,0.56,0.57,0.72,0.98,1.43
<5,female,Married,1.46,1.71,1.72,1.75,2,3.23,3.13,3.15,3.63,5,1.92,5.0,1.22,0.71,0.6,0.57,0.57,0.57,0.73,1.01,1.44
<5,male,Married,1.48,1.72,1.73,1.76,2,3.22,3.12,3.14,3.62,5,1.9,5.0,1.2,0.93,0.61,0.59,0.57,0.58,0.74,1.03,1.46
<5,male,Married,1.5,1.74,1.75,1.78,2,3.22,3.12,3.13,3.6,5,1.88,5.0,1.18,0.92,,0.59,0.58,0.59,0.8,5.0,1.48
<5,,Married,1.52,1.76,1.77,1.8,2,3.15,3.11,3.14,3.59,5,1.85,5.0,1.17,0.92,0.62,0.6,0.59,0.6,0.73,1.82,1.5
<5,male,Married,1.54,1.78,1.79,5.0,2,3.22,3.1,4.35,3.57,5,1.83,5.0,1.14,0.91,0.63,0.61,0.6,0.6,0.75,1.84,1.53
<5,female,Married,1.55,1.8,1.81,1.84,2,3.21,3.09,4.35,3.56,5,1.82,5.0,1.13,0.9,0.64,0.61,0.6,0.61,5.0,1.86,1.54
<5,female,Married,1.57,1.82,1.83,5.0,2,3.21,3.09,4.34,3.54,5,1.79,5.0,1.11,0.89,0.64,0.62,0.61,0.62,5.0,0.95,1.56
<5,female,Married,1.59,1.83,1.84,5.0,2,3.21,3.08,4.33,3.53,5,1.78,5.0,1.09,0.88,0.65,0.63,0.62,0.63,5.0,0.98,1.42
<5,female,Married,1.61,1.85,1.87,1.9,2,3.21,3.07,4.6,3.51,5,1.75,5.0,1.07,,0.66,0.64,0.63,0.63,5.0,1.0,1.6
<5,?,Married,1.64,1.87,1.89,5.0,2,3.21,3.06,4.58,3.5,5,1.73,5.0,1.05,0.87,0.67,0.65,0.64,0.64,5.0,1.66,1.62
<5,male,Married,1.65,1.89,1.9,5.0,2,3.21,3.06,4.57,3.48,5,1.71,5.0,1.03,0.87,0.67,0.65,0.64,0.65,5.0,5.0,1.64
<5,female,Married,1.68,1.91,1.92,2.32,5,3.21,3.05,5.0,3.47,5,1.69,5.0,1.01,0.86,0.68,0.66,0.65,0.66,5.0,1.96,1.57
<5,female,Married,1.7,1.93,1.94,2.34,2,3.22,3.04,5.0,3.45,5,1.67,5.0,0.99,0.85,0.69,0.67,0.66,0.66,5.0,5.0,1.58
<5,female,Married,1.71,1.95,1.96,1.83,5,4.08,3.04,5.0,3.44,5,1.65,5.0,0.98,0.84,0.7,,0.66,0.67,5.0,2.01,1.6
<5,,Married,1.74,1.97,1.98,1.84,2,3.2,3.03,5.0,3.42,5,1.63,,0.96,0.84,0.7,0.68,0.67,0.68,5.0,5.0,1.55
<5,female,Married,1.76,1.98,1.99,1.86,5,3.2,3.02,3.04,3.41,4.08,1.61,5.0,0.94,0.83,0.71,0.68,0.68,0.69,5.0,5.0,1.65
<5,female,Single,1.78,2.0,2.02,1.86,5,3.2,3.01,3.03,3.4,5,1.59,5.0,5.0,0.84,0.72,0.69,0.69,0.7,5.0,5.0,1.59
<5,female,Single,2.03,2.02,2.03,1.87,5,3.2,3.01,3.03,3.38,5,1.57,5.0,5.0,1.16,0.72,0.71,0.7,,5.0,5.0,1.69
<5,female,Married,2.05,2.04,2.05,1.88,5,3.2,3.0,5.0,5.0,5,1.55,5.0,5.0,1.15,0.73,0.71,0.7,0.71,5.0,5.0,1.62
<5,female,Married,2.07,2.06,2.07,1.89,5,4.1,2.99,3.02,5.0,5,1.53,5.0,5.0,0.84,0.74,0.72,0.71,,5.0,5.0,1.82
<5,male,Married,2.09,2.08,2.09,1.89,5,3.21,2.99,3.0,5.0,4.04,1.51,5.0,5.0,1.12,0.75,0.72,0.7,0.72,5.0,1.8,1.57
<5,male,Married,2.1,2.1,2.11,1.9,2,3.21,2.98,2.99,3.35,5,1.49,5.0,5.0,,0.76,0.74,0.7,0.74,5.0,5.0,1.59
5-10,male,Married,2.12,2.11,2.13,1.91,2,4.12,2.97,2.99,3.33,4.02,1.47,5.0,5.0,1.1,0.74,0.72,0.71,0.74,5.0,1.27,1.7
>10,male,Single,2.14,2.13,2.15,1.92,2,4.13,2.96,2.98,3.32,5,1.45,5.0,5.0,1.08,0.74,0.72,0.71,0.74,5.0,1.29,1.72
>10,male,Single,2.16,2.15,2.28,1.93,4,4.13,2.96,2.97,3.29,4.01,1.43,5.0,5.0,0.9,0.75,0.73,0.72,0.74,5.0,2.22,1.73
>10,female,Single,2.18,2.17,2.32,1.92,4,4.14,2.95,2.97,3.28,5,1.41,5.0,5.0,0.88,0.8,0.74,0.73,0.74,0.8,2.22,1.73
<5,female,Single,2.2,2.19,5.0,2.02,2,4.14,2.94,2.96,3.27,4,1.4,5.0,5.0,0.87,0.8,0.74,0.73,0.75,5.0,2.25,1.75
<5,female,Single,2.22,2.21,5.0,1.94,2,4.15,2.94,3.24,3.25,3.99,1.38,5.0,5.0,0.86,0.96,0.75,0.74,0.75,5.0,5.0,1.75
<5,male,Single,2.24,2.23,5.0,1.93,4,4.16,2.93,2.95,3.24,3.99,1.36,5.0,5.0,0.85,0.91,0.76,0.75,0.76,5.0,5.0,1.77
<5,male,Single,2.32,2.25,5.0,1.86,2,4.16,2.92,2.94,3.21,3.98,1.34,5.0,5.0,0.84,0.81,0.77,0.76,0.77,5.0,1.27,1.79
<5,male,Single,2.33,2.27,5.0,1.88,2,4.17,2.91,2.93,3.2,3.98,1.32,5.0,1.15,0.84,0.85,0.78,0.76,0.77,,1.29,1.81
<5,male,Single,2.35,2.28,5.0,1.89,2,4.17,2.91,2.92,3.18,3.96,1.3,5.0,1.12,0.83,0.93,0.79,0.77,0.78,5.0,5.0,1.83
<5,female,Single,2.37,2.3,2.42,1.9,2,4.18,2.9,2.92,3.17,3.96,1.28,5.0,1.1,0.82,1.0,0.79,0.78,0.79,5.0,5.0,1.85
<5,female,Single,2.39,2.32,2.44,1.92,2,2.92,2.89,2.91,3.16,3.96,1.26,5.0,1.08,0.82,0.99,0.84,0.79,0.8,5.0,5.0,1.87
<5,female,Single,2.41,2.34,5.0,1.92,2,4.19,2.89,2.9,2.04,3.95,1.24,5.0,1.06,0.82,0.98,0.81,,0.81,5.0,5.0,1.89
<5,female,Single,2.43,2.36,5.0,1.94,2,4.2,2.88,2.9,2.02,3.95,1.22,5.0,1.04,0.95,0.97,0.8,0.8,0.81,5.0,5.0,1.91
<5,male,Single,2.45,2.38,5.0,1.96,2,2.9,2.87,2.89,2.01,3.94,1.2,5.0,1.02,0.94,0.84,0.81,0.81,0.82,5.0,5.0,1.93
<5,female,Single,2.47,2.4,5.0,1.97,2,4.21,2.87,2.88,1.99,3.93,1.03,5.0,1.0,0.91,0.81,0.81,0.81,0.82,5.0,5.0,1.95
<5,female,Single,2.48,2.41,5.0,1.99,4,4.22,2.86,2.87,1.98,3.93,1.01,1.0,0.99,0.91,0.8,0.82,0.82,0.83,5.0,1.4,1.93
<5,male,Single,2.22,2.42,5.0,2.0,2,2.88,2.86,3.09,3.09,3.94,1.01,0.99,0.98,0.92,0.79,0.83,0.82,0.83,5.0,5.0,1.92
<5,female,Single,2.2,2.41,5.0,1.97,2,4.22,2.86,3.47,3.09,3.91,1.01,0.99,0.98,,0.78,0.83,0.82,0.84,4.22,5.0,1.93
>10,?,Single,2.2,2.44,5.0,1.98,2,4.22,2.87,3.48,3.1,3.91,1.01,,0.98,0.9,0.78,0.83,0.82,0.84,4.22,5.0,1.7
>10,female,Single,2.19,2.43,5.0,1.99,2,4.22,2.87,3.48,3.12,3.91,1.01,1.0,0.98,0.91,0.78,0.83,0.81,0.84,4.22,5.0,1.7
>10,male,Single,2.19,2.44,5.0,1.98,2,4.22,2.87,3.48,3.11,3.91,1.01,1.0,0.98,0.91,0.78,0.83,0.82,0.84,4.22,5.0,1.6
>10,female,Single,2.19,2.44,5.0,1.98,2,4.22,2.87,3.48,3.11,3.91,1.01,1.0,0.98,0.91,0.78,0.83,0.82,0.84,4.22,5.0,1.7
>10,?,Single,2.2,2.45,5.0,1.99,2,4.22,2.87,3.48,3.11,3.91,1.01,0.99,0.98,0.91,0.78,0.83,0.82,0.84,4.22,5.0,1.7
>10,female,Single,2.2,2.42,2.52,1.99,2,4.22,2.87,3.48,3.11,3.9,1.01,0.99,0.98,0.91,0.78,0.83,0.82,0.84,4.22,5.0,1.61
>10,male,Single,2.2,2.47,2.52,1.99,2,4.22,2.86,3.48,3.11,3.91,1.01,0.99,0.98,0.92,0.78,0.84,0.82,0.85,4.22,5.0,1.61
>10,male,Single,2.2,2.42,2.52,2.0,2,4.22,2.86,3.48,3.11,3.91,1.01,0.99,0.98,0.92,0.78,0.84,0.82,0.84,4.22,5.0,1.61
>10,male,Single,2.2,2.42,2.52,2.02,2,4.22,2.86,3.48,3.11,3.91,1.01,0.99,0.98,0.91,0.78,0.84,0.82,0.84,4.22,5.0,1.7
>10,male,Single,2.2,2.42,2.53,2.01,2,4.22,2.86,3.47,3.1,3.91,1.01,0.99,0.98,0.91,0.78,0.84,0.82,0.86,4.22,5.0,1.71
>10,female,Single,2.2,2.42,2.53,2.01,2,4.22,2.86,3.47,3.1,3.91,1.01,0.99,0.98,0.92,0.78,0.84,0.82,0.86,4.22,5.0,1.71
>10,female,Single,2.21,2.47,2.53,2.01,2,4.22,2.87,3.47,3.1,3.91,1.01,0.99,0.97,0.92,0.78,0.84,0.82,0.86,4.22,5.0,1.71
>10,female,Single,2.21,2.49,5.0,2.01,2,4.22,2.87,3.47,3.1,3.91,1.0,0.98,0.97,0.92,0.78,0.94,0.82,0.86,4.22,5.0,1.62
>10,female,Single,2.21,2.43,5.0,2.02,2,4.22,2.86,3.47,3.1,3.91,1.0,0.98,0.97,0.92,0.78,0.94,0.82,0.86,4.22,5.0,1.62
<5,female,Single,2.22,2.44,2.55,2.01,2,4.23,2.86,3.46,3.1,3.9,0.99,0.97,0.96,0.92,0.78,0.94,0.83,0.84,4.23,5.0,1.63
5-10,female,Single,2.23,2.45,2.56,2.01,2,4.23,2.86,3.46,3.09,5,0.99,0.96,0.95,,0.78,0.94,0.83,0.84,4.23,5.0,1.64
<5,,Single,2.24,2.48,5.0,2.01,2,4.23,2.85,3.45,3.07,3.91,0.97,0.95,0.94,0.91,0.77,0.93,0.84,0.85,4.23,5.0,2.25
<5,male,Single,2.26,2.52,2.56,2.03,2,4.24,2.84,3.44,3.06,3.88,0.96,0.94,0.92,0.91,0.78,0.92,0.85,0.86,4.24,5.0,1.67
<5,male,Single,2.27,2.51,2.56,2.04,2,4.24,2.84,3.43,3.05,3.88,0.95,0.93,0.91,0.9,0.77,0.92,0.85,0.87,4.24,5.0,1.69
<5,female,Single,2.29,,5.0,2.05,2,4.25,2.83,3.42,3.04,3.87,0.93,0.91,0.9,0.9,0.77,0.92,0.83,0.92,4.25,5.0,1.68
<5,?,Single,2.31,,5.0,2.06,2,4.25,2.82,2.86,3.03,3.87,0.92,0.9,0.88,0.9,0.78,0.91,0.83,0.89,4.25,5.0,2.32
<5,male,Single,2.33,2.54,5.0,2.07,2,4.26,2.81,3.02,3.01,3.86,0.9,0.88,0.86,,0.78,1.25,0.84,5.0,4.26,5.0,1.76
<5,female,Single,2.34,2.56,2.64,2.08,2,4.27,2.81,3.38,2.99,5,0.89,0.86,0.85,0.9,0.78,0.78,0.85,0.91,4.26,5.0,2.35
<5,male,Single,2.36,2.57,5.0,2.16,5,4.27,2.8,2.83,3.01,5,0.87,0.85,0.83,0.89,0.86,0.78,0.85,0.94,4.27,5.0,5.0
<5,male,Single,2.38,2.59,2.66,2.09,2,2.82,2.79,2.81,3.38,5,0.86,0.83,0.82,0.89,0.85,0.78,0.86,0.91,4.28,5.0,5.0
<5,female,Single,2.39,2.6,5.0,2.11,5,4.29,2.78,2.8,2.82,5,0.85,,0.8,0.89,0.8,,0.87,0.91,4.28,5.0,5.0
<5,female,Single,2.4,2.61,5.0,2.11,5,4.29,2.78,2.79,2.8,5,0.84,0.81,0.79,0.89,0.79,0.77,0.91,0.92,5.0,1.27,1.66
<5,male,Single,2.4,2.64,2.63,2.12,2,4.29,2.78,2.79,2.8,5,5.0,0.84,0.79,0.89,0.78,0.77,1.02,0.92,5.0,1.27,1.63
<5,female,Single,2.4,,2.62,2.13,5,4.29,2.78,2.78,2.8,5,5.0,0.84,0.79,0.88,0.78,0.77,0.93,0.91,5.0,1.27,1.6
<5,male,Single,2.4,2.62,2.61,2.11,5,5.0,2.79,2.79,2.8,3.84,5.0,0.86,0.8,0.89,0.79,0.77,1.0,0.91,5.0,1.28,1.6
<5,male,Single,2.39,2.61,2.61,2.63,5,5.0,2.79,2.79,2.8,3.85,3.84,0.87,0.8,0.89,0.79,0.77,0.92,0.91,5.0,1.28,1.6
<5,female,Single,2.39,2.61,2.61,2.12,5,5.0,2.79,2.79,2.8,5,3.84,0.86,0.8,0.89,0.79,0.77,0.9,0.91,5.0,1.28,1.59
<5,female,Single,2.4,2.62,2.61,2.11,5,5.0,2.79,2.79,2.8,2.17,3.84,0.86,0.8,0.89,0.79,0.77,0.89,0.91,5.0,5.0,1.59
<5,male,Single,2.4,2.62,2.61,2.13,5,5.0,2.79,2.79,2.8,2.17,3.84,5.0,0.81,0.89,0.78,0.77,0.89,0.91,5.0,1.28,1.6
<5,female,Single,2.39,,2.61,2.63,5,5.0,5.0,2.79,2.8,1.81,5.0,0.85,0.85,0.89,0.78,0.76,0.89,0.91,5.0,2.9,1.6
<5,female,Single,2.09,5.0,2.61,2.63,5,5.0,5.0,2.79,2.8,1.81,3.83,0.97,0.9,0.89,0.79,,0.89,0.91,5.0,5.0,1.6
<5,,Single,2.4,5.0,2.61,2.63,5,5.0,5.0,2.79,2.8,1.81,3.84,0.97,0.91,0.0,0.79,0.77,0.89,0.91,5.0,5.0,5.0
<5,female,Single,2.4,5.0,2.61,2.13,5,5.0,5.0,2.79,2.8,1.81,3.84,0.97,0.8,0.0,0.88,0.77,0.88,,5.0,1.17,1.6
<5,female,Single,2.09,5.0,2.61,2.62,2,5.0,5.0,2.79,2.8,1.81,3.84,0.96,0.8,0.0,0.88,0.87,0.88,0.91,5.0,1.17,5.0
<5,male,Single,2.09,2.85,2.61,2.62,2,3.84,5.0,2.79,2.81,1.81,3.84,0.83,0.8,0.0,0.87,0.87,0.88,0.91,5.0,1.17,5.0
<5,male,Single,1.98,5.0,2.61,2.62,2,3.83,5.0,2.79,2.81,1.81,3.83,0.82,0.8,,0.87,,0.88,0.86,0.94,1.14,5.0
<5,male,Single,1.98,2.84,2.61,2.62,2,3.83,2.8,2.79,2.82,1.81,3.84,,0.8,0.0,0.87,0.86,0.77,0.86,0.94,5.0,5.0
<5,female,Single,1.72,2.41,2.61,2.63,2,3.83,2.8,2.8,2.81,1.81,3.84,0.97,0.8,0.0,0.87,0.84,0.76,0.85,0.91,5.0,5.0
<5,male,Married,1.6,2.4,2.62,5.0,2,3.83,2.81,2.8,2.8,5,3.84,0.97,0.8,0.0,0.87,0.78,0.75,0.85,0.91,4.3,5.0
<5,female,Married,1.59,2.4,2.62,5.0,2,3.83,2.82,2.8,2.8,3,0.88,5.0,0.8,0.0,0.88,0.83,0.75,0.85,0.9,0.92,5.0
,male,Married,1.59,2.4,2.64,2.65,2,3.84,2.82,2.8,2.8,2.99,0.88,5.0,0.81,1.38,0.87,0.77,0.75,0.89,0.9,4.29,5.0
<5,female,Married,1.59,2.4,2.63,2.62,2,3.84,4.29,2.81,2.8,2.82,5.0,5.0,5.0,1.42,0.87,0.86,0.75,0.89,0.9,0.92,5.0
<5,male,Single,1.59,2.4,2.63,2.62,5,3.84,4.3,2.81,2.8,2.82,5.0,,5.0,2.17,0.87,0.77,0.74,0.87,0.9,5.0,5.0
>10,male,Married,1.48,2.4,5.0,2.62,3,3.85,5.0,2.82,2.8,2.82,1.82,3.85,5.0,0.8,0.86,0.86,0.75,0.87,0.9,0.93,5.0
<5,male,Married,1.62,2.41,5.0,2.62,3,3.85,5.0,2.83,2.8,2.82,1.82,0.84,5.0,0.79,0.0,0.85,,0.86,0.92,0.91,5.0
<5,female,Married,1.32,2.42,3.59,2.62,3,3.86,3.85,5.0,2.8,2.82,1.81,3.85,0.97,0.79,0.0,0.85,0.85,0.86,0.85,0.9,5.0
<5,male,Married,1.35,2.41,5.0,2.63,3,5.0,3.85,2.82,2.8,2.83,1.81,3.85,0.97,0.78,0.0,0.85,0.84,0.86,0.85,0.92,5.0
<5,male,Married,1.35,2.41,2.42,2.63,3,5.0,3.84,2.83,2.8,2.83,1.81,5.0,0.97,0.78,0.0,0.85,0.82,0.86,0.84,0.9,5.0
<5,female,Married,1.28,2.42,2.42,2.63,3,5.0,3.84,2.83,2.81,3,1.81,5.0,5.0,0.78,0.0,0.85,0.82,0.85,0.85,0.9,5.0
<5,male,Married,1.35,2.42,2.41,2.62,5,5.0,3.84,2.83,2.81,3,1.81,5.0,5.0,0.78,0.0,0.89,0.82,0.86,1.1,0.9,5.0
<5,?,Married,1.27,2.43,2.41,2.63,5,5.0,3.84,2.82,2.81,2.99,1.81,5.0,5.0,0.78,0.0,0.86,0.81,0.86,1.1,0.89,5.0
<5,male,Married,5.0,5.0,2.41,2.63,5,5.0,3.84,2.83,2.81,2.99,1.82,3.85,5.0,0.78,0.0,0.87,0.81,0.75,1.1,0.89,5.0
<5,female,Married,1.27,5.0,2.41,2.63,5,5.0,3.84,2.83,2.81,2.83,1.82,3.85,5.0,0.78,0.0,0.86,0.76,0.74,1.1,0.89,5.0
<5,?,Married,5.0,1.6,2.41,2.63,5,5.0,3.84,5.0,2.81,2.82,1.82,3.85,5.0,0.78,0.0,0.85,0.75,0.73,1.1,0.89,5.0
<5,,Married,1.27,1.71,2.41,2.63,3,5.0,3.84,4.31,2.81,2.81,2.99,3.85,5.0,0.78,0.0,0.85,0.75,0.73,1.1,0.89,4.3
<5,male,Married,5.0,5.0,2.41,2.64,3,2.22,3.84,4.31,2.81,2.81,3.0,3.85,5.0,0.78,0.0,0.85,0.75,0.73,1.11,0.88,5.0
<5,male,Married,,1.6,2.41,2.64,5,2.22,3.84,2.84,2.82,2.82,1.82,3.85,5.0,0.77,0.88,0.85,0.75,0.73,1.18,0.88,5.0
<5,male,Married,2.91,1.61,2.41,2.7,3,2.24,3.85,2.84,2.82,2.82,2.83,1.83,5.0,0.77,0.87,0.85,0.74,0.73,0.86,0.89,5.0
<5,female,Single,1.18,1.63,2.41,2.65,3,5.0,3.85,5.0,2.83,2.82,2.83,2.17,5.0,,0.87,0.85,0.84,0.73,0.85,0.89,5.0
>10,male,Married,1.17,5.0,2.41,2.7,3,2.22,3.85,5.0,5.0,2.81,2.83,1.82,5.0,0.76,0.87,0.85,0.84,0.73,0.85,0.87,0.9
>10,,Single,1.51,5.0,2.14,2.71,3,2.16,3.85,5.0,5.0,2.81,2.82,1.82,3.86,0.76,0.78,0.0,0.84,0.73,,0.84,0.9
>10,female,Single,1.08,5.0,2.11,2.72,3,2.24,3.85,5.0,2.83,2.81,2.82,1.82,3.85,0.76,0.78,0.0,0.84,0.73,0.84,0.83,0.89
>10,female,Single,1.09,5.0,2.0,5.0,3,2.24,3.85,5.0,2.83,2.81,2.83,1.82,3.86,0.76,0.77,,0.84,0.73,0.85,0.83,0.89
>10,female,Single,1.08,5.0,2.42,2.72,3,2.24,2.71,5.0,2.83,2.81,2.83,1.81,3.86,0.76,0.77,0.0,0.84,0.83,0.85,0.83,0.89
>10,female,Single,1.09,5.0,2.0,2.43,3,5.0,3.85,5.0,2.82,2.81,2.82,1.81,3.86,0.76,0.77,0.0,0.84,0.83,0.74,0.83,0.89
>10,,Single,1.08,5.0,2.42,5.0,3,5.0,3.85,5.0,2.82,2.81,2.82,1.81,3.86,0.76,0.77,0.0,0.84,0.74,0.74,0.83,0.89
>10,female,Single,1.08,5.0,2.0,2.43,3,2.16,3.85,5.0,2.82,2.81,2.82,1.81,3.86,0.76,0.77,0.0,0.84,0.74,0.74,0.83,0.89
>10,male,Single,1.09,5.0,2.0,2.43,3,2.24,3.85,5.0,2.82,2.81,2.83,1.81,5.0,0.76,0.77,0.0,0.83,0.83,0.74,0.83,0.89
>10,,Single,1.18,5.0,2.0,5.0,3,2.17,2.26,5.0,2.82,2.81,2.83,1.81,3.86,0.76,0.77,0.0,0.84,0.83,0.74,0.83,0.89
<5,,Single,1.18,5.0,2.42,2.43,3,2.24,3.85,5.0,2.82,2.81,2.83,1.81,3.85,0.76,0.77,0.0,0.84,0.83,1.21,0.84,0.9
>10,male,Single,1.18,5.0,2.0,2.43,3,2.24,3.85,5.0,2.82,2.81,2.82,1.81,3.85,0.76,0.77,,0.84,0.83,0.74,0.84,0.89
<5,female,Single,5.0,5.0,2.0,2.44,3,5.0,3.85,5.0,2.82,2.8,2.98,1.81,3.84,0.75,0.76,0.0,0.84,0.83,1.22,,0.91
>10,female,Single,1.1,5.0,2.43,2.44,3,2.25,2.86,5.0,2.81,2.8,2.97,1.8,3.84,0.75,0.76,0.0,0.84,0.83,,0.85,0.91
<5,male,Single,5.0,5.0,2.44,2.44,3,2.23,3.84,5.0,2.81,2.79,2.96,1.79,3.83,0.75,0.76,0.0,0.85,0.84,0.75,0.85,0.92
<5,female,Single,1.3,5.0,1.95,2.45,3,2.16,2.17,5.0,2.8,2.79,2.95,1.78,3.83,0.75,0.75,0.0,0.85,0.82,0.75,0.86,0.92
<5,female,Single,5.0,5.0,1.96,2.45,3,2.24,3.83,5.0,2.79,2.78,2.98,1.78,3.83,0.74,0.75,0.88,0.86,0.82,0.75,0.87,0.93
<5,?,Single,1.13,5.0,2.46,2.46,3,5.0,3.82,5.0,2.78,2.77,2.78,1.77,3.82,0.74,0.75,0.88,0.86,0.77,0.76,0.89,0.93
<5,,Single,1.14,5.0,2.46,2.46,3,2.23,2.16,5.0,2.78,2.76,2.77,1.76,5.0,,0.74,0.89,0.87,0.77,0.76,0.88,0.94
<5,male,Single,1.15,5.0,2.47,2.47,3,2.24,2.16,5.0,2.77,2.76,2.76,1.75,5.0,0.73,0.74,0.76,0.88,0.83,0.77,1.01,0.95
<5,male,Single,1.16,5.0,2.48,2.48,3,2.18,2.15,5.0,2.76,2.74,2.75,1.74,5.0,0.73,0.73,0.75,0.88,0.84,0.78,0.9,0.96
>10,male,Single,1.37,1.36,2.49,2.49,3,2.23,2.15,5.0,2.75,2.73,2.74,1.73,5.0,0.72,0.75,0.75,0.0,0.8,0.79,0.9,0.97
>10,female,Single,0.97,1.37,2.51,2.5,3,2.16,2.14,5.0,2.74,2.72,2.72,2.87,3.78,0.72,0.73,0.75,0.0,0.8,0.8,0.91,0.99
>10,female,Single,0.97,5.0,5.0,2.51,3,2.16,2.14,5.0,5.0,2.71,2.71,2.09,5.0,,0.72,0.75,0.0,0.82,0.82,0.91,0.95
>10,female,Single,0.97,5.0,5.0,2.52,3,2.18,5.0,5.0,2.71,2.69,2.69,2.84,5.0,0.71,0.71,0.73,0.0,0.83,0.84,0.92,0.95
>10,female,Single,0.97,1.41,5.0,2.53,3,2.16,2.75,3.75,2.7,2.68,2.68,2.85,5.0,0.7,0.7,0.73,0.0,0.84,0.92,0.93,0.96
>10,male,Single,0.98,,1.86,2.54,3,5.0,5.0,3.74,2.69,2.67,2.67,2.84,5.0,0.7,0.7,0.72,0.94,0.93,0.92,0.94,0.96
>10,?,Single,0.99,5.0,1.87,2.54,3,2.15,2.09,3.73,2.68,2.66,2.66,2.81,5.0,0.7,0.7,,0.96,,0.93,0.95,0.97
>10,female,Single,0.99,1.44,5.0,2.55,3,2.74,2.09,3.72,2.68,2.65,2.66,2.8,5.0,0.69,0.69,0.71,1.42,0.78,0.94,0.95,0.98
>10,,Single,1.0,1.45,5.0,2.56,3,2.16,2.08,3.72,2.67,2.65,2.64,2.78,5.0,0.69,0.69,0.7,1.41,0.77,0.95,0.96,1.07
>10,female,Single,1.01,5.0,5.0,2.56,3,5.0,2.09,3.71,2.66,2.64,2.63,2.77,5.0,0.69,0.69,,0.74,0.77,0.95,0.96,1.09
>10,male,Single,5.0,5.0,5.0,2.57,3,5.0,2.08,3.7,5.0,2.64,2.62,2.77,5.0,0.69,0.68,0.7,0.73,0.77,0.96,0.97,0.99
>10,female,Single,5.0,5.0,5.0,2.58,3,5.0,2.1,3.69,5.0,2.62,2.71,2.75,5.0,0.68,0.68,,0.73,0.0,0.97,0.98,1.0
>10,female,Single,1.03,5.0,1.9,2.59,3,5.0,2.09,3.68,5.0,2.61,2.6,2.73,5.0,0.68,0.68,0.69,0.72,0.0,0.98,0.92,1.02
>10,male,Single,1.04,5.0,1.83,2.6,3,5.0,2.08,3.67,5.0,5,2.58,2.71,1.57,0.68,0.67,0.68,0.72,0.0,0.99,0.93,1.08
>10,female,Single,5.0,5.0,1.85,,3,2.04,2.08,3.66,5.0,5,2.56,2.69,1.56,0.67,0.67,0.68,0.72,0.0,0.93,0.94,1.27
>10,female,Single,5.0,5.0,5.0,2.63,3,2.16,2.07,3.64,5.0,2.55,2.55,2.67,1.54,0.71,0.66,0.68,0.71,0.0,1.0,0.96,1.08
>10,female,Single,5.0,5.0,5.0,2.64,4,2.15,2.07,3.63,5.0,2.54,2.53,2.56,5.0,0.67,0.66,0.67,3.15,0.0,0.96,0.97,1.08
>10,female,Single,5.0,5.0,5.0,2.65,3,2.15,2.06,3.62,5.0,2.52,2.52,2.63,1.5,0.66,0.66,0.67,3.15,0.0,1.05,0.99,1.09
>10,male,Single,5.0,5.0,5.0,2.66,3,2.15,2.06,3.6,5.0,2.5,2.51,,1.48,0.66,0.65,0.66,0.69,0.0,1.07,1.01,1.1
>10,female,Single,5.0,5.0,5.0,2.68,4,1.95,2.08,3.59,5.0,5,2.5,2.49,1.46,0.65,0.65,0.66,0.68,0.51,1.09,1.03,1.11
>10,male,Single,5.0,1.58,1.92,2.69,3,1.97,1.99,3.58,4.38,5,2.47,2.47,1.44,0.65,0.64,0.65,0.54,0.52,1.1,1.04,1.12
>10,male,Single,1.58,1.2,1.94,2.7,3,2.03,2.06,3.56,5.0,5,2.43,2.44,1.42,0.65,0.64,0.65,0.68,0.54,0.53,1.06,1.13
>10,female,Single,1.18,1.2,1.96,2.72,4,2.11,2.04,3.55,5.0,5,2.41,2.42,1.41,0.64,0.64,0.64,0.67,0.55,0.55,1.08,1.15
>10,female,Single,1.19,1.22,1.98,2.73,4,2.15,2.03,3.54,5.0,5,2.39,2.4,1.39,0.64,0.63,0.64,0.67,,0.56,1.1,1.17
>10,female,Single,1.44,1.24,2.0,2.75,3,5.0,5.0,3.52,5.0,5,2.37,2.38,1.37,0.64,0.63,0.64,0.66,0.58,0.57,0.59,1.19
>10,female,Single,1.38,1.26,5.0,2.76,4,5.0,5.0,3.5,5.0,5,2.35,2.36,1.35,0.63,0.62,0.63,0.67,0.59,0.59,0.6,1.2
>10,male,Single,1.4,1.28,5.0,3.21,4,2.17,2.06,3.49,5.0,5,2.33,2.34,1.33,0.63,0.62,0.63,0.63,0.61,0.6,0.61,1.22
>10,male,Single,1.41,5.0,5.0,5.0,4,2.19,2.05,3.48,4.39,5,2.31,2.32,1.31,0.62,0.62,0.63,0.65,0.63,0.62,0.63,1.24
>10,female,Single,1.43,5.0,5.0,5.0,3,2.17,2.06,3.47,4.39,5,2.29,2.3,1.29,0.61,0.61,0.62,0.65,0.64,0.63,0.64,1.27
>10,,Single,1.45,5.0,5.0,5.0,4,2.18,2.03,3.46,4.39,5,2.27,2.28,1.28,0.61,0.61,,0.65,0.66,0.65,0.66,1.28
>10,male,Single,1.47,5.0,5.0,5.0,3,2.2,5.0,3.44,4.39,5,2.25,2.26,5.0,0.61,0.6,,0.64,0.67,0.67,0.68,0.7
>10,female,Married,1.5,5.0,5.0,5.0,4,5.0,5.0,3.43,4.39,5,2.23,2.24,2.42,0.64,0.6,0.61,0.64,0.68,0.68,0.69,0.71
>10,,Married,0.77,1.82,5.0,5.0,4,5.0,5.0,3.41,4.4,5,2.21,2.22,2.25,0.6,0.6,0.61,0.64,0.71,0.7,0.71,0.73
>10,male,Single,0.77,1.84,5.0,5.0,4,5.0,3.41,3.4,4.39,5,2.19,2.2,2.23,0.6,0.59,0.6,0.75,0.67,0.71,0.72,0.75
>10,male,Married,0.79,1.88,5.0,5.0,5,5.0,3.4,3.38,4.4,5,2.17,2.18,2.21,0.6,0.59,0.6,0.63,0.67,0.73,0.74,1.36
,,Married,1.58,5.0,5.0,5.0,5,5.0,3.39,3.37,4.4,5,2.15,2.16,2.18,0.59,0.58,0.59,0.63,0.66,0.74,0.75,0.78
>10,female,Married,1.59,5.0,5.0,2.92,5,5.0,3.36,3.36,4.4,5,2.13,2.14,2.16,0.59,0.58,0.59,5.0,0.77,0.76,0.77,0.79
>10,female,Single,0.84,1.92,5.0,2.94,5,5.0,3.35,3.35,4.4,5,2.11,2.12,2.14,0.58,0.58,0.58,5.0,0.78,0.77,0.78,0.8
>10,female,Married,0.85,5.0,5.0,2.95,5,5.0,3.34,5.0,4.4,5,2.09,2.11,2.12,0.58,0.57,0.58,1.73,0.8,0.79,0.8,0.82
>10,female,Married,1.65,1.95,5.0,4.09,5,5.0,3.33,5.0,5.0,2.09,2.07,2.08,2.11,0.57,0.57,0.58,0.61,0.81,0.8,0.81,0.84
>10,female,Married,0.88,1.98,5.0,4.1,5,2.18,3.31,5.0,5.0,5,2.05,2.06,2.09,0.57,0.56,0.57,5.0,0.64,0.82,0.83,0.85
5-10,male,Married,0.89,5.0,2.99,4.1,5,2.17,3.31,5.0,5.0,2.04,2.03,2.04,2.07,0.57,0.56,0.57,0.6,0.63,0.83,0.84,0.87
5-10,female,Married,0.91,2.05,5.0,4.11,5,5.0,3.32,5.0,5.0,2.02,2.01,2.03,2.05,0.57,0.56,0.57,0.59,0.86,0.85,0.86,0.88
>10,female,Married,0.93,2.04,3.02,4.12,5,1.92,3.27,5.0,5.0,2,1.99,2.01,2.03,0.56,0.55,0.56,0.59,0.63,0.86,0.87,0.9
>10,female,Married,0.94,2.04,5.0,4.12,5,5.0,3.26,5.0,5.0,1.99,1.98,1.99,2.01,0.56,0.55,0.56,0.59,0.63,0.88,0.89,0.91
>10,female,Married,0.96,2.06,5.0,4.13,5,5.0,3.25,5.0,5.0,1.97,1.96,1.97,1.99,0.55,0.55,0.55,0.59,0.9,0.89,0.9,0.92
5-10,male,Married,0.97,2.08,5.0,4.14,5,5.0,3.23,5.0,5.0,1.95,1.94,1.95,1.97,0.55,0.54,0.55,0.58,0.92,0.91,0.92,0.94
>10,?,Married,0.98,2.1,5.0,4.14,5,1.91,3.22,5.0,5.0,1.93,1.92,1.93,1.95,0.54,0.54,0.55,0.58,0.93,0.92,0.93,0.96
5-10,female,Married,1.0,2.14,3.09,4.16,5,1.87,3.21,5.0,5.0,1.92,1.9,1.91,1.93,0.54,0.53,0.54,0.57,0.95,0.94,0.95,0.97
>10,female,Married,1.01,2.14,2.17,4.16,5,1.87,3.2,5.0,5.0,1.9,1.88,1.89,1.91,0.54,0.53,0.54,0.57,0.96,0.95,0.96,0.99
5-10,female,Married,1.03,5.0,3.12,4.17,5,1.86,3.19,5.0,5.0,1.88,1.86,1.87,1.89,0.53,0.53,0.54,0.57,0.98,0.97,0.98,1.0
>10,female,Married,1.04,,2.21,4.18,5,1.86,3.18,5.0,5.0,1.86,1.84,1.85,1.87,0.53,0.52,0.53,0.57,1.0,0.98,0.99,1.02
>10,female,Single,1.06,2.2,2.23,4.19,5,1.86,3.17,5.0,5.0,5,1.82,1.83,1.85,0.53,0.52,0.53,0.56,1.01,1.0,1.01,1.03
<5,female,Married,1.07,2.22,2.24,4.2,5,1.85,5.0,5.0,5.0,5,1.8,1.81,1.84,0.52,0.52,0.52,0.56,1.02,1.01,1.02,1.05
<5,male,Married,1.09,2.24,2.26,5.0,5,1.86,3.13,5.0,5.0,1.79,1.78,1.79,1.81,0.52,0.51,0.52,0.56,1.04,1.03,1.04,1.06
<5,male,Married,1.1,1.79,2.28,5.0,5,1.86,3.12,5.0,5.0,1.77,1.77,1.78,1.79,0.51,0.51,0.52,0.55,1.05,1.04,1.05,1.08
<5,,Married,1.11,2.27,2.3,4.24,5,1.85,5.0,5.0,5.0,1.76,1.75,1.76,1.78,0.51,0.5,0.51,0.55,1.07,1.06,1.07,1.09
<5,female,Married,1.13,2.29,2.31,4.23,5,1.85,5.0,5.0,5.0,1.74,1.73,1.74,1.76,0.51,0.5,0.51,0.54,,1.07,1.08,1.11
<5,female,Single,1.14,5.0,2.33,4.24,5,1.85,5.0,5.0,5.0,1.72,1.71,1.72,1.74,0.5,0.0,0.51,0.54,1.09,1.08,1.09,1.12
<5,male,Married,1.15,5.0,2.34,4.25,5,1.85,3.06,5.0,1.76,1.71,1.7,1.71,1.73,0.5,0.0,0.5,0.64,1.1,1.09,1.1,1.79
<5,male,Married,1.15,2.32,2.35,4.25,5,1.85,3.06,5.0,1.75,1.7,1.7,1.74,1.73,0.0,0.0,0.0,0.64,0.57,1.1,1.11,1.78
<5,female,Married,2.08,5.0,5.0,4.25,5,1.85,3.07,1.75,1.76,1.7,1.7,1.71,1.84,0.0,0.0,0.0,0.65,0.55,1.1,1.15,1.77
<5,male,Single,1.14,5.0,5.0,4.24,5,1.85,3.09,1.75,1.74,1.71,1.7,1.71,1.84,0.0,0.0,0.0,0.52,1.11,1.09,1.12,1.77
<5,female,Married,1.14,5.0,5.0,4.24,5,1.85,3.09,1.76,5.0,1.71,1.7,1.71,1.73,0.0,0.0,0.0,0.52,1.11,1.1,1.79,1.77
<5,female,Single,1.14,5.0,5.0,4.25,5,1.85,3.09,1.76,1.77,1.71,1.7,1.71,1.5,0.0,0.0,0.0,0.52,1.11,1.1,1.79,1.13
<5,female,Married,1.14,5.0,5.0,4.25,5,1.85,3.09,1.76,1.76,1.71,1.7,1.71,1.84,0.0,0.0,0.0,0.52,1.11,1.1,1.13,1.77
<5,female,Single,1.14,5.0,5.0,4.25,5,1.86,5.0,1.76,1.77,1.71,1.7,1.71,1.85,0.0,0.0,0.0,0.52,1.11,1.1,1.14,1.77
<5,male,Married,1.14,5.0,5.0,4.24,5,1.85,5.0,1.76,1.77,1.71,1.7,1.71,1.84,0.0,0.0,0.0,0.52,1.11,1.09,1.1,1.77
5-10,female,Married,1.8,5.0,5.0,4.25,5,1.85,5.0,1.76,5.0,1.71,1.7,1.71,1.5,0.0,0.0,0.0,0.51,0.55,1.09,1.1,1.77
5-10,male,Married,1.82,5.0,5.0,4.25,5,1.86,5.0,1.76,5.0,1.72,1.7,1.71,1.5,0.0,0.0,0.0,0.52,0.54,1.09,1.09,1.77
5-10,male,Married,1.8,5.0,5.0,5.0,5,1.87,5.0,1.77,5.0,1.72,1.7,1.71,1.49,0.0,0.0,0.0,0.56,0.53,1.09,1.09,1.13
5-10,female,Married,1.8,5.0,5.0,5.0,4,5.0,2.0,1.77,5.0,1.72,1.7,1.71,1.49,0.0,0.0,0.0,0.56,0.53,1.09,1.09,1.76
5-10,male,Married,1.8,5.0,5.0,3.25,5,1.87,2.0,3.06,5.0,1.72,1.7,1.7,1.5,0.0,0.0,0.0,0.54,0.53,0.58,,1.12
5-10,female,Married,1.65,5.0,5.0,5.0,5,1.87,2.0,1.77,5.0,1.72,1.7,1.7,1.72,,0.0,0.0,5.0,0.53,0.58,1.09,1.12
5-10,male,Single,1.8,5.0,5.0,5.0,5,1.87,2.01,1.77,5.0,1.72,1.7,1.7,1.49,0.0,0.0,0.0,1.62,0.53,0.58,1.1,1.77
5-10,female,Married,1.8,,5.0,5.0,4,1.88,2.0,1.77,5.0,1.72,1.7,1.7,1.49,0.0,0.0,0.0,0.56,0.53,1.1,1.1,1.77
5-10,female,Married,1.8,5.0,5.0,5.0,5,1.87,2.0,3.06,5.0,1.71,1.7,1.7,1.49,0.0,0.0,0.0,0.56,0.53,0.58,1.1,1.13
5-10,male,Married,1.81,5.0,5.0,5.0,5,1.87,2.0,1.77,5.0,1.71,1.69,1.7,1.71,0.0,0.0,,0.54,0.53,0.58,1.1,1.12
5-10,female,Single,1.81,5.0,5.0,3.26,5,1.87,2.0,3.05,5.0,1.7,1.69,1.69,1.71,0.0,0.0,0.0,0.53,0.52,0.58,1.1,1.12
5-10,male,Single,1.82,5.0,1.87,3.27,5,1.87,2.0,3.05,5.0,1.7,1.68,1.68,1.7,0.5,0.0,0.0,0.51,0.52,1.61,1.11,1.12
5-10,female,Single,1.15,1.19,1.88,3.28,5,5.0,2.0,3.05,5.0,1.7,1.68,1.68,1.69,0.56,0.0,0.0,0.5,0.52,1.62,1.11,1.13
5-10,male,Single,1.16,1.19,5.0,3.29,5,5.0,1.99,5.0,5.0,1.69,1.67,1.67,1.68,0.52,0.0,0.0,0.0,0.52,1.63,1.12,1.13
5-10,?,Single,1.16,5.0,5.0,3.28,4,5.0,1.98,5.0,5.0,1.7,1.66,1.66,1.67,,,0.0,0.0,0.52,1.64,1.13,1.14
<5,female,Married,1.17,5.0,5.0,3.29,4,2.24,1.98,3.03,5.0,5,1.66,1.65,1.66,0.52,0.0,0.0,0.0,0.51,5.0,1.14,1.15
5-10,male,Single,1.18,2.37,5.0,3.3,4,2.23,1.98,1.72,5.0,1.67,1.65,1.64,1.65,0.58,0.0,0.0,0.0,0.66,1.17,1.14,1.15
5-10,female,Single,1.19,2.37,5.0,3.31,4,2.24,1.97,1.71,5.0,1.65,1.63,1.62,1.64,0.58,0.0,0.0,0.0,0.67,1.18,1.15,1.16
5-10,male,Single,1.2,2.38,5.0,5.0,4,2.24,5.0,1.7,1.7,1.64,1.62,1.61,1.62,0.58,0.0,0.0,0.0,0.68,1.18,1.16,1.18
5-10,male,Single,1.2,2.39,5.0,3.33,4,2.24,1.97,1.7,5.0,1.63,1.61,1.6,1.61,1.8,0.0,0.0,0.0,0.7,1.19,1.17,1.19
5-10,female,Single,1.21,2.4,5.0,3.34,4,2.24,1.96,3.01,5.0,1.62,1.6,1.59,1.6,1.76,0.0,0.0,0.0,4.3,1.19,1.18,1.69
5-10,male,Single,1.22,2.42,5.0,3.34,4,2.24,1.87,5.0,5.0,1.61,1.59,1.58,1.59,1.77,0.0,0.0,0.0,0.71,1.21,1.19,1.7
5-10,female,Single,1.23,5.0,5.0,5.0,4,2.27,1.85,5.0,5.0,1.6,1.59,1.58,1.58,2.99,0.0,0.0,0.0,0.72,1.21,1.2,1.24
5-10,male,Single,1.23,2.3,5.0,5.0,4,2.24,1.85,5.0,1.65,1.6,1.57,1.57,1.57,2.98,0.0,0.0,0.0,4.31,1.23,1.2,1.23
5-10,female,Single,1.24,2.44,5.0,5.0,4,5.0,1.85,2.99,1.64,1.59,1.57,1.56,1.57,2.98,0.0,0.0,0.0,4.31,5.0,1.21,1.25
5-10,female,Single,1.75,5.0,5.0,5.0,4,2.25,1.84,2.98,1.63,1.58,1.56,1.55,1.56,2.97,0.0,0.0,0.0,4.32,0.73,1.22,1.26
5-10,,Married,1.75,2.32,5.0,5.0,4,2.25,1.84,2.97,1.62,1.57,1.55,1.54,1.55,0.53,0.0,0.0,0.0,4.32,,1.23,1.27
5-10,male,Married,1.76,5.0,5.0,5.0,4,2.23,1.84,5.0,1.62,1.56,1.54,1.53,1.54,1.77,0.0,0.0,0.0,4.33,0.74,1.24,1.27
5-10,female,Married,1.77,5.0,5.0,5.0,4,5.0,1.84,5.0,1.61,1.55,1.53,1.52,1.53,1.77,0.0,0.0,0.0,4.34,0.75,1.25,1.27
5-10,?,Single,1.95,5.0,5.0,5.0,4,5.0,1.83,5.0,1.6,1.54,1.52,1.51,1.54,0.64,0.0,0.0,0.0,4.34,,1.26,1.27
<5,,Single,1.3,2.5,5.0,5.0,4,2.24,1.83,5.0,1.59,1.53,1.51,1.5,1.53,0.63,0.0,0.0,0.0,4.35,0.76,1.27,1.28
<5,female,Single,1.31,5.0,5.0,5.0,4,2.25,1.83,5.0,1.58,1.52,1.5,1.49,1.53,0.63,0.0,0.0,0.0,4.36,0.77,1.28,1.28
<5,male,Single,1.31,5.0,5.0,5.0,4,2.24,1.83,2.95,1.57,1.51,1.49,1.48,1.49,0.62,0.0,0.0,0.0,0.51,0.77,1.29,1.3
<5,female,Single,1.31,5.0,5.0,5.0,4,2.25,1.82,2.95,1.56,1.5,1.48,1.47,1.48,0.64,0.0,0.0,0.0,0.51,0.78,1.3,1.3
<5,,Single,1.32,2.4,2.54,5.0,4,2.26,1.82,5.0,1.56,1.49,1.47,1.46,1.47,0.62,0.0,0.0,0.0,0.51,0.79,1.35,1.31
<5,female,Single,1.33,2.41,5.0,5.0,4,2.23,1.82,5.0,5.0,1.48,1.46,1.45,1.46,0.62,0.0,0.0,0.0,0.51,0.54,1.32,1.32
<5,male,Single,1.34,2.42,5.0,5.0,4,2.24,1.81,5.0,5.0,1.48,1.45,,1.45,,0.0,0.0,0.5,0.51,,1.33,1.33
<5,male,Single,1.35,2.43,5.0,5.0,4,5.0,1.81,5.0,5.0,1.47,1.45,1.43,1.44,0.61,0.0,0.0,0.0,0.51,5.0,1.34,1.34
<5,female,Single,1.36,2.32,5.0,5.0,5,1.83,1.81,1.83,5.0,1.46,1.43,1.42,1.42,0.62,,0.0,0.0,0.53,5.0,1.35,1.35
<5,?,Single,1.37,,5.0,5.0,5,1.82,1.81,1.82,5.0,5,1.43,1.41,1.42,1.59,0.5,0.0,0.0,0.52,0.54,1.36,1.36
<5,,Single,1.38,1.41,5.0,5.0,5,1.82,1.8,1.82,5.0,1.87,1.42,1.4,1.41,1.58,0.5,0.0,0.0,0.52,4.4,0.59,1.37
<5,male,Single,1.38,1.42,5.0,5.0,4,1.82,1.8,1.81,2.89,5,1.41,1.39,1.4,1.57,0.51,0.0,0.0,0.51,4.41,1.39,1.37
<5,female,Single,1.39,1.42,5.0,5.0,4,1.82,1.8,1.81,5.0,5,1.4,1.38,1.38,0.54,0.51,0.0,0.0,0.52,4.41,1.41,1.38
<5,male,Single,1.4,1.42,1.46,5.0,4,1.81,1.79,1.81,2.88,1.86,1.39,1.38,1.37,0.54,0.51,0.0,0.0,0.52,4.41,2.76,1.39
<5,female,Single,1.41,1.43,1.46,5.0,4,1.81,1.79,1.81,1.84,1.88,1.38,1.37,1.36,0.55,0.52,0.51,0.5,0.52,,2.4,1.4
<5,male,Single,1.42,1.44,1.47,5.0,5,1.8,1.79,1.8,1.83,1.85,1.37,1.35,1.35,0.55,0.52,0.51,0.5,0.53,4.44,0.88,1.42
<5,male,Single,1.44,1.46,1.48,5.0,5,1.8,1.78,1.8,1.82,1.84,1.35,1.34,1.34,0.55,0.53,0.51,0.51,0.52,4.44,0.9,1.43
<5,male,Single,1.45,1.47,1.5,5.0,5,1.79,1.78,1.79,1.82,1.84,1.34,1.33,1.32,0.56,0.57,0.52,0.51,0.52,4.44,0.9,1.44
<5,male,Single,1.47,1.48,1.51,5.0,5,1.79,1.77,1.79,1.81,1.83,1.33,1.31,1.31,0.56,,0.55,0.51,0.53,4.46,0.92,1.45
<5,female,Single,1.48,1.5,1.53,5.0,5,1.78,1.77,1.78,1.8,1.83,1.31,1.3,1.29,0.57,0.58,0.53,0.52,0.53,5.0,0.93,1.47
<5,female,Single,1.5,1.52,1.54,5.0,5,1.78,1.76,1.78,1.8,1.82,1.3,1.28,1.28,0.57,0.55,0.53,0.52,0.53,4.47,,1.49
<5,?,Single,1.52,1.53,1.56,5.0,5,1.77,1.76,1.77,1.8,1.82,1.28,1.27,1.26,0.58,,0.53,0.53,0.54,4.48,0.96,1.51
<5,male,Single,1.54,1.56,1.58,5.0,5,1.76,1.75,1.76,1.8,5,1.27,1.26,1.24,0.58,0.56,0.54,0.53,0.54,4.49,0.98,1.52
<5,male,Single,1.56,1.58,1.59,5.0,5,1.76,1.75,1.76,1.79,5,5.0,1.85,1.22,0.59,0.56,0.54,0.54,0.55,4.51,1.0,1.54
<5,female,Single,1.59,1.6,1.61,5.0,5,1.75,1.74,1.75,1.79,5,5.0,1.84,1.21,,0.57,0.55,0.54,0.55,,,1.56
<5,female,Single,1.6,1.62,1.63,5.0,5,1.74,1.73,1.74,1.78,1.79,5.0,5.0,1.19,0.6,0.57,0.56,0.55,0.56,5.0,1.03,1.58
<5,female,Single,1.62,1.64,1.65,5.0,5,1.74,1.73,1.74,2.77,5,5.0,1.18,1.17,0.61,0.57,0.56,0.55,0.56,5.0,1.05,1.6
<5,male,Married,1.64,,1.67,5.0,5,1.73,1.72,1.73,2.76,1.78,5.0,1.16,1.15,1.22,0.58,0.57,0.56,0.57,5.0,1.07,1.62
<5,?,Married,1.66,2.38,2.87,5.0,5,1.72,1.71,1.72,2.76,5,5.0,1.14,1.13,1.36,0.59,0.57,0.57,0.57,5.0,1.1,1.64
,female,Married,2.38,2.4,1.71,5.0,5,1.72,1.71,1.72,2.75,1.6,5.0,1.13,1.11,1.35,0.6,0.58,0.57,0.58,5.0,0.64,1.66
<5,female,Married,2.4,2.43,2.9,5.0,5,1.71,1.7,1.71,2.74,1.58,5.0,1.11,1.09,1.34,0.61,0.58,0.58,0.59,5.0,0.65,1.68
<5,female,Married,2.42,,2.93,5.0,5,1.7,1.69,1.7,2.73,1.56,5.0,1.13,1.08,1.13,0.61,0.59,0.58,0.59,5.0,2.39,1.7
<5,female,Married,2.44,2.93,2.95,5.0,5,1.69,1.68,1.69,2.72,1.57,5.0,5.0,1.06,1.12,0.62,0.6,0.59,0.6,5.0,0.66,1.72
<5,male,Single,2.46,2.95,5.0,,5,1.68,1.65,1.68,2.71,1.55,5.0,1.73,1.04,0.65,1.31,0.61,0.6,0.61,5.0,5.0,1.74
<5,female,Married,2.48,2.96,5.0,5.0,5,1.68,1.63,1.68,2.71,5,5.0,2.77,1.02,,0.63,0.61,0.6,0.62,5.0,5.0,1.76
<5,female,Married,2.5,2.99,5.0,5.0,5,1.67,1.62,1.67,2.7,5,5.0,5.0,1.0,1.06,0.64,0.62,0.61,0.63,5.0,5.0,1.78
<5,female,Married,2.52,3.0,5.0,1.76,5,1.66,1.61,1.66,2.7,5,1.01,1.0,0.98,1.03,0.64,0.62,0.62,0.63,5.0,5.0,1.8
<5,female,Single,2.54,3.02,5.0,5.0,5,1.65,1.6,1.65,2.68,5,0.99,0.99,0.96,1.02,0.65,0.63,0.62,0.64,5.0,0.71,1.82
<5,male,Single,2.55,3.04,5.0,5.0,5,1.65,1.59,1.6,5.0,5,0.97,0.95,0.94,0.99,0.66,0.64,0.63,0.65,5.0,2.4,1.84
<5,female,Single,2.58,2.81,5.0,5.0,5,1.64,1.58,1.59,2.67,5,0.96,0.93,0.92,0.99,0.66,0.65,0.64,0.65,5.0,5.0,1.86
<5,male,Single,2.6,3.08,5.0,5.0,5,1.63,1.57,1.58,1.6,5,5.0,0.91,0.9,0.7,0.67,,0.65,0.65,5.0,1.34,1.88
<5,female,Married,2.61,3.1,5.0,5.0,5,1.58,1.56,1.57,2.66,5,0.91,0.89,0.88,0.94,0.68,0.66,0.65,0.66,5.0,1.35,1.9
5-10,female,Single,2.64,2.85,5.0,5.0,2,1.57,1.56,1.57,5.0,5,0.89,0.87,0.86,0.94,0.68,0.67,0.66,0.67,5.0,0.72,1.92
>10,?,Single,2.66,2.87,5.0,5.0,5,1.56,1.55,1.56,1.58,5,0.88,0.86,0.85,0.9,0.69,0.67,0.67,0.67,5.0,0.73,1.94
<5,female,Single,2.68,3.16,5.0,5.0,2,1.56,1.54,1.55,5.0,5,0.87,0.84,0.83,0.73,0.7,0.68,0.67,0.68,5.0,0.74,1.42
<5,male,Married,2.68,3.0,5.0,5.0,5,1.55,1.53,1.54,1.57,2.12,0.84,0.82,0.81,0.87,0.7,0.69,0.68,0.69,5.0,,1.43
<5,female,Married,2.71,3.2,5.0,5.0,5,1.54,1.53,1.54,1.56,2.1,0.83,0.8,0.79,0.74,0.71,0.69,,0.69,5.0,0.75,2.0
<5,male,Married,2.73,3.82,5.0,5.0,5,1.54,1.52,1.54,2.61,5,0.81,0.78,0.78,0.75,0.71,0.7,0.69,0.7,5.0,0.75,1.46
<5,male,Married,0.81,3.22,5.0,5.0,5,1.54,1.52,1.53,2.61,5,0.8,0.77,0.77,0.75,0.72,0.7,0.69,0.7,0.74,0.76,1.47
<5,male,Married,0.81,3.22,5.0,5.0,5,1.55,1.52,1.54,5.0,5,0.8,0.78,0.77,0.83,0.72,0.7,0.69,0.69,5.0,0.75,1.46
<5,male,Married,0.8,3.21,5.0,5.0,5,1.55,1.53,1.57,2.61,5,0.8,0.78,0.77,0.83,0.71,0.7,0.69,,5.0,0.75,0.78
<5,female,Married,,3.21,5.0,5.0,5,1.55,1.53,1.55,2.61,5,0.8,0.78,0.77,,0.71,0.7,0.69,0.69,5.0,0.74,0.78
<5,male,Married,0.8,2.79,5.0,5.0,5,1.56,1.53,1.56,2.61,5,0.8,0.78,0.77,0.83,0.71,0.7,,0.69,5.0,0.74,0.78
<5,male,Married,0.81,2.76,5.0,5.0,5,1.55,1.53,1.58,2.61,5,0.8,0.78,0.77,0.82,0.71,0.7,0.69,0.69,5.0,0.74,1.46
<5,male,Married,0.8,2.76,5.0,5.0,3,1.55,1.53,1.58,2.61,5,0.8,0.78,0.77,0.82,0.71,0.7,0.68,0.69,5.0,,1.45
<5,female,Married,0.8,2.76,5.0,5.0,5,1.56,1.53,1.58,2.6,5,0.8,0.78,0.77,0.82,0.71,0.7,0.68,0.69,5.0,0.78,1.45
<5,female,Single,0.79,2.75,5.0,5.0,5,1.56,1.53,1.58,2.6,2.09,0.8,0.78,0.77,0.81,0.72,0.7,0.68,0.69,5.0,0.75,1.45
<5,male,Single,0.79,2.75,5.0,5.0,5,1.57,1.53,1.54,1.56,5,0.8,0.78,0.77,0.82,0.72,0.7,0.68,0.69,5.0,4.76,1.45
<5,male,Single,0.79,2.73,5.0,5.0,5,5.0,1.53,1.54,1.55,5,0.81,0.78,0.77,0.81,0.73,0.7,0.68,0.7,0.74,4.77,0.78
<5,female,Single,0.78,2.73,5.0,5.0,5,5.0,1.54,1.54,1.55,5,5.0,0.79,0.77,0.81,0.74,0.7,0.68,0.69,0.71,4.76,0.77
<5,,Single,0.78,2.73,3.23,5.0,5,1.57,1.55,1.54,1.55,5,5.0,0.82,0.77,0.81,0.84,0.71,0.68,0.68,0.7,0.77,0.76
<5,?,Single,2.02,2.74,3.22,5.0,5,5.0,1.61,1.54,1.55,5,5.0,0.82,0.77,0.82,0.83,1.14,0.68,0.68,0.7,0.72,0.74
<5,female,Single,2.02,,2.94,5.0,5,5.0,1.55,1.54,1.55,5,5.0,0.82,0.79,0.81,0.83,1.14,0.68,0.68,0.69,0.71,0.74
<5,female,Single,1.46,2.75,3.04,5.0,5,1.57,1.55,1.54,1.55,1.57,5.0,1.56,0.78,0.8,0.83,1.13,0.68,0.67,0.69,0.71,0.74
<5,female,Single,1.45,2.75,3.22,5.0,5,5.0,1.55,1.54,1.55,1.57,5.0,5.0,0.77,0.8,0.82,0.7,0.68,0.67,0.68,0.7,0.73
<5,female,Single,0.76,0.79,3.22,5.0,5,5.0,1.55,1.54,1.59,5,5.0,0.79,0.77,1.14,0.83,0.7,0.68,0.67,0.68,0.7,0.73
<5,male,Single,0.75,2.03,2.76,5.0,5,5.0,1.56,1.55,1.56,5,1.59,0.81,0.77,1.14,0.82,,0.68,0.67,0.68,0.7,0.72
<5,male,Single,1.45,2.03,2.76,5.0,5,5.0,1.56,1.55,1.55,2.6,2.08,5.0,0.77,1.18,1.07,0.7,0.68,0.67,0.67,0.69,4.77
<5,male,Single,0.74,2.02,2.74,,5,5.0,1.56,1.55,1.55,2.6,0.85,5.0,0.77,0.8,0.74,0.71,0.68,0.67,0.68,0.7,4.78
<5,female,Single,0.76,0.8,2.74,3.24,5,5.0,1.58,1.56,1.55,1.57,0.85,5.0,0.78,0.81,0.74,0.72,0.68,0.67,0.67,0.69,5.0
<5,male,Single,0.73,2.02,2.75,3.23,5,5.0,5.0,1.56,1.55,1.56,5.0,5.0,0.78,0.78,0.75,0.83,0.69,0.66,0.67,0.68,0.72
<5,female,Single,0.72,,2.75,3.23,5,5.0,1.57,1.57,1.55,1.56,1.59,5.0,5.0,0.77,,1.1,0.72,0.66,0.66,0.67,0.7
<5,female,Single,0.72,1.47,2.75,3.23,5,5.0,1.58,1.56,1.55,1.56,1.58,5.0,5.0,0.78,0.78,1.12,1.13,0.67,0.66,0.67,0.7
<5,female,Single,0.72,1.46,2.75,3.23,5,5.0,1.58,1.56,1.55,1.56,5.0,0.8,5.0,0.77,0.78,1.07,0.69,0.66,0.66,0.67,0.7
<5,?,Single,0.71,0.75,2.76,3.23,5,5.0,1.59,1.57,1.56,1.57,1.58,0.81,5.0,0.76,0.78,0.81,0.86,0.66,0.66,,0.69
<5,male,Single,0.7,0.75,2.03,2.75,5,5.0,1.6,1.57,1.56,1.6,2.6,5.0,5.0,0.76,0.78,1.06,0.86,0.66,0.65,0.66,0.69
<5,male,Single,4.78,0.75,2.03,2.74,5,5.0,1.6,1.58,1.56,1.58,2.6,5.0,5.0,0.75,0.78,1.05,0.86,0.66,0.65,0.66,0.68
<5,female,Single,0.7,0.74,2.03,2.74,5,5.0,5.0,5.0,1.57,1.57,2.6,1.62,5.0,0.76,1.13,1.05,0.85,,0.65,0.66,0.7
<5,male,Single,0.69,0.77,2.03,2.76,3,5.0,5.0,5.0,1.57,1.57,1.58,2.08,5.0,0.75,0.77,1.04,0.71,0.66,0.65,0.65,0.71
<5,male,Single,0.69,0.73,2.03,2.75,3,5.0,5.0,5.0,1.65,1.57,1.58,5.0,5.0,0.75,0.75,0.79,0.81,0.67,0.65,0.65,0.67
>10,male,Single,0.7,0.71,2.03,2.76,3,5.0,1.62,5.0,1.68,1.57,1.58,1.61,5.0,0.74,,0.78,0.8,0.67,0.66,0.65,0.66
>10,male,Single,0.7,0.71,1.46,2.76,3,5.0,1.62,5.0,1.58,1.57,1.58,5.0,5.0,0.74,,0.77,0.8,0.66,0.65,0.64,0.65
>10,female,Single,0.67,0.7,1.45,2.77,3,5.0,1.62,5.0,1.58,1.57,1.58,5.0,5.0,0.73,0.75,0.76,0.71,0.67,0.65,0.64,0.65
>10,female,Single,0.67,0.7,0.73,,3,5.0,1.63,5.0,1.58,1.57,1.58,5.0,5.0,0.73,0.74,,0.79,0.67,0.65,0.64,0.65
>10,female,Single,0.67,0.7,1.46,2.04,3,5.0,1.63,5.0,1.59,1.57,1.61,2.59,5.0,0.73,0.74,0.76,0.78,0.67,,0.64,0.65
>10,male,Single,0.68,0.7,1.46,2.05,3,5.0,1.62,5.0,1.58,1.57,1.6,5.0,5.0,0.73,0.74,0.76,0.78,0.67,0.66,0.65,0.65
>10,male,Single,0.68,0.71,1.47,2.05,3,5.0,1.61,5.0,1.57,1.56,1.57,5.0,5.0,0.73,0.74,0.76,0.72,0.68,0.66,0.65,0.66
>10,male,Single,0.69,0.72,1.48,2.78,3,5.0,1.6,5.0,1.56,1.55,1.56,5.0,5.0,0.72,0.73,0.77,0.74,0.69,0.67,0.66,0.67
>10,male,Single,0.7,0.73,1.49,2.79,3,5.0,1.59,5.0,1.56,1.54,1.56,5.0,5.0,0.72,0.73,1.13,0.78,0.7,,0.67,0.68
>10,female,Single,0.71,0.74,1.5,2.8,3,5.0,1.58,5.0,1.54,1.53,1.54,5.0,5.0,0.71,0.72,,1.05,0.71,0.7,0.69,0.7
>10,male,Single,0.73,0.76,1.51,2.09,3,5.0,1.57,5.0,1.53,1.51,1.55,5.0,5.0,0.71,0.71,0.74,1.05,0.73,0.71,0.7,0.71
>10,female,Single,0.74,0.77,0.81,2.1,3,5.0,1.55,5.0,1.53,1.5,1.53,2.59,5.0,0.7,0.71,0.73,1.06,0.74,0.73,0.72,0.72
>10,female,Single,0.76,0.79,1.54,2.11,3,5.0,4.1,5.0,1.5,1.48,1.49,2.59,5.0,0.69,0.7,0.73,1.07,0.76,0.74,0.73,0.74
>10,?,Single,0.78,0.8,1.56,2.12,3,5.0,5.0,5.0,1.64,1.46,1.5,2.58,5.0,0.69,0.69,1.5,0.75,0.77,0.76,0.75,0.76
>10,female,Single,0.79,0.82,0.86,2.14,3,5.0,5.0,5.0,1.46,1.45,1.47,1.69,5.0,0.68,0.69,0.71,0.73,0.79,0.78,0.77,0.77
>10,male,Single,0.81,0.84,1.58,2.86,3,5.0,1.49,5.0,1.45,1.43,5.0,2.57,2.05,0.67,0.68,0.71,0.72,0.81,0.79,0.78,0.79
>10,male,Single,0.83,0.86,0.89,2.17,3,5.0,1.47,5.0,1.6,1.41,2.59,2.57,2.05,0.67,0.67,0.69,0.72,0.83,0.81,0.8,0.81
>10,female,Single,0.85,0.87,1.62,2.88,3,5.0,4.06,5.0,1.58,1.39,1.42,2.57,5.0,0.66,0.66,0.68,0.71,0.85,0.83,0.82,0.83
>10,male,Single,0.87,0.89,1.64,2.2,5,5.0,4.05,5.0,1.56,1.37,1.41,2.56,5.0,0.65,0.66,0.68,0.7,0.87,0.85,0.84,0.87
>10,female,Single,0.88,0.91,1.65,2.21,3,5.0,4.05,5.0,1.55,1.36,1.38,2.56,5.0,0.64,0.65,1.59,0.69,0.89,0.87,0.86,0.87
>10,male,Single,0.9,0.93,1.67,2.22,3,5.0,4.04,5.0,1.56,1.34,1.38,2.56,5.0,0.64,0.64,0.66,0.69,0.91,0.89,0.88,0.92
>10,?,Single,5.0,0.95,1.69,2.24,3,5.0,4.03,5.0,1.57,1.32,1.35,2.55,5.0,0.63,0.64,0.66,,0.92,0.91,0.9,0.93
>10,female,Single,0.96,0.97,1.71,2.25,3,5.0,4.02,5.0,1.53,1.3,1.32,2.55,5.0,0.62,0.63,0.65,0.67,0.94,0.93,0.91,0.95
>10,male,Single,0.98,0.99,1.73,2.27,3,5.0,5.0,5.0,5.0,1.28,1.29,2.55,5.0,0.62,0.62,0.64,0.67,,0.95,0.93,0.97
>10,female,Single,1.68,5.0,1.74,2.28,3,5.0,5.0,5.0,5.0,1.26,1.28,2.55,5.0,0.61,0.62,0.64,0.66,0.98,0.96,0.95,0.98
>10,male,Single,1.02,5.0,1.76,2.3,3,5.0,5.0,5.0,5.0,1.24,1.28,2.56,5.0,0.6,0.61,0.63,0.65,1.0,0.98,0.97,1.01
>10,female,Single,1.08,5.0,1.78,2.31,3,5.0,5.0,5.0,5.0,1.22,1.25,2.55,5.0,,0.6,0.62,0.65,1.02,1.01,0.99,1.02
>10,male,Single,1.04,5.0,2.32,2.32,3,5.0,5.0,5.0,5.0,1.2,1.22,2.55,5.0,0.59,0.6,0.62,0.64,1.04,1.02,1.01,1.04
>10,male,Single,5.0,1.09,2.34,2.34,3,5.0,5.0,5.0,1.4,1.18,1.2,2.55,5.0,0.58,0.59,0.61,0.63,1.06,1.05,1.03,1.06
>10,,Single,5.0,2.37,2.35,2.36,3,5.0,5.0,5.0,5.0,1.16,1.18,2.55,5.0,0.58,0.58,0.6,0.63,1.08,1.06,1.05,1.09
>10,female,Single,1.13,2.39,2.37,2.37,3,5.0,5.0,5.0,5.0,1.14,1.78,5.0,5.0,0.57,0.57,0.59,0.62,1.1,1.08,1.07,1.1
>10,,Single,1.13,2.4,2.39,2.39,3,5.0,5.0,5.0,1.4,1.12,1.14,5.0,5.0,0.56,0.57,0.59,0.61,1.12,1.1,1.09,1.14
>10,female,Single,1.16,2.42,2.4,2.4,5,5.0,5.0,5.0,5.0,1.1,1.12,5.0,5.0,0.55,0.56,0.58,0.6,1.14,1.12,1.11,1.14
>10,female,Single,2.45,1.46,2.41,2.42,3,5.0,5.0,5.0,5.0,1.08,1.1,5.0,5.0,0.55,0.56,0.57,0.6,1.16,1.14,1.13,1.16
>10,male,Single,1.28,,2.43,2.43,3,5.0,1.13,5.0,5.0,1.07,1.08,5.0,5.0,0.54,0.55,0.57,0.59,1.18,1.16,1.15,1.18
>10,male,Single,1.43,1.48,2.44,2.44,3,5.0,5.0,5.0,5.0,1.05,1.05,5.0,5.0,0.53,0.54,0.56,0.58,1.2,1.18,,1.2
>10,male,Single,1.3,1.5,2.46,2.46,3,5.0,5.0,5.0,5.0,1.03,1.63,5.0,5.0,0.53,0.54,0.56,0.58,1.21,1.2,1.18,1.21
>10,,Single,1.31,1.27,1.3,2.47,3,5.0,5.0,5.0,1.69,1.01,1.04,5.0,5.0,0.52,0.53,0.55,0.57,1.23,1.21,1.2,1.23
5-10,male,Single,1.47,2.5,2.49,2.49,3,5.0,5.0,5.0,5.0,0.99,1.01,5.0,5.0,0.52,0.52,0.55,0.57,1.25,,1.22,1.24
>10,female,Single,1.35,2.52,2.5,2.51,3,5.0,1.04,5.0,5.0,0.97,0.99,5.0,5.0,0.51,0.52,0.54,0.56,1.27,1.25,1.24,1.26
>10,male,Single,1.28,1.57,2.51,2.52,3,2.97,1.02,5.0,5.0,0.96,0.97,5.0,5.0,0.5,0.51,0.53,0.56,1.28,1.27,1.25,1.28
>10,male,Single,1.32,2.55,2.53,2.53,3,2.96,1.0,5.0,5.0,0.94,0.96,5.0,5.0,0.0,0.51,0.52,0.55,1.3,1.28,1.27,1.29
<5,?,Single,1.32,2.56,2.54,2.56,3,2.96,0.98,5.0,1.56,0.92,0.94,5.0,5.0,0.0,0.0,0.51,0.54,1.32,1.3,1.29,1.33
<5,male,Single,1.34,2.58,2.56,2.57,3,2.96,0.96,5.0,5.0,0.9,0.91,5.0,5.0,0.0,0.0,0.51,0.53,1.34,1.32,1.31,1.34
<5,male,Single,1.37,2.59,2.57,2.58,3,2.95,0.95,5.0,0.9,0.88,0.89,5.0,5.0,0.0,0.0,0.51,,1.35,1.34,1.33,1.36
<5,,Single,1.39,2.6,2.59,2.59,3,2.95,0.93,5.0,5.0,0.87,0.87,5.0,5.0,0.0,0.0,0.0,0.52,1.37,1.36,1.34,1.38
<5,male,Single,1.4,2.62,1.46,1.48,3,2.95,0.91,5.0,0.87,0.85,0.86,5.0,5.0,0.0,0.0,0.51,0.51,1.39,1.38,1.36,1.39
<5,male,Single,1.42,1.64,2.61,2.62,3,2.95,0.9,5.0,5.0,0.83,0.85,5.0,5.0,0.0,0.0,0.0,0.51,1.4,1.39,1.38,1.41
<5,male,Single,1.43,1.48,1.66,1.5,3,2.95,0.89,5.0,5.0,0.82,0.83,5.0,5.0,0.0,0.0,1.93,0.5,1.42,1.4,1.39,1.4
>10,female,Single,1.43,1.46,1.65,2.62,3,5.0,5.0,5.0,5.0,0.82,0.82,5.0,5.0,0.0,0.0,0.0,0.0,1.42,,1.39,1.4
>10,male,Single,1.42,1.45,1.46,2.62,3,5.0,5.0,5.0,5.0,0.82,0.83,5.0,5.0,0.0,,0.0,0.0,1.42,1.4,1.39,1.39
>10,female,Single,1.42,1.45,1.46,2.62,3,5.0,5.0,5.0,5.0,0.83,0.83,5.0,5.0,0.0,0.0,0.0,0.0,1.42,1.4,1.38,1.39
>10,male,Single,1.41,1.45,1.47,2.62,3,5.0,5.0,5.0,5.0,0.83,0.83,5.0,5.0,0.0,0.0,,0.0,1.42,1.4,1.38,1.39
>10,male,Single,1.41,1.44,1.46,2.62,3,5.0,5.0,5.0,5.0,0.83,0.83,5.0,5.0,0.0,0.0,0.0,0.0,1.42,1.4,1.38,1.39
>10,female,Single,1.4,5.0,1.46,2.62,3,5.0,5.0,5.0,5.0,0.83,0.83,5.0,5.0,0.0,0.0,0.0,0.0,1.42,1.41,1.38,1.39
,female,Single,1.4,1.61,1.45,2.62,3,5.0,5.0,5.0,5.0,0.83,0.82,5.0,5.0,0.0,0.0,0.0,0.0,0.83,1.41,1.38,1.39
<5,male,Single,1.4,1.61,1.45,2.62,3,5.0,5.0,5.0,5.0,5,0.82,0.85,5.0,0.0,0.0,0.0,0.0,0.82,1.41,1.38,1.39
<5,male,Single,1.4,1.61,1.45,2.62,3,5.0,5.0,5.0,1.56,5,0.83,0.84,1.01,0.0,0.0,0.0,0.0,0.8,1.41,1.38,1.39
<5,female,Single,1.4,1.61,1.45,2.62,3,5.0,5.0,5.0,5.0,5,0.82,0.84,1.01,0.0,0.0,0.0,0.0,0.8,1.42,1.38,1.39
<5,male,Single,1.4,1.61,1.45,2.62,3,5.0,5.0,5.0,5.0,5,0.82,0.84,1.01,0.0,0.0,0.0,0.0,0.8,1.41,1.38,1.39
<5,female,Single,1.4,1.44,1.45,2.62,3,5.0,5.0,5.0,5.0,0.84,0.83,0.84,1.01,0.0,0.0,0.0,0.0,0.8,1.41,1.39,1.39
<5,male,Single,1.39,1.44,1.45,2.62,3,5.0,5.0,5.0,5.0,5,0.83,0.84,1.01,0.0,0.0,0.0,0.0,0.8,1.42,1.39,1.39
<5,male,Single,1.39,1.43,1.44,2.62,3,5.0,5.0,5.0,5.0,0.83,0.82,0.84,1.01,0.0,0.0,0.0,,0.79,1.42,1.39,1.39
<5,,Single,1.39,1.45,1.44,2.62,3,5.0,5.0,5.0,5.0,0.83,0.82,0.84,1.01,0.0,0.0,0.0,0.0,0.79,1.42,1.39,1.39
<5,male,Single,1.39,1.45,1.44,2.62,3,5.0,5.0,5.0,5.0,0.84,0.82,0.84,5.0,0.0,0.0,,3.27,0.79,1.42,1.39,1.38
>10,male,Single,1.39,1.42,1.44,2.62,3,5.0,5.0,5.0,5.0,0.84,0.82,0.84,2.43,0.0,0.0,0.0,3.26,0.79,1.47,1.39,1.38
>10,male,Single,1.39,1.42,1.44,2.62,3,5.0,5.0,5.0,5.0,0.84,0.82,0.84,5.0,0.0,0.0,0.0,3.26,0.79,1.47,1.39,1.38
>10,female,Single,1.39,1.41,1.44,2.62,3,5.0,5.0,5.0,5.0,0.83,0.82,,2.39,0.0,0.0,,3.27,0.52,1.52,1.39,1.38
>10,male,Single,1.39,1.41,1.44,2.62,3,3.27,3.95,5.0,5.0,0.83,0.82,0.84,2.58,0.0,0.0,0.0,0.0,0.52,1.52,1.4,1.38
>10,female,Single,1.39,1.41,1.44,2.63,3,3.27,5.0,5.0,5.0,0.83,0.82,5.0,2.6,0.0,,0.0,0.0,0.79,1.44,1.42,1.38
>10,male,Single,1.39,1.41,2.16,2.63,3,3.27,5.0,5.0,5.0,0.84,0.82,5.0,5.0,0.0,0.0,0.0,0.0,0.0,1.43,1.39,1.38
>10,female,Single,1.41,1.41,2.65,2.63,3,3.27,5.0,0.9,5.0,0.84,0.82,0.84,5.0,0.0,0.0,0.0,0.0,0.0,1.43,1.39,1.38
>10,male,Single,1.39,1.42,1.44,1.47,3,3.27,3.29,5.0,5.0,5,0.83,0.83,5.0,0.0,0.0,0.0,0.0,0.0,1.44,1.4,1.38
>10,male,Single,1.38,1.42,1.43,1.46,3,3.27,5.0,5.0,5.0,5,0.83,0.83,5.0,0.0,0.0,0.0,0.0,0.0,1.44,1.4,1.38
>10,female,Single,1.38,1.4,1.43,1.45,3,3.27,3.29,,5.0,5,0.83,0.83,5.0,0.53,0.0,0.0,0.0,0.0,0.79,1.4,1.38
>10,male,Single,1.38,1.4,1.42,1.44,3,3.27,3.29,5.0,5.0,5,0.84,0.83,5.0,0.0,0.0,0.0,0.0,0.0,0.78,1.42,1.38
<5,female,Single,1.38,1.39,1.42,1.44,3,3.27,3.28,5.0,5.0,5,0.84,0.83,0.84,0.55,0.0,0.0,0.0,1.54,0.78,1.41,1.39
<5,male,Single,1.38,1.39,1.44,1.43,3,3.28,5.0,5.0,5.0,0.86,0.83,0.83,0.84,0.0,0.0,0.0,0.0,1.55,0.78,1.41,1.41
>10,male,Single,1.38,1.39,1.43,,3,3.28,5.0,5.0,5.0,5,0.84,0.83,0.84,,0.0,0.0,0.0,1.55,0.79,1.41,1.39
5-10,female,Single,1.38,1.39,1.43,1.43,3,3.28,5.0,5.0,5.0,5,0.84,0.83,0.83,0.54,0.0,0.0,0.0,0.0,0.0,1.41,1.39
5-10,male,Single,1.38,1.4,1.42,2.66,3,3.29,3.31,5.0,5.0,5,0.84,0.83,5.0,0.54,0.0,0.0,0.0,0.0,,1.41,1.39
>10,male,Single,1.38,1.39,1.42,5.0,1,3.3,3.29,5.0,5.0,5,0.84,0.83,0.84,0.0,0.0,0.0,0.0,0.0,0.0,1.42,1.39
>10,female,Single,1.38,1.38,1.41,5.0,3,2.68,3.29,5.0,5.0,5,0.84,0.83,0.83,0.0,0.0,0.0,0.0,0.0,0.0,1.43,1.4
>10,?,Single,,1.38,1.4,5.0,3,3.28,3.29,5.0,5.0,5,1.04,0.85,0.83,0.0,0.0,0.0,0.0,0.0,0.0,,1.4
>10,,Single,1.39,1.38,1.4,1.6,3,3.28,3.29,5.0,5.0,5,1.03,0.83,0.83,0.0,0.0,0.0,0.0,0.0,5.0,0.77,1.43
<5,male,Single,1.4,1.38,1.4,1.43,1,3.29,3.29,5.0,5.0,5,1.03,5.0,0.83,0.0,0.0,0.0,0.0,0.0,5.0,0.77,1.42
>10,female,Single,1.39,1.38,1.39,1.41,1,3.28,3.29,3.31,5.0,5,1.04,0.83,0.82,0.0,0.0,0.0,0.0,0.0,1.57,0.77,1.41
<5,female,Single,0.53,1.38,1.39,1.41,1,2.67,3.29,5.0,5.0,5,5.0,0.83,0.82,5.0,0.0,0.0,0.0,0.0,3.26,0.0,1.42
<5,female,Single,0.52,1.38,1.42,1.56,3,2.67,3.29,5.0,5.0,5,0.86,0.84,0.82,5.0,0.52,0.0,0.0,0.0,3.25,0.0,0.0
>10,male,Single,0.51,1.38,1.4,1.57,5,2.67,3.3,5.0,5.0,5,5.0,5.0,0.82,5.0,0.0,0.0,0.0,0.0,1.56,0.0,0.0
>10,male,Single,0.5,1.39,1.4,1.44,1,2.67,2.69,5.0,5.0,5,5.0,5.0,0.82,5.0,0.51,,0.0,0.0,0.0,0.0,0.0
5-10,male,Married,0.0,1.39,1.39,1.41,3,2.67,2.7,3.31,3.33,5,5.0,0.99,0.82,5.0,0.0,5.0,0.0,0.0,0.0,0.0,0.0
<5,male,Single,0.0,1.39,1.39,1.41,2,2.67,2.69,3.31,5.0,5,5.0,1.01,0.84,5.0,0.0,5.0,0.0,0.0,0.0,0.0,0.0
<5,female,Married,0.0,1.4,1.39,1.4,2,2.68,2.69,3.31,5.0,5,5.0,5.0,5.0,0.97,0.0,0.0,0.0,0.0,0.0,0.0,0.76
<5,male,Married,1.42,1.42,1.39,1.4,1,2.68,2.69,3.31,5.0,5,5.0,5.0,0.82,0.98,,0.0,0.0,0.0,0.0,0.0,0.0
<5,?,Married,0.0,1.4,1.39,1.4,1,2.68,2.7,3.31,5.0,5,5.0,0.85,0.82,0.97,0.0,0.0,0.0,0.0,0.0,0.0,0.0
<5,female,Married,0.0,1.4,1.39,1.4,1,2.68,3.27,3.32,3.33,5,5.0,5.0,0.82,2.37,5.0,0.0,0.0,0.0,0.0,0.0,0.0
<5,female,Married,0.0,1.41,1.4,1.4,1,2.69,3.26,3.32,5.0,5,5.0,5.0,5.0,2.36,5.0,0.51,0.0,0.0,0.0,0.0,0.0
<5,female,Married,0.0,0.0,1.4,1.41,2,2.69,2.7,3.31,3.32,5,0.9,5.0,5.0,2.35,5.0,0.0,0.0,0.0,0.0,0.0,0.0
<5,female,Married,0.0,1.41,1.4,1.4,2,2.7,2.69,3.33,3.32,5,5.0,5.0,5.0,2.34,5.0,,0.0,0.0,0.0,0.0,0.0
<5,?,Married,0.0,1.42,1.4,1.4,1,2.71,2.69,3.32,3.33,5,5.0,5.0,5.0,2.33,5.0,5.0,0.0,0.0,0.0,0.0,0.53
<5,,Married,0.0,1.42,1.41,1.4,1,2.73,2.69,2.72,3.32,5,5.0,5.0,5.0,5.0,0.96,5.0,0.0,0.0,0.0,0.0,1.49
<5,male,Married,0.77,1.43,1.41,1.4,1,3.28,2.7,2.71,3.32,3.35,5.0,5.0,5.0,0.83,0.95,5.0,0.0,0.0,0.0,0.0,0.0
<5,female,Married,0.0,1.44,1.42,1.41,1,5.0,2.7,2.71,3.32,5,5.0,5.0,5.0,0.82,0.94,0.0,0.0,0.0,0.0,0.0,1.56
<5,female,Married,0.0,1.46,1.43,1.41,1,1.47,2.7,2.72,3.33,5,5.0,,5.0,0.82,0.94,5.0,0.0,0.0,0.0,0.0,1.56
<5,male,Married,0.0,0.0,1.42,1.41,1,2.73,2.7,3.33,3.33,5,5.0,5.0,5.0,5.0,0.94,5.0,0.0,0.0,0.0,0.0,0.0
<5,female,Married,0.0,0.0,1.42,1.41,1,2.72,2.7,3.32,3.33,5,5.0,5.0,5.0,5.0,0.94,5.0,0.0,0.0,0.0,0.0,0.0
<5,male,Married,0.0,0.0,1.42,1.41,1,2.72,2.7,3.32,3.33,5,5.0,5.0,5.0,,0.94,5.0,0.0,0.0,0.0,0.0,0.0
<5,,Married,0.0,0.0,1.42,1.41,1,5.0,2.7,3.32,3.33,5,5.0,,5.0,5.0,0.94,5.0,0.0,0.0,0.0,0.0,0.0
<5,male,Married,0.0,0.0,1.42,1.41,1,5.0,2.7,3.32,3.33,5,5.0,5.0,5.0,0.82,0.94,5.0,0.0,0.0,0.0,0.0,0.0
<5,,Married,0.0,0.0,1.42,1.41,2,2.74,2.7,3.32,3.32,5,5.0,5.0,5.0,0.82,5.0,5.0,0.0,0.0,0.0,0.0,0.0
<5,female,Married,0.0,0.0,1.42,1.41,1,2.74,2.7,3.32,3.32,5,5.0,5.0,5.0,5.0,2.28,5.0,0.0,0.0,0.0,0.0,0.0
<5,male,Married,0.0,,1.42,1.41,1,5.0,2.71,3.32,3.33,3.35,5.0,3.96,5.0,5.0,1.0,5.0,0.0,0.0,0.0,,0.0
<5,female,Married,0.0,0.0,1.43,1.41,1,5.0,1.52,3.33,3.33,3.34,3.96,5.0,5.0,5.0,5.0,5.0,0.0,0.0,0.0,0.0,0.0
<5,female,Married,0.0,0.0,0.0,1.41,1,5.0,1.5,2.72,2.74,3.33,3.99,5.0,5.0,2.01,2.25,0.94,5.0,,0.0,0.0,0.0
>10,?,Married,0.0,0.0,1.43,1.42,1,1.48,1.51,2.72,2.73,3.34,5.0,5.0,5.0,2.05,5.0,0.93,0.0,0.0,0.0,0.0,0.0
>10,female,Married,0.0,0.0,1.44,1.42,1,5.0,1.51,2.71,2.73,3.34,5.0,5.0,5.0,2.03,5.0,0.93,0.0,0.0,0.0,0.0,0.0
>10,male,Married,0.0,,1.45,1.43,1,1.48,1.48,2.72,2.73,3.34,5.0,5.0,5.0,0.8,5.0,,0.0,0.0,0.0,0.0,0.0
>10,male,Married,0.0,0.0,1.45,1.43,1,1.48,1.48,2.72,2.73,3.34,5.0,5.0,5.0,0.79,5.0,0.92,0.0,0.0,0.0,0.0,0.0
>10,male,Married,0.0,0.0,1.45,1.43,1,1.48,1.48,2.71,2.73,3.34,5.0,5.0,5.0,0.8,5.0,0.92,0.0,,,0.0,0.0
>10,male,Married,0.0,0.0,1.45,1.43,1,1.48,1.48,2.71,2.73,3.34,5.0,5.0,5.0,0.8,5.0,0.92,0.0,0.0,0.0,0.0,0.0
>10,female,Married,0.0,0.0,1.45,1.43,1,1.48,1.48,2.72,2.73,3.34,5.0,5.0,5.0,0.8,5.0,0.92,0.0,0.0,0.0,0.0,0.0
>10,female,Married,0.0,0.0,1.45,1.43,1,1.48,1.48,2.72,2.73,3.34,5.0,5.0,5.0,0.8,0.94,0.92,0.0,0.0,0.0,0.0,0.0
>10,,Married,0.0,0.0,1.53,1.43,1,1.48,1.48,2.72,2.73,3.34,5.0,5.0,5.0,0.8,5.0,0.92,0.0,0.0,0.0,0.0,0.0
>10,female,Married,0.0,0.0,1.53,1.43,1,1.46,1.48,2.71,2.73,3.33,5.0,5.0,5.0,0.79,5.0,0.92,0.0,0.0,0.0,0.0,0.0
>10,female,Married,0.0,0.0,1.48,1.43,1,1.48,1.48,2.71,2.73,3.33,2.94,5.0,5.0,0.78,0.8,0.92,0.0,0.0,0.0,0.0,0.0
>10,male,Married,0.0,0.0,1.48,,1,1.46,1.48,2.71,2.72,3.33,2.92,5.0,5.0,0.78,0.8,0.92,0.0,0.0,0.0,0.0,0.0
>10,female,Married,0.0,0.0,1.5,1.44,1,1.46,1.49,2.71,2.72,3.32,5.0,5.0,5.0,0.77,0.79,,,0.0,0.0,0.0,0.0
>10,female,Married,0.0,0.0,1.51,1.45,1,1.46,1.49,2.7,2.72,3.32,5.0,5.0,5.0,0.77,0.78,0.92,0.0,0.0,0.0,0.0,0.0
>10,female,Married,0.0,0.0,1.51,1.46,1,1.47,1.49,2.7,3.32,3.31,5.0,5.0,5.0,0.77,0.77,0.93,0.0,0.0,0.0,0.0,0.0
>10,male,Married,0.0,0.0,1.52,1.46,1,1.47,1.49,2.69,3.32,3.3,5.0,5.0,5.0,0.76,0.77,0.93,0.0,0.0,0.0,0.0,0.0
>10,male,Married,0.0,0.0,1.53,1.45,1,1.48,1.5,2.69,3.31,3.29,5.0,5.0,5.0,0.76,,0.93,0.0,0.0,0.0,0.0,0.0
>10,female,Married,0.0,0.0,1.53,1.46,1,1.48,1.5,2.68,3.29,3.28,5.0,5.0,5.0,0.75,0.76,2.11,5.0,0.0,0.0,0.0,0.0
>10,female,Married,0.0,,1.54,1.46,1,1.48,1.51,2.68,3.29,3.27,5.0,5.0,5.0,0.75,0.76,5.0,5.0,0.0,0.0,0.0,0.0
>10,female,Married,0.0,0.0,1.5,1.47,1,1.5,1.51,2.67,2.72,3.27,5.0,5.0,5.0,0.74,0.75,5.0,5.0,0.0,0.0,0.0,0.0
>10,female,Married,0.0,0.5,1.57,1.47,1,1.51,1.52,2.67,2.68,3.26,5.0,5.0,5.0,0.74,0.75,5.0,5.0,0.56,0.0,0.0,0.0
>10,female,Married,0.0,0.51,1.51,1.48,1,1.51,1.52,2.66,2.67,3.25,5.0,5.0,5.0,0.73,0.75,5.0,5.0,0.0,0.0,0.0,0.0
>10,male,Married,0.0,,1.51,1.48,1,1.52,1.53,2.65,2.67,3.24,5.0,5.0,5.0,0.73,0.74,5.0,5.0,0.0,0.0,0.0,0.0
>10,male,Married,0.51,1.54,0.57,1.49,1,1.69,1.53,2.64,3.25,3.22,5.0,5.0,5.0,0.72,0.74,,5.0,0.51,0.0,0.0,0.0
>10,female,Married,0.52,1.55,0.59,1.5,1,1.7,1.54,2.63,2.65,3.21,5.0,5.0,5.0,0.72,0.73,5.0,5.0,0.53,0.51,0.0,0.5
>10,female,Married,0.54,1.56,0.61,1.5,1,5.0,1.54,2.62,2.63,3.19,5.0,5.0,5.0,0.71,0.72,5.0,0.98,0.54,0.52,0.51,0.52
>10,female,Married,0.55,0.59,0.62,1.51,2,1.73,1.55,2.61,2.62,3.17,5.0,5.0,5.0,0.71,0.72,5.0,0.98,0.56,0.54,0.53,0.54
>10,male,Married,0.57,1.57,1.55,1.52,2,5.0,1.56,2.6,2.6,3.16,5.0,5.0,5.0,0.7,0.71,5.0,0.97,0.58,0.56,0.55,0.56
>10,male,Married,0.59,1.57,1.55,1.53,2,1.76,1.56,2.59,2.6,3.14,5.0,5.0,5.0,0.7,0.71,5.0,0.98,0.6,0.58,0.57,0.57
>10,male,Married,0.65,1.6,1.57,1.55,2,5.0,1.58,2.55,2.56,3.08,3.1,5.0,5.0,0.68,0.71,5.0,0.72,0.65,0.63,0.62,0.63
<5,male,Married,0.67,1.61,1.58,1.56,2,5.0,1.59,2.53,2.54,3.06,5.0,5.0,5.0,0.67,0.69,5.0,0.71,0.67,0.65,0.64,0.65
<5,male,Married,0.69,0.72,1.59,1.56,2,5.0,1.59,2.52,2.53,3.04,5.0,5.0,5.0,0.67,0.69,5.0,5.0,0.69,0.67,0.66,0.67
>10,female,Married,0.7,0.74,1.6,1.57,2,5.0,1.6,2.51,2.52,3.02,5.0,5.0,5.0,,0.68,0.72,0.76,0.71,0.69,0.68,0.69
>10,male,Married,0.73,0.75,1.6,1.57,2,5.0,1.61,2.5,2.5,3,5.0,5.0,5.0,0.65,0.68,0.71,0.78,0.73,0.71,0.7,0.71
>10,male,Married,0.74,1.63,1.61,1.58,2,5.0,1.62,2.48,2.5,2.98,5.0,3.57,5.0,0.65,0.66,0.71,5.0,0.75,0.73,0.72,0.73
>10,male,Married,0.76,0.79,1.64,1.59,2,5.0,1.62,2.47,3.06,2.97,5.0,5.0,5.0,0.64,0.65,0.71,5.0,0.77,0.75,0.74,0.75
>10,male,Married,0.78,1.85,1.79,1.6,2,1.63,1.63,2.46,3.04,2.94,2.66,,5.0,0.64,0.65,0.71,5.0,0.79,0.77,0.76,0.82
>10,?,Married,0.8,1.65,1.64,1.6,2,5.0,1.64,2.44,2.94,2.92,2.64,5.0,5.0,,0.63,0.72,0.85,,0.79,0.78,0.79
>10,,Married,0.82,0.85,1.64,1.61,2,5.0,1.65,2.43,3.01,2.91,2.65,5.0,5.0,0.62,0.63,0.72,0.87,0.82,0.81,0.8,0.81
>10,male,Married,0.84,0.87,1.64,1.61,2,5.0,1.65,2.42,3.0,2.89,2.9,5.0,5.0,0.63,0.62,0.73,5.0,0.84,0.83,0.81,0.83
>10,male,Married,0.86,0.89,1.67,1.62,2,5.0,1.66,2.43,2.98,2.87,2.91,5.0,5.0,0.66,0.61,2.66,2.68,0.86,0.84,0.83,0.9
>10,male,Married,0.88,0.9,1.66,1.63,2,1.66,1.67,2.97,2.97,2.85,2.58,5.0,5.0,0.65,0.61,,2.69,0.88,0.86,0.85,0.87
>10,female,Married,0.92,0.93,1.67,1.63,2,5.0,2.97,2.38,2.95,2.83,2.87,5.0,5.0,0.64,0.61,1.97,2.69,0.9,0.88,,0.89
>10,,Married,0.92,0.95,1.7,1.64,2,5.0,2.96,2.37,2.94,2.81,2.55,5.0,5.0,0.63,0.6,2.68,2.71,0.92,0.9,0.89,0.95
>10,male,Married,0.94,0.96,1.68,1.65,2,5.0,2.95,2.36,2.93,2.79,2.54,5.0,5.0,0.63,0.6,2.69,5.0,0.94,0.92,0.91,0.95
>10,male,Married,1.76,0.98,1.68,1.65,2,5.0,2.93,2.35,2.91,2.77,2.51,5.0,5.0,0.62,0.59,2.7,5.0,,0.94,0.93,1.0
>10,?,Married,1.77,1.0,1.69,1.66,2,5.0,1.71,2.34,2.9,2.75,2.47,5.0,5.0,0.62,0.59,0.64,5.0,0.97,0.96,,0.99
>10,male,Married,1.02,1.02,1.7,1.67,2,5.0,2.9,2.33,2.75,2.73,2.47,5.0,5.0,0.61,0.59,2.71,0.66,0.99,0.98,0.96,0.99
>10,male,Married,1.04,1.04,1.7,1.68,2,5.0,2.88,2.32,2.87,2.72,2.76,5.0,5.0,0.61,0.59,0.63,0.65,1.01,1.0,0.98,1.02
>10,male,Married,1.79,1.06,1.74,1.69,2,5.0,1.73,2.86,2.72,2.7,5.0,5.0,5.0,0.6,0.59,2.73,0.66,1.04,1.02,1.0,1.04
>10,male,Married,1.79,1.74,1.74,1.69,2,5.0,1.73,2.85,2.85,2.28,2.73,5.0,5.0,0.59,0.61,0.63,0.64,,1.03,1.02,1.13
>10,male,Married,1.8,1.1,2.03,1.7,2,5.0,1.73,2.83,2.84,2.26,5.0,5.0,5.0,0.59,0.6,1.71,0.64,1.07,1.05,1.04,1.06
>10,male,Married,3.44,2.12,2.04,1.7,2,5.0,1.74,2.82,2.83,2.25,2.69,5.0,5.0,0.58,0.59,0.61,0.63,1.08,1.07,1.06,1.09
>10,female,Married,5.0,2.12,2.06,1.71,2,5.0,1.75,2.81,2.82,2.63,2.66,5.0,5.0,0.58,0.58,0.61,,1.1,1.09,1.07,1.18
>10,female,Married,1.12,2.14,2.08,1.72,2,5.0,1.76,2.8,2.81,2.6,2.64,5.0,5.0,0.57,0.6,1.75,0.62,1.12,1.11,1.09,1.11
>10,male,Married,1.17,2.16,2.09,1.72,2,2.02,1.76,2.78,2.6,2.59,5.0,2.93,5.0,0.56,0.57,0.59,0.61,1.14,1.13,1.11,1.13
>10,female,Married,1.16,1.56,2.11,1.73,2,2.01,1.77,2.77,2.59,2.57,2.61,5.0,5.0,0.56,0.57,0.59,0.61,1.16,1.14,1.13,1.16
>10,male,Married,1.18,1.57,2.13,1.74,2,2.01,1.78,2.76,2.77,2.55,2.59,2.9,5.0,0.55,0.56,0.58,0.6,1.18,1.16,1.15,3.47
>10,male,Married,1.2,1.59,1.28,1.74,2,2.0,1.79,2.75,2.24,2.53,5.0,2.87,5.0,0.55,0.55,0.58,0.6,1.34,1.18,1.17,1.22
>10,female,Married,1.22,1.62,1.78,1.75,2,2.01,1.79,2.73,2.52,2.51,2.54,5.0,5.0,0.54,0.55,0.57,0.59,1.35,1.2,1.19,1.2
>10,female,Married,1.44,2.22,1.79,1.76,2,2.01,1.8,2.72,2.17,2.49,2.53,5.0,5.0,0.53,0.54,0.57,0.58,1.36,1.22,1.21,1.22
>10,female,Married,2.28,1.28,1.79,1.77,2,2.01,1.81,2.71,2.15,2.47,2.51,2.82,5.0,0.53,0.53,1.56,0.58,1.38,1.24,1.23,1.27
>10,female,Married,1.27,1.3,1.8,1.77,2,2.01,1.82,2.7,2.14,2.45,2.49,2.81,5.0,0.52,0.53,0.63,0.57,1.28,1.27,1.25,1.28
>10,female,Married,1.29,1.33,1.82,1.78,2,5.0,1.82,2.69,2.13,2.43,2.46,2.78,5.0,0.51,0.52,0.55,0.57,1.29,1.3,1.26,1.3
>10,male,Married,1.31,1.84,1.82,1.79,2,5.0,1.83,2.36,2.43,2.41,5.0,2.75,5.0,0.51,0.52,0.61,0.56,1.31,1.42,1.28,1.32
>10,female,Married,1.33,1.85,2.3,1.8,2,5.0,1.84,2.67,2.41,2.39,2.44,2.73,2.95,0.5,0.53,2.92,0.55,1.33,1.34,1.3,1.31
>10,male,Married,1.35,1.38,1.84,1.81,2,5.0,1.85,2.32,2.39,2.37,2.42,2.71,2.94,0.0,0.5,0.53,0.54,1.34,1.34,1.32,1.33
>10,male,Married,1.39,1.4,2.34,1.81,2,5.0,1.85,2.31,2.37,2.35,2.48,2.69,5.0,0.0,0.0,0.59,0.54,1.36,1.35,1.34,1.35
>10,female,Married,1.42,1.41,2.36,1.82,2,5.0,1.86,2.31,2.35,2.34,2.37,,5.0,1.93,0.0,0.58,0.53,1.38,1.37,1.36,1.39
>10,female,Married,1.4,1.89,1.48,1.83,2,5.0,1.87,2.12,2.33,2.32,2.34,,5.0,1.93,0.0,0.51,0.52,1.4,,,1.4
>10,female,Married,1.42,1.89,2.39,1.84,2,5.0,1.88,2.07,2.31,2.3,5.0,2.63,5.0,1.95,,0.55,0.52,1.42,1.4,1.39,1.42
5-10,male,Married,1.44,2.41,2.41,1.84,2,5.0,1.89,2.04,2.29,2.28,5.0,2.61,2.84,1.65,0.0,0.58,0.51,1.44,1.42,1.41,1.43
5-10,male,Married,1.46,1.89,2.43,1.85,2,5.0,1.9,2.26,2.27,2.26,2.28,2.59,2.82,5.0,0.0,0.54,0.5,1.46,1.44,1.43,1.45
5-10,male,Married,1.48,1.51,2.45,1.86,2,5.0,1.91,2.01,2.26,2.24,2.27,2.57,5.0,5.0,0.0,0.55,0.7,1.47,1.46,1.45,1.46
>10,female,Married,1.49,1.52,1.9,1.86,2,5.0,1.91,2.0,2.24,2.23,2.25,,5.0,5.0,0.0,0.0,0.71,1.49,1.48,1.47,1.47
>10,female,Married,1.92,1.54,1.91,1.87,2,5.0,1.92,2.58,2.22,2.21,2.22,2.54,5.0,5.0,0.0,0.53,0.64,1.51,1.49,1.48,1.49
>10,female,Married,1.56,1.55,1.91,1.88,2,5.0,1.92,5.0,2.21,2.19,2.24,2.52,5.0,5.0,0.0,0.51,0.66,1.52,1.51,1.5,1.5
>10,female,Married,1.67,1.57,1.6,1.88,2,5.0,2.05,5.0,2.19,2.18,2.23,2.5,5.0,5.0,0.0,0.5,0.68,1.54,1.52,1.51,1.52
>10,male,Married,1.59,1.58,1.62,1.89,2,5.0,2.05,5.0,2.18,2.17,2.2,2.49,5.0,5.0,0.0,0.5,0.69,1.55,1.53,1.52,1.53
5-10,female,Married,1.57,1.59,1.63,1.9,2,5.0,1.94,2.55,2.17,2.15,2.18,2.47,5.0,5.0,5.0,0.52,0.67,1.56,1.55,1.54,1.54
5-10,male,Married,1.57,1.61,1.64,1.9,2,5.0,2.03,2.37,2.16,2.14,2.16,2.46,5.0,5.0,4.59,0.0,1.61,1.57,1.56,1.55,1.56
>10,male,Married,1.58,2.55,2.56,1.9,2,5.0,1.95,2.53,2.14,2.13,2.15,2.45,5.0,5.0,4.59,0.0,0.66,1.58,1.57,1.56,1.57
>10,male,Married,1.59,2.56,2.57,,2,5.0,2.04,2.52,2.13,2.12,2.14,2.44,5.0,5.0,5.0,0.0,0.67,1.59,1.58,1.57,1.6
5-10,female,Married,1.6,1.64,2.57,1.91,2,5.0,1.96,2.51,2.12,2.11,2.13,2.43,5.0,5.0,5.0,0.0,0.63,1.61,1.59,1.58,1.59
5-10,female,Married,1.61,2.58,2.58,1.92,2,5.0,1.96,2.51,2.11,2.1,2.14,2.42,2.65,5.0,5.0,0.0,0.63,1.61,1.6,1.59,1.62
>10,male,Married,1.62,1.77,2.59,1.92,2,5.0,2.02,2.51,2.1,2.09,2.11,2.41,2.64,5.0,5.0,0.0,0.64,1.62,1.61,1.6,1.62
>10,,Married,1.63,1.78,2.6,1.93,2,5.0,1.97,2.51,2.1,2.08,2.11,2.4,2.63,5.0,5.0,0.0,0.57,1.63,1.62,1.61,1.63
5-10,female,Married,1.64,1.79,2.61,1.93,2,5.0,1.97,2.5,2.09,2.07,2.09,2.39,2.62,5.0,5.0,0.0,0.57,1.64,1.63,1.62,1.63
5-10,male,Married,1.66,2.06,2.61,1.93,2,5.0,2.01,2.36,2.08,2.06,2.08,2.38,2.61,1.49,5.0,0.0,0.56,1.65,1.64,1.62,1.63
5-10,female,Married,1.67,2.62,2.62,1.94,2,5.0,2.02,2.49,2.07,2.06,2.07,2.37,2.6,1.49,5.0,3.64,0.57,1.66,1.64,1.63,1.64
5-10,male,Married,1.68,2.63,2.63,1.94,2,5.0,1.99,2.49,2.07,2.05,2.06,2.07,2.59,1.49,5.0,3.14,0.6,0.83,1.65,1.64,1.65
5-10,male,Married,1.68,2.65,2.64,1.95,2,5.0,1.99,2.48,2.06,2.04,2.04,2.07,2.58,5.0,5.0,5.0,0.54,0.81,1.66,1.65,1.66
5-10,?,Married,1.68,1.73,2.64,1.95,2,5.0,2.34,2.48,2.06,2.03,2.03,2.05,2.57,1.46,5.0,5.0,0.56,0.78,1.67,1.66,1.67
>10,male,Married,1.69,1.73,2.66,1.96,2,1.97,1.99,5.0,2.05,2.03,2.03,2.04,2.56,5.0,5.0,3.15,0.58,0.79,1.68,1.67,1.68
>10,,Married,1.69,1.77,2.67,1.96,2,1.97,1.99,5.0,2.28,2.02,2.01,2.03,2.55,5.0,5.0,3.16,3.13,0.7,1.7,1.68,1.68
>10,male,Married,1.7,5.0,2.67,1.97,2,1.97,1.99,2.11,2.03,2,2.0,2.02,2.54,5.0,4.2,5.0,0.52,0.71,1.71,1.69,1.69
5-10,female,Married,1.71,1.77,1.77,1.98,2,1.97,1.99,2.1,2.26,2,1.99,2.0,2.53,,4.19,5.0,0.0,0.71,1.73,1.7,1.7
5-10,female,Married,1.72,1.75,1.78,1.99,2,1.98,1.99,2.02,2.25,1.99,1.97,1.99,2.51,5.0,1.45,5.0,0.0,,1.75,1.72,1.71
>10,male,Married,1.73,1.76,1.78,5.0,2,1.98,2.45,2.01,2.24,2.01,1.96,1.97,1.99,5.0,1.43,5.0,1.84,0.61,1.77,1.73,1.73
>10,female,Married,1.75,1.77,1.8,5.0,5,1.99,2.03,2.08,2.23,1.98,1.95,1.96,1.98,5.0,1.43,5.0,1.85,0.61,1.81,1.75,1.74
5-10,male,Married,1.76,1.78,1.81,5.0,5,1.99,2.44,2.0,2.22,1.94,1.93,1.94,1.97,5.0,1.42,5.0,1.86,0.63,0.91,1.76,1.75
5-10,female,Married,1.78,1.8,1.82,3.21,2,2.01,2.0,2.06,2.2,1.93,1.91,,1.94,1.42,1.42,1.9,5.0,0.59,0.89,1.78,1.77
5-10,male,Married,1.79,1.82,1.84,3.21,2,2.02,2.03,2.04,2.19,1.91,1.9,2.0,1.93,1.42,1.41,5.0,1.91,0.6,0.91,1.8,1.79
5-10,female,Married,1.81,1.83,1.86,2.86,2,2.01,2.03,1.94,2.18,1.89,1.88,1.89,1.91,1.41,1.41,5.0,1.91,0.6,0.9,1.82,1.8
5-10,?,Married,1.83,1.85,1.87,,2,2.0,2.01,1.92,2.17,1.87,1.87,1.88,1.89,1.42,1.41,5.0,1.92,0.58,0.91,,1.82
5-10,female,Married,1.84,1.87,1.89,2.88,2,2.01,1.94,1.89,2.15,1.86,1.85,1.86,1.88,1.42,1.4,,5.0,0.57,0.85,1.85,1.84
5-10,male,Married,1.86,1.88,1.91,5.0,2,2.01,1.92,2.02,2.14,1.84,1.83,1.84,1.86,1.41,1.4,1.42,5.0,0.58,0.87,1.86,1.85
5-10,male,Married,1.88,1.91,1.93,5.0,2,2.01,2.01,2.01,2.13,1.85,1.82,1.83,1.84,1.41,1.4,1.41,1.99,0.59,0.97,1.88,1.87
5-10,female,Married,1.9,1.93,1.95,5.0,2,2.01,2.0,2.01,2.11,1.83,1.8,,1.83,1.41,1.4,1.41,1.44,0.58,0.99,1.89,1.89
5-10,female,Married,1.92,4.51,1.96,2.03,2,2.02,1.99,2.11,2.1,1.82,1.78,1.79,1.81,1.42,1.4,1.41,1.43,0.59,1.93,1.91,1.91
5-10,female,Married,1.93,2.89,1.98,2.02,2,2.03,1.98,2.09,1.94,1.78,1.76,1.78,1.8,1.44,1.4,1.41,1.43,0.6,1.95,1.93,1.92
5-10,,Married,1.95,,2.01,2.03,2,2.03,1.96,2.08,1.78,1.75,1.75,1.76,1.79,1.41,1.4,1.41,5.0,0.61,1.96,1.94,1.94
>10,female,Married,1.97,2.91,2.02,2.03,2,2.03,1.95,2.06,1.76,1.74,1.73,1.75,2.3,1.4,1.39,1.41,5.0,0.62,1.98,1.95,1.96
5-10,male,Married,1.99,2.04,2.04,2.03,2,2.04,1.79,2.05,1.74,1.72,1.72,1.74,2.28,1.39,1.39,1.42,2.04,0.63,1.98,1.97,1.97
5-10,male,Married,2.02,2.05,2.93,2.03,2,5.0,1.77,2.04,1.72,1.7,1.71,1.73,2.27,1.39,1.41,5.0,2.05,0.73,2.0,1.98,1.99
5-10,,Married,2.02,2.09,2.06,2.03,2,5.0,1.74,2.03,1.7,1.69,1.7,2.01,2.26,1.38,1.41,2.76,2.06,0.71,2.01,1.99,2.01
5-10,male,Married,2.04,2.94,2.06,2.03,2,2.06,1.73,1.71,1.69,1.68,1.68,2.0,2.25,1.38,1.39,2.75,2.07,0.75,1.49,2.01,2.03
5-10,male,Married,2.05,2.08,5.0,2.03,2,2.06,1.72,1.69,1.67,1.66,1.67,1.98,2.24,1.38,1.39,1.41,2.08,,1.49,2.02,2.03
5-10,,Married,2.07,2.1,5.0,2.05,2,2.06,1.7,1.85,1.66,1.65,1.66,1.97,2.23,1.38,1.39,1.42,5.0,0.83,2.05,2.03,2.05
5-10,female,Married,2.08,2.12,2.26,2.03,2,1.91,2.0,1.81,1.7,1.64,1.65,1.67,2.21,1.37,1.39,1.41,1.44,0.9,2.06,2.05,2.06
5-10,female,Married,2.13,2.99,2.06,2.04,2,1.9,1.98,1.82,1.64,1.62,1.64,1.95,2.2,1.37,1.39,5.0,2.12,0.92,2.06,2.06,2.08
<5,male,Married,2.1,3.01,2.05,2.04,2,1.9,1.97,1.63,1.62,1.61,1.63,1.94,2.2,1.37,1.42,1.42,0.72,2.09,2.07,2.08,2.11
<5,male,Married,2.1,3.03,2.05,2.04,2,1.73,1.97,1.62,1.6,1.6,1.92,2.18,2.22,1.38,5.0,5.0,,2.1,2.09,2.09,2.13
<5,male,Married,2.1,3.05,2.06,2.04,2,1.79,1.62,1.6,1.59,1.61,1.91,1.66,5.0,1.38,5.0,5.0,0.72,1.56,2.1,2.11,2.14
<5,male,Married,2.1,2.21,5.0,2.05,2,1.78,1.6,1.59,1.57,1.59,1.6,2.15,5.0,,1.39,,0.72,1.56,2.11,2.12,2.16
<5,female,Married,2.11,2.22,2.06,2.05,2,1.9,1.59,1.58,1.56,1.57,1.6,2.14,5.0,1.36,1.39,5.0,0.73,1.57,2.12,2.13,2.14
<5,male,Married,2.11,2.09,2.07,2.06,2,1.95,1.58,1.57,1.55,1.56,1.87,2.13,1.52,1.36,1.38,5.0,0.8,2.14,2.13,2.14,2.17
<5,female,Married,2.11,2.09,2.07,2.07,2,1.59,1.73,1.55,1.54,1.56,1.44,2.12,1.52,1.36,1.39,5.0,0.85,2.14,2.14,2.16,2.19
<5,?,Married,2.11,2.09,2.08,2.08,2,1.58,1.55,1.54,1.53,1.55,1.43,1.76,1.51,5.0,5.0,5.0,2.17,2.15,2.16,2.17,3.09
<5,male,Married,2.12,2.1,2.08,2.1,2,1.93,1.54,1.52,1.52,1.57,2.09,1.37,1.45,1.37,5.0,2.2,2.18,2.16,2.17,2.18,2.15
<5,male,Married,2.12,2.1,2.09,2.14,2,1.55,1.52,1.51,1.51,1.56,2.07,1.35,1.33,5.0,5.0,2.21,2.19,2.17,2.18,2.18,2.16
<5,male,Married,2.13,2.12,2.11,2.12,2,1.74,1.51,1.49,1.5,1.8,2.05,1.33,1.31,5.0,5.0,2.22,2.2,2.19,2.25,2.63,3.13
<5,?,Married,2.15,5.0,2.12,2.13,2,1.52,1.49,1.48,1.5,1.78,2.04,1.32,1.31,2.65,5.0,2.25,2.21,2.2,2.21,2.65,3.15
<5,male,Married,2.34,5.0,2.13,2.15,2,1.71,1.48,1.47,1.48,1.76,2.02,1.31,1.34,5.0,2.28,2.76,2.22,2.21,2.22,2.25,2.27
<5,,Married,2.45,2.16,2.15,2.19,2,1.48,1.48,1.46,1.47,1.75,2.01,1.41,1.28,5.0,5.0,2.75,2.23,2.23,2.24,2.26,3.19
<5,male,Married,2.18,2.17,2.17,2.18,2,1.47,1.45,1.45,1.47,1.73,1.64,1.34,1.26,5.0,2.29,2.28,2.24,2.24,2.26,2.31,3.22
<5,male,Married,2.2,2.18,2.18,2.12,2,1.71,1.44,1.44,1.46,1.72,1.61,1.33,1.24,5.0,2.3,2.28,2.25,2.25,2.28,2.32,2.35
>10,male,Married,2.2,2.19,5.0,1.91,2,1.45,1.42,1.44,1.59,1.95,1.27,1.25,1.23,5.0,5.0,2.27,2.26,2.3,2.32,2.33,3.26
<5,male,Married,2.21,,2.24,1.92,2,1.43,1.41,1.48,1.61,1.94,1.59,,1.21,5.0,2.3,2.28,2.27,2.3,4.62,3.25,3.29
<5,male,Married,2.23,2.22,5.0,1.93,2,1.42,1.41,1.42,1.67,1.46,1.94,1.21,1.2,5.0,2.3,0.86,2.27,2.29,4.62,3.26,5.0
<5,male,Married,2.26,2.23,2.24,1.93,2,1.41,1.4,1.41,1.43,1.91,1.93,1.2,1.18,5.0,2.31,2.29,2.28,2.29,4.63,3.28,5.0
<5,male,Married,2.26,2.24,2.25,1.93,2,1.42,1.39,1.4,1.42,1.45,1.32,1.22,1.17,2.57,2.33,0.87,2.29,2.3,4.63,3.29,5.0
<5,male,Married,5.0,2.26,2.26,1.94,2,5.0,1.39,1.4,1.42,1.45,1.28,1.2,1.16,1.1,2.34,2.33,2.3,2.31,4.64,2.37,5.0
<5,female,Married,2.29,2.27,2.28,1.79,2,5.0,1.38,1.4,1.62,1.44,1.27,1.18,1.14,1.09,5.0,2.32,2.3,2.31,5.0,2.36,5.0
<5,female,Married,2.29,2.28,2.3,1.96,2,1.4,1.37,1.39,1.61,1.44,1.16,1.14,1.13,1.08,2.35,0.82,2.31,2.32,5.0,2.39,5.0
<5,male,Married,2.3,2.3,2.32,1.98,2,1.38,1.37,1.42,1.42,1.84,1.14,1.12,1.12,1.07,2.34,0.82,2.32,,5.0,2.41,2.36
>10,male,Married,2.32,2.31,1.99,2.0,2,1.37,1.37,1.38,1.59,1.48,1.12,1.11,1.1,1.07,2.34,0.82,2.33,2.34,5.0,3.37,2.34
>10,male,Married,2.33,2.33,2.0,1.97,2,1.36,1.36,1.57,1.58,1.45,1.11,1.09,1.09,1.06,2.35,0.83,2.33,5.0,5.0,3.39,5.0
>10,female,Married,2.35,2.35,2.01,1.98,2,1.36,1.36,1.56,1.8,1.45,1.09,1.08,1.07,1.05,2.35,0.83,2.34,2.36,3.41,3.41,5.0
>10,female,Married,2.36,2.37,2.02,1.74,2,1.35,1.36,1.55,1.78,1.42,1.07,1.06,1.06,1.05,2.36,0.83,2.34,2.36,3.42,3.43,5.0
5-10,female,Married,2.38,2.39,2.03,1.74,2,1.35,1.36,1.54,1.77,1.78,1.05,1.04,1.06,1.04,4.21,0.83,2.35,2.37,3.43,3.45,2.4
5-10,male,Married,2.39,2.41,2.05,1.75,2,1.34,1.36,1.53,1.75,1.77,1.03,1.03,1.04,1.03,5.0,0.82,2.35,2.37,3.45,2.45,2.42
>10,male,Married,2.41,2.42,2.04,1.75,2,1.34,1.35,1.5,1.74,1.76,1.02,1.01,1.01,1.02,1.04,0.8,2.36,2.38,3.46,3.48,2.44
>10,female,Married,2.43,2.44,2.04,1.77,2,1.33,1.34,1.5,1.73,1.75,1.0,0.99,0.99,1.02,1.03,,2.36,,3.48,5.0,2.45
>10,male,Married,2.45,2.46,2.06,2.03,2,1.33,1.34,1.49,1.71,1.73,0.98,0.97,0.97,1.01,5.0,0.8,2.37,2.39,3.5,5.0,2.47
>10,?,Married,2.47,2.48,2.05,2.04,2,1.33,1.34,1.48,1.69,1.72,0.96,0.95,1.05,1.0,1.02,0.79,2.37,4.29,,5.0,2.49
>10,?,Married,2.49,2.52,2.07,2.05,2,1.32,1.33,1.47,1.68,1.69,0.94,0.93,0.96,0.99,1.01,0.8,2.38,4.3,3.53,5.0,2.51
>10,male,Married,2.51,2.53,2.0,2.06,2,1.32,1.33,1.46,1.66,1.67,0.92,0.91,0.92,0.98,0.99,0.8,2.38,4.32,4.77,3.57,2.52
>10,female,Married,2.53,2.55,2.01,2.07,2,1.31,1.32,1.45,1.65,1.66,0.9,0.89,0.9,0.97,0.99,0.8,2.39,4.33,3.57,5.0,2.54
>10,female,Married,2.55,2.57,2.03,2.09,2,1.31,1.32,1.44,1.63,1.64,0.88,0.87,0.88,0.96,0.98,0.81,2.4,4.35,3.58,5.0,2.56
>10,female,Married,2.57,2.6,2.05,1.37,2,1.31,1.32,1.44,1.62,1.63,0.86,0.85,0.86,0.95,0.97,0.81,2.4,4.37,3.6,3.65,2.58
>10,female,Married,2.59,2.6,2.13,1.83,2,1.3,1.31,1.61,1.6,1.62,0.84,0.83,0.84,0.94,0.96,0.81,2.41,4.38,3.67,5.0,2.6
>10,male,Married,2.61,2.61,2.14,1.84,2,1.3,1.31,1.59,1.59,1.6,0.82,0.81,0.85,0.93,0.95,0.82,2.42,4.39,3.65,5.0,2.62
<5,female,Married,2.62,2.18,2.15,1.85,2,1.29,1.31,1.47,1.58,5,0.81,0.79,0.8,0.92,0.94,0.82,0.83,4.4,3.69,3.65,2.64
<5,?,Married,2.64,2.64,2.16,1.85,2,1.29,1.3,1.46,1.57,1.63,0.79,0.78,0.79,0.92,0.93,0.82,0.83,4.42,3.72,3.66,2.65
>10,female,Married,2.64,2.64,2.17,1.86,2,1.29,1.29,1.57,1.57,1.58,0.79,0.78,0.79,0.86,0.93,0.83,0.83,4.42,4.84,3.66,2.65
>10,?,Married,2.64,2.64,2.17,2.14,2,1.3,1.3,1.41,1.57,1.58,0.79,0.78,0.8,0.86,0.92,0.84,0.82,4.42,4.84,3.66,2.66
>10,female,Married,2.64,2.64,2.17,2.14,2,1.3,1.3,1.4,1.57,1.59,0.79,0.79,0.79,0.88,0.92,0.84,0.82,4.42,4.84,3.66,5.0
<5,?,Married,2.63,2.64,2.17,2.15,2,1.3,1.3,1.4,1.57,1.6,0.8,0.79,0.79,0.86,0.92,0.85,0.82,4.42,4.84,3.65,5.0
<5,male,Married,2.63,,2.17,2.15,2,1.3,1.3,1.4,1.57,1.63,0.8,0.79,0.79,0.86,0.92,0.86,0.82,4.42,4.84,3.66,5.0
<5,female,Married,2.64,2.64,2.17,2.15,2,1.3,1.3,1.41,1.58,1.66,0.8,0.79,0.79,0.88,0.92,0.84,0.82,4.43,4.84,3.65,5.0
<5,male,Married,2.64,2.64,2.17,2.15,2,1.31,1.3,1.31,1.58,1.18,0.8,0.79,0.79,0.88,0.92,0.83,0.82,5.0,4.84,3.65,5.0
>10,female,Married,2.64,2.64,2.17,2.15,2,1.31,1.29,1.31,1.58,1.18,0.8,0.79,0.79,0.86,0.92,0.83,0.82,5.0,4.84,3.65,5.0
<5,male,Married,2.64,2.64,2.17,2.15,2,1.31,1.29,1.31,1.57,1.18,0.8,0.79,0.79,0.86,0.92,0.83,0.82,5.0,4.84,3.65,5.0
<5,female,Married,2.64,2.64,2.65,1.87,2,1.32,1.29,1.31,1.58,1.18,0.8,,0.79,0.87,0.84,0.82,0.82,0.84,4.84,3.65,5.0
<5,male,Married,2.64,2.64,2.65,1.87,2,1.31,1.3,1.31,1.57,1.18,0.81,0.79,0.79,0.85,0.92,0.82,0.81,0.83,5.0,3.64,5.0
>10,?,Married,2.64,2.63,2.45,1.87,2,1.32,1.3,1.31,1.57,1.17,0.89,0.81,0.78,0.85,0.84,0.82,0.81,0.83,4.84,3.64,5.0
<5,,Married,2.65,2.63,2.65,1.87,2,1.31,1.3,1.31,1.58,1.18,0.9,0.8,0.78,0.85,0.92,0.82,0.81,0.83,4.42,3.64,5.0
<5,male,Married,2.65,2.63,2.28,,2,1.31,1.3,1.31,1.33,1.18,0.9,0.8,0.78,0.85,0.84,0.82,0.81,0.82,4.43,,5.0
<5,male,Married,2.66,2.63,2.64,2.57,2,1.31,1.3,1.31,1.58,1.18,0.9,0.79,0.78,0.84,0.84,0.82,0.81,0.82,4.84,3.64,5.0
<5,female,Married,2.64,2.64,5.0,2.08,2,1.32,1.3,1.31,1.42,1.18,0.9,0.79,0.78,0.88,0.92,0.82,0.81,0.82,4.42,3.64,5.0
<5,female,Married,2.64,2.64,2.66,2.1,2,1.32,1.3,1.32,1.42,1.19,0.91,0.79,0.78,0.91,0.91,0.82,0.81,0.81,4.42,3.64,5.0
<5,male,Married,2.65,2.64,2.65,2.08,2,1.33,1.31,1.35,1.58,1.58,0.82,0.79,0.78,5.0,0.9,0.92,0.81,5.0,4.42,3.65,3.7
<5,male,Married,2.66,2.64,2.64,2.08,2,1.33,1.31,1.32,1.44,1.59,0.82,0.79,0.78,0.9,0.89,0.91,0.81,0.83,4.43,3.65,3.65
<5,,Married,5.0,2.64,2.64,2.12,2,1.33,1.31,1.32,1.33,1.58,0.85,0.82,0.78,0.9,0.9,,0.81,0.81,5.0,4.84,3.65
<5,male,Married,5.0,2.65,2.64,2.18,2,4.85,1.32,1.32,1.33,1.58,1.6,0.83,0.78,0.9,0.89,0.91,0.83,0.8,5.0,4.84,3.65
<5,female,Married,2.69,2.65,2.64,2.19,2,4.84,1.32,1.32,1.33,1.58,1.6,0.83,0.78,0.9,0.89,0.9,0.82,0.8,5.0,4.84,3.64
<5,female,Married,5.0,2.65,2.64,2.19,2,1.6,1.32,1.32,1.33,1.59,1.19,0.91,0.78,0.9,0.89,5.0,0.81,0.8,,4.84,3.64
<5,male,Married,5.0,2.66,2.64,2.21,2,4.85,1.35,1.32,1.33,1.59,1.18,0.9,0.79,0.82,0.89,0.91,0.81,0.79,,4.84,3.64
<5,female,Married,3.69,2.66,2.64,2.3,2,1.88,1.33,1.32,1.33,1.59,1.18,0.91,0.8,0.9,0.89,5.0,0.8,0.79,0.8,4.41,3.64
<5,,Married,3.69,2.66,2.64,2.66,2,1.88,1.33,1.32,1.43,1.58,1.18,0.91,0.78,5.0,0.89,0.89,0.8,0.79,5.0,4.42,3.64
<5,female,Married,3.65,2.66,2.65,2.66,2,1.7,1.33,1.32,1.33,1.47,1.18,0.81,0.78,5.0,0.88,0.89,0.8,0.79,5.0,4.41,3.64
<5,?,Married,3.64,5.0,2.65,2.65,2,1.88,1.34,1.32,1.33,1.48,1.19,1.61,0.78,,0.83,0.83,0.9,0.79,0.79,4.42,3.65
<5,male,Married,3.64,5.0,2.65,2.65,2,1.88,1.34,1.33,1.33,1.44,1.59,1.64,0.79,5.0,0.89,0.88,0.89,0.79,0.79,5.0,4.85
<5,male,Married,3.64,5.0,2.65,2.65,2,1.88,1.35,1.33,1.33,1.59,1.59,1.62,0.83,0.81,0.86,0.87,0.89,0.79,0.79,0.81,4.85
<5,male,Married,3.63,5.0,2.66,2.65,2,1.89,1.36,1.34,1.33,1.35,1.59,1.61,0.82,0.78,0.89,0.87,0.88,0.8,0.78,0.8,4.85
<5,female,Married,3.63,5.0,2.66,2.65,2,1.38,1.62,1.34,1.33,1.35,1.59,1.41,0.91,0.78,0.82,0.87,0.89,0.79,0.78,0.79,4.85
<5,male,Married,3.63,5.0,2.67,2.65,3,1.89,1.36,1.36,1.33,1.34,1.37,1.19,0.9,0.78,0.8,0.87,0.88,0.79,0.78,0.79,4.43
<5,male,Married,3.63,5.0,2.68,2.66,3,1.9,1.36,,1.33,1.34,1.59,,0.9,0.77,0.79,0.87,5.0,0.79,0.78,0.79,4.43
<5,female,Married,3.64,5.0,5.0,2.66,3,1.9,1.36,1.35,1.34,1.35,1.37,1.19,1.63,0.77,0.79,,0.87,0.79,0.78,0.79,4.85
<5,female,Married,3.64,5.9,5.0,2.66,3,1.91,1.37,1.35,1.34,1.38,1.59,1.19,1.62,0.77,0.79,0.87,0.85,0.79,0.78,0.79,4.42
<5,male,Married,2.73,3.64,5.0,2.66,3,2.19,1.38,1.36,1.34,1.36,1.48,,1.61,0.76,0.78,5.0,0.86,0.79,0.78,0.78,4.43
<5,male,Married,3.7,3.64,5.0,2.67,3,2.21,1.71,1.36,1.34,1.34,1.47,1.6,1.62,0.76,0.79,0.87,0.83,0.82,0.78,0.78,5.0
<5,male,Married,4.85,3.64,5.0,2.68,3,2.21,1.9,1.37,1.35,1.35,1.37,1.6,1.61,0.75,0.77,0.87,0.86,0.82,0.78,0.77,0.79
<5,male,Married,4.85,3.64,5.0,2.67,3,2.21,1.9,1.44,1.36,1.35,1.36,1.59,1.6,0.75,0.76,0.86,0.82,0.82,0.81,0.77,0.78
<5,female,Married,4.43,3.64,5.0,2.68,3,2.23,1.91,1.93,1.38,1.34,1.36,1.59,1.61,0.75,0.76,0.86,0.81,0.79,0.79,0.77,0.78
<5,male,Married,0.8,3.64,5.0,2.69,3,2.28,1.91,1.93,1.35,1.34,1.35,1.59,1.6,0.75,0.76,0.86,0.81,0.79,0.78,0.77,0.78
<5,female,Married,0.79,,3.71,,3,2.61,1.4,1.68,1.35,1.34,1.35,1.59,1.18,0.74,0.76,0.79,0.85,0.8,0.78,0.77,0.78
5-10,male,Married,0.79,3.66,5.0,2.69,3,2.24,1.4,4.86,1.35,1.34,1.35,1.59,1.18,0.74,0.75,0.78,0.84,0.8,0.78,0.77,0.78
<5,male,Married,0.79,3.65,3.7,2.69,3,2.23,1.4,1.38,1.36,1.35,1.38,1.59,1.18,0.74,0.75,0.77,0.85,0.8,0.78,0.77,0.78
5-10,female,Married,0.82,3.71,3.65,2.7,3,2.23,1.41,4.87,1.36,1.35,1.37,1.6,1.59,0.74,0.74,,0.79,,0.79,0.77,0.77
5-10,male,Married,0.8,4.86,3.65,5.0,3,2.24,1.41,1.93,1.36,1.35,1.36,1.59,1.59,0.74,0.74,5.0,0.79,0.8,0.86,0.77,0.77
>10,male,Married,0.79,4.86,3.65,5.0,3,2.24,1.41,1.92,1.37,1.35,1.35,1.42,1.59,0.74,0.74,5.0,0.78,0.79,,0.77,0.77
5-10,female,Married,0.79,4.86,3.65,2.71,3,2.24,1.41,1.92,1.36,1.35,1.36,1.42,1.59,0.74,0.74,5.0,0.78,0.79,0.87,0.77,0.77
5-10,,Married,0.8,3.71,3.65,2.7,3,2.23,1.41,1.92,1.36,1.35,1.36,1.42,1.59,0.74,0.74,5.0,0.79,0.81,0.86,0.77,0.77
5-10,female,Married,0.82,3.71,3.65,5.0,3,2.23,1.4,1.92,1.36,1.34,1.35,1.59,1.59,0.73,0.74,5.0,0.78,0.8,0.87,0.77,0.78
5-10,male,Married,0.8,4.86,3.66,5.0,3,2.23,1.4,1.93,1.36,1.34,1.35,1.41,1.59,0.73,0.74,5.0,0.79,0.81,0.87,0.77,0.78
5-10,female,Married,0.8,3.71,3.66,2.7,3,2.23,1.41,1.92,1.36,1.34,1.35,1.45,1.59,0.73,0.74,5.0,0.78,0.81,0.86,0.77,0.78
>10,male,Married,0.8,3.72,3.66,2.7,2,2.23,1.4,1.92,1.35,1.34,1.34,1.37,1.59,,0.74,5.0,0.78,0.8,0.88,0.77,0.78
>10,male,Married,0.8,3.72,3.66,5.0,3,2.23,1.4,1.92,1.35,1.34,1.35,1.41,1.59,0.73,0.74,,0.78,0.81,0.88,0.77,0.78
5-10,female,Married,0.8,4.86,3.66,5.0,3,2.23,1.4,1.92,1.35,1.34,1.35,1.44,1.58,0.73,0.74,5.0,0.78,0.81,0.88,0.78,0.78
>10,,Single,0.8,4.86,3.66,5.0,3,2.23,1.4,1.92,1.35,1.34,1.35,1.44,1.58,0.73,0.74,5.0,0.78,0.81,0.87,0.78,0.78
>10,female,Single,0.8,4.86,3.66,5.0,3,2.23,1.4,1.92,1.35,1.34,1.34,1.44,1.58,0.73,0.74,5.0,0.79,0.81,0.87,0.78,0.78
>10,female,Married,0.81,3.72,3.67,5.0,2,2.23,1.4,1.92,1.35,1.33,1.35,1.43,1.58,0.73,0.74,5.0,5.0,0.85,0.87,0.78,0.79
>10,male,Married,0.83,3.72,3.67,5.0,2,2.23,1.39,1.92,1.34,1.33,1.34,1.42,1.57,0.73,0.74,5.0,5.0,0.81,0.88,0.79,0.8
5-10,female,Married,0.84,3.74,3.68,5.0,2,2.23,1.38,1.92,1.33,1.32,1.33,1.42,1.56,0.73,0.73,5.0,2.01,0.83,0.89,0.8,0.81
>10,male,Single,0.83,3.75,3.69,5.0,2,2.23,1.37,2.22,1.32,1.31,1.34,1.55,1.55,0.72,0.74,5.0,0.88,0.84,0.83,0.81,0.82
5-10,male,Married,0.85,3.76,3.7,5.0,2,2.61,1.36,5.0,1.31,1.29,1.3,1.42,1.54,0.72,0.73,0.75,0.89,0.85,0.9,0.82,0.83
5-10,male,Single,0.85,3.77,3.72,2.72,3,2.61,1.34,4.88,1.29,1.28,1.29,1.41,1.52,0.71,0.72,5.0,0.91,0.87,0.91,0.84,0.84
>10,female,Single,0.87,3.79,3.73,2.72,3,2.61,1.33,4.88,1.28,1.27,1.27,1.32,1.51,0.71,0.71,5.0,0.91,0.88,0.9,0.85,0.86
>10,female,Single,0.89,3.81,3.76,2.73,3,2.61,1.31,4.89,1.26,1.25,1.25,1.3,1.49,0.7,0.71,5.0,0.94,0.9,0.93,0.87,0.87
>10,female,Single,0.92,3.82,3.8,,3,2.6,1.29,4.89,1.25,1.23,1.23,1.28,1.47,0.69,0.71,5.0,5.0,0.91,0.93,0.89,0.89
>10,female,Single,0.94,,3.81,2.74,3,2.6,1.28,1.59,1.23,1.21,1.21,1.27,1.46,0.69,0.7,5.0,0.96,0.92,0.93,0.91,0.91
>10,female,Single,4.52,3.86,3.84,2.45,3,2.6,1.84,,1.21,1.2,1.2,1.25,1.44,0.68,0.69,5.0,0.95,0.93,1.02,0.92,0.92
>10,female,Single,0.98,3.87,3.85,2.76,3,2.6,1.83,5.0,1.2,1.18,1.18,1.28,1.42,0.67,0.7,5.0,0.96,0.94,0.95,0.94,0.95
<5,female,Single,0.98,3.89,3.85,2.48,3,2.59,1.82,5.0,1.18,1.16,1.16,1.28,1.4,0.67,0.68,5.0,0.97,0.95,5.0,0.96,0.97
<5,female,Single,1.0,3.91,3.89,2.78,3,2.59,1.81,5.0,1.16,1.14,1.14,1.16,1.38,0.66,0.68,0.73,5.0,0.96,0.99,0.98,0.98
>10,female,Single,1.02,3.93,3.9,2.78,3,2.59,1.8,5.0,1.14,1.12,1.12,1.17,1.36,0.66,0.68,0.73,5.0,0.97,0.99,1.0,1.0
5-10,?,Single,1.04,3.93,3.92,2.45,3,2.58,1.79,5.0,1.12,1.1,1.1,1.35,1.34,0.65,0.74,0.72,5.0,0.99,1.01,1.02,1.02
<5,female,Single,1.07,3.94,3.91,2.8,3,2.58,1.78,5.0,1.1,1.08,1.08,1.33,1.32,,0.65,0.72,5.0,1.0,1.02,1.03,1.04
<5,male,Single,1.08,,5.0,2.5,3,2.58,1.13,5.0,1.08,1.06,1.06,1.31,1.3,0.64,0.65,5.0,5.0,1.01,5.0,1.06,1.06
<5,female,Married,1.11,3.98,3.98,2.8,3,2.58,1.11,5.0,1.06,1.04,1.04,1.09,1.28,0.63,0.64,5.0,5.0,1.02,5.0,1.08,1.08
<5,female,Married,1.13,5.0,3.96,2.81,3,2.58,1.09,5.0,1.04,1.02,1.02,1.27,1.27,0.62,0.67,0.73,0.68,1.03,1.05,1.09,1.1
<5,male,Married,1.15,4.02,4.04,2.55,3,1.79,1.07,5.0,1.02,1,1.0,,1.25,0.62,0.63,0.73,5.0,1.04,1.07,1.11,1.12
<5,,Single,1.17,4.04,4.0,2.6,3,1.78,1.75,5.0,1.0,0.98,0.98,1.01,1.23,0.61,0.62,5.0,5.0,1.05,1.07,1.13,1.14
<5,female,Single,1.19,4.05,4.02,2.83,3,1.77,1.74,4.93,0.98,0.96,0.96,1.01,1.21,0.6,,0.71,0.66,1.06,1.08,1.15,1.16
<5,male,Married,1.2,4.07,4.03,2.61,3,1.76,1.73,4.94,0.97,0.95,0.95,0.97,1.19,0.6,0.61,0.71,0.65,1.08,1.09,1.17,1.17
<5,male,Married,1.21,4.94,4.05,2.63,3,1.75,1.72,4.94,0.95,0.93,0.93,0.95,1.17,0.59,0.6,0.63,5.0,1.09,5.0,1.19,1.19
<5,female,Married,1.22,4.94,1.26,2.66,3,1.76,1.72,1.75,4.94,0.92,0.92,0.93,1.16,0.59,0.59,0.62,5.0,1.09,5.0,1.2,1.2
<5,male,Single,1.21,4.94,1.26,5.0,3,2.57,1.73,4.95,1.68,0.93,0.92,0.93,1.16,0.59,0.59,0.6,5.0,1.09,5.0,1.2,1.19
<5,female,Single,1.2,1.23,1.26,5.0,5,2.58,1.73,5.0,4.94,0.95,0.92,0.94,0.96,0.59,0.59,0.61,5.0,,5.0,1.21,1.19
<5,male,Single,1.2,1.23,4.04,2.85,3,2.58,1.73,5.0,5.0,1.56,0.92,0.93,0.96,0.6,0.59,0.6,5.0,1.09,5.0,1.23,1.19
<5,female,Single,,1.23,4.05,2.85,3,2.58,1.72,5.0,4.95,0.97,0.92,0.93,0.96,0.59,0.59,0.6,5.0,1.09,5.0,1.21,1.19
<5,female,Single,1.2,1.23,4.05,2.85,3,2.58,1.72,5.0,4.94,0.96,0.92,0.93,0.96,0.59,0.59,0.6,5.0,1.1,5.0,5.0,1.19
<5,female,Single,1.21,1.23,1.27,5.0,3,2.58,1.72,5.0,4.94,0.95,0.92,0.93,0.96,0.59,0.59,0.6,5.0,1.1,5.0,1.21,1.19
<5,male,Single,1.21,1.23,1.26,5.0,3,2.58,1.72,5.0,4.94,0.95,0.92,0.93,0.95,0.59,,0.6,5.0,1.1,5.0,1.24,1.2
<5,female,Single,1.21,1.23,1.26,5.0,5,2.58,1.72,5.0,4.94,0.94,0.91,0.93,0.96,0.59,0.58,,5.0,1.1,5.0,1.21,1.2
<5,male,Single,1.21,1.23,1.27,5.0,5,2.58,1.72,5.0,4.95,0.94,0.91,0.92,0.95,0.59,0.58,0.6,5.0,1.1,5.0,1.21,1.2
<5,female,Single,1.21,1.24,1.28,5.0,5,2.58,1.72,5.0,4.95,0.94,0.91,0.92,0.95,0.58,0.58,0.6,5.0,,5.0,1.24,1.2
<5,male,Single,1.21,1.24,1.27,5.0,5,2.58,1.72,5.0,4.94,0.94,0.91,0.92,0.95,0.58,0.58,0.6,5.0,1.1,5.0,1.24,1.2
<5,female,Single,1.21,1.24,1.27,2.85,5,2.58,1.72,5.0,4.94,0.94,0.91,0.92,0.95,0.58,0.58,0.6,5.0,5.0,5.0,,1.2
<5,female,Single,1.21,1.25,1.27,5.0,3,2.58,1.72,5.0,4.95,0.94,0.91,0.92,0.95,0.58,0.58,,5.0,1.11,5.0,1.25,1.2
<5,male,Single,1.21,1.24,1.27,5.0,3,2.58,1.72,5.0,5.0,0.94,0.91,0.92,0.94,0.58,0.58,0.6,5.0,5.0,5.0,1.24,1.21
<5,male,Single,1.22,4.94,1.27,2.87,3,2.58,1.72,5.0,5.0,0.93,0.9,0.92,0.94,0.58,0.58,0.6,5.0,5.0,5.0,1.25,1.21
<5,male,Single,1.22,1.25,1.27,2.86,3,2.58,1.71,5.0,5.0,0.93,0.9,0.91,0.94,0.58,0.58,0.6,4.72,5.0,5.0,1.23,1.21
<5,female,Single,1.23,1.25,1.27,2.87,5,2.58,1.71,5.0,5.0,0.93,0.9,0.91,0.94,0.59,0.58,0.6,4.71,5.0,5.0,1.25,1.21
<5,male,Single,1.22,1.26,1.27,5.0,5,2.58,1.72,1.75,4.95,0.93,0.9,0.91,0.94,0.6,0.58,0.6,,,5.0,1.25,1.21
<5,female,Single,1.22,1.26,1.27,2.87,3,2.58,1.72,1.74,4.94,0.93,0.9,0.91,0.94,0.6,0.58,,4.71,5.0,5.0,1.25,1.21
<5,male,Single,,1.26,1.28,2.87,5,2.58,1.72,1.74,4.94,0.92,0.9,0.91,0.94,0.59,0.58,0.6,4.71,5.0,,1.23,1.21
<5,female,Single,1.23,1.26,1.28,2.87,3,2.58,1.72,1.74,4.94,0.92,0.9,0.91,0.94,0.58,0.58,0.6,4.71,5.0,5.0,1.25,1.22
<5,female,Single,1.23,1.25,1.28,2.87,5,2.58,1.72,5.0,4.94,0.92,0.9,0.91,0.93,0.58,0.58,0.6,5.0,5.0,5.0,5.0,1.22
<5,female,Single,1.23,1.25,1.28,5.0,3,2.58,1.72,5.0,4.95,0.92,0.9,0.91,0.93,0.58,0.58,0.59,0.73,5.0,5.0,5.0,1.22
<5,male,Single,1.22,5.0,1.27,5.0,5,2.58,1.72,5.0,4.95,0.92,0.9,0.91,0.93,0.58,0.58,0.59,0.72,5.0,5.0,1.27,1.22
<5,male,Single,1.22,5.0,1.28,5.0,5,2.58,1.72,5.0,4.95,0.91,0.9,0.91,0.93,0.59,0.58,0.59,0.72,1.27,5.0,1.28,1.22
<5,male,Single,1.22,5.0,1.28,5.0,5,2.58,1.72,5.0,4.94,0.9,0.9,0.91,0.93,0.58,0.58,0.59,0.71,1.27,5.0,1.26,1.21
<5,female,Single,1.22,4.95,1.28,5.0,3,2.58,1.73,5.0,4.94,0.91,0.9,0.91,0.92,0.58,0.58,0.59,0.72,5.0,5.0,5.0,1.21
<5,,Single,1.22,5.0,4.06,5.0,3,2.59,1.73,5.0,4.94,0.91,0.9,0.91,0.92,0.58,0.57,0.59,0.71,1.27,1.11,1.23,1.21
<5,female,Single,1.22,5.0,4.06,5.0,3,2.61,1.73,1.74,4.94,0.91,0.9,0.93,1.14,0.58,0.57,0.58,0.69,0.64,1.1,,1.21
<5,,Single,1.22,4.72,4.07,5.0,3,2.84,1.73,1.73,1.75,0.91,0.9,0.91,1.14,0.58,0.57,0.58,0.68,0.63,1.1,1.23,1.21
<5,female,Single,1.16,4.73,4.94,5.0,5,2.84,2.1,1.73,1.76,0.91,0.9,0.91,0.94,0.58,0.57,0.58,0.6,1.27,1.1,5.0,1.13
<5,male,Single,1.22,4.73,4.08,4.08,3,2.84,2.11,,1.76,0.92,0.9,0.9,0.95,0.58,0.57,0.58,0.66,1.27,1.1,1.11,1.21
<5,male,Single,1.21,5.0,4.09,4.07,3,2.84,1.75,1.74,1.75,0.93,0.9,0.9,0.92,0.58,0.57,0.57,0.65,0.61,1.1,5.0,1.22
<5,,Single,1.21,1.26,4.95,4.07,5,2.84,1.75,1.74,1.76,1.05,0.9,0.9,0.91,0.58,0.56,0.57,0.59,0.61,5.0,5.0,1.23
<5,male,Single,1.21,,4.95,4.7,5,2.84,1.75,1.74,5.0,4.95,0.91,0.9,0.91,1.17,0.57,0.56,0.58,4.7,5.0,5.0,5.0
<5,male,Single,1.21,1.23,4.73,4.08,5,2.84,1.75,1.74,1.35,4.95,0.91,0.9,0.91,5.0,0.57,0.56,0.57,4.7,5.0,5.0,5.0
<5,female,Single,1.21,1.22,4.96,4.08,5,2.84,2.59,1.74,1.75,4.95,0.91,0.9,0.91,5.0,0.56,0.56,0.57,0.7,5.0,5.0,5.0
<5,female,Single,1.21,1.23,5.0,4.08,5,2.85,2.6,1.74,1.75,0.93,0.9,0.9,0.91,0.77,,0.56,0.57,0.7,5.0,1.09,1.22
<5,male,Single,1.21,1.31,5.0,4.09,5,2.85,2.6,1.75,1.75,4.96,0.9,0.9,0.9,0.75,0.56,0.55,0.56,0.67,5.0,1.09,1.22
<5,female,Single,1.21,1.31,5.0,4.09,5,2.85,2.6,1.77,1.58,4.95,0.91,0.9,0.94,0.75,0.56,0.55,0.56,0.67,1.28,1.09,1.23
<5,male,Single,1.22,5.0,5.0,4.13,5,2.86,2.72,1.77,1.75,4.96,0.91,0.9,0.9,,,0.55,0.57,0.64,1.28,1.09,5.0
<5,female,Single,1.22,1.22,5.0,4.12,5,2.86,2.86,2.61,1.75,4.96,0.91,0.9,0.9,0.75,0.56,0.55,0.56,0.58,4.7,1.09,5.0
<5,male,Single,1.22,1.22,5.0,4.12,4,2.87,2.42,2.13,1.75,1.76,0.92,0.9,0.9,0.75,0.56,0.55,0.55,0.58,4.7,1.09,5.0
<5,male,Single,1.28,1.22,5.0,4.97,1,5.0,2.86,1.77,1.75,5,0.93,0.93,0.89,,3.15,0.54,0.54,0.57,4.7,5.0,5.0
<5,,Single,1.23,1.22,5.0,1.26,1,5.0,2.86,1.77,1.75,5,1.06,0.91,0.89,1.12,0.57,0.55,0.54,0.56,0.7,5.0,2.51
<5,male,Single,1.23,1.22,1.23,4.73,4,2.89,2.86,2.62,1.76,5,0.93,0.9,0.89,1.12,0.57,0.55,0.54,0.55,0.7,5.0,1.09
<5,female,Single,1.22,1.22,1.23,4.74,4,2.88,2.86,2.62,3.76,5,0.92,0.9,0.89,,,0.55,0.54,0.55,5.0,5.0,1.09
<5,,Single,1.23,1.22,1.32,4.74,5,2.88,2.87,2.62,1.77,1.76,0.92,0.9,0.89,0.94,0.57,0.54,,0.54,0.65,5.0,1.08
<5,female,Single,1.23,1.22,1.31,4.74,5,2.9,2.87,2.62,2.14,1.56,0.93,0.91,0.89,1.11,0.73,0.54,0.53,0.54,0.66,5.0,1.08
<5,female,Single,1.23,1.22,1.31,4.74,5,2.91,2.87,2.63,2.62,1.76,0.94,0.91,0.89,1.11,0.73,0.54,0.53,0.54,0.63,1.29,1.08
<5,female,Single,1.24,1.23,1.23,4.74,5,5.0,2.88,2.63,2.62,1.76,4.97,0.94,0.89,1.11,0.73,0.54,0.53,0.54,0.67,0.58,5.0
<5,female,Single,5.0,1.26,1.23,1.25,5,5.0,2.88,2.88,1.77,1.76,1.78,5.0,0.89,1.11,0.72,0.55,0.53,0.54,0.56,0.57,0.61
<5,male,Single,0.63,5.0,1.23,1.24,5,5.0,2.89,2.88,1.77,1.76,1.78,1.09,0.9,1.1,0.73,3.43,0.52,0.53,0.55,0.57,0.6
<5,female,Single,0.63,5.0,1.22,1.24,5,5.0,2.95,2.89,1.79,1.76,5.0,1.08,0.95,0.92,1.11,1.15,0.53,0.52,0.54,0.57,0.6
<5,male,Single,1.27,1.25,1.22,1.23,5,5.0,2.91,2.88,1.79,1.77,5.0,5.0,0.9,0.92,1.1,5.0,0.53,0.52,0.53,0.57,0.59
<5,female,Single,0.61,1.24,1.23,1.23,5,3.0,2.9,2.89,2.63,1.77,5.0,0.92,0.89,0.92,1.1,5.0,0.53,0.52,0.53,0.57,5.0
<5,female,Single,1.08,1.24,1.23,1.24,5,5.0,2.89,2.89,2.63,1.77,1.77,5.0,0.89,,1.1,0.72,0.53,0.52,0.53,0.57,0.58
<5,male,Single,1.08,1.24,1.23,1.25,5,5.0,2.9,2.89,2.9,1.77,1.56,4.98,0.9,0.91,0.96,0.71,0.53,0.52,0.53,0.55,1.29
<5,male,Single,1.08,1.25,1.23,5.0,5,4.71,2.91,2.89,2.9,2.15,1.56,1.79,0.9,0.91,1.09,0.71,0.53,0.52,0.52,0.59,1.29
<5,?,Single,5.0,5.0,1.23,1.24,5,4.12,2.91,2.89,2.89,2.63,1.57,1.79,0.9,0.91,1.09,0.71,0.53,0.51,,0.59,0.57
<5,male,Single,0.6,5.0,1.24,1.24,5,4.12,2.91,2.9,2.89,2.63,1.65,4.98,5.0,0.91,0.93,0.71,0.54,0.51,0.52,0.55,4.71
<5,male,Single,0.59,5.0,1.25,1.24,5,4.16,5.0,2.9,2.9,1.78,1.73,1.78,5.0,0.89,0.91,1.1,3.43,0.51,0.51,0.53,5.0
>10,female,Single,0.58,5.0,5.0,1.24,1,4.13,5.0,2.91,2.9,2.64,1.73,1.33,5.0,0.89,0.91,1.09,1.13,0.5,0.51,0.52,4.72
>10,female,Single,5.0,5.0,5.0,1.24,1,4.14,3.79,2.92,2.9,1.79,1.76,1.79,4.98,0.88,0.9,1.08,5.0,0.51,0.51,0.52,0.65
<5,female,Single,1.29,5.0,1.25,1.24,1,4.14,2.93,2.92,2.9,2.64,1.77,1.66,4.99,0.88,0.9,1.08,0.71,0.51,0.51,0.51,0.65
<5,?,Married,0.57,5.0,1.25,1.24,5,4.14,5.0,2.92,2.9,2.64,1.77,1.77,5.0,0.88,0.9,1.08,0.7,0.51,0.5,0.51,0.54
<5,,Married,0.57,5.0,1.25,1.24,5,4.98,5.0,2.92,2.9,2.64,1.77,,4.98,0.88,0.89,,0.7,0.51,0.51,0.51,0.54
<5,male,Married,0.57,5.0,1.25,1.24,1,4.98,5.0,2.92,2.9,2.64,1.77,1.77,5.0,0.88,0.9,1.08,0.7,0.51,0.51,0.51,0.55
<5,female,Married,0.57,,1.25,1.24,1,4.98,5.0,5.0,2.9,2.64,1.77,1.77,5.0,0.88,0.9,1.08,0.7,0.51,0.51,0.51,0.55
<5,male,Married,0.57,5.0,1.25,1.24,1,4.98,5.0,2.93,2.9,2.64,1.77,1.77,4.98,0.88,0.9,1.08,0.7,0.51,0.5,0.51,0.54
<5,female,Married,0.57,1.09,1.26,1.24,1,4.98,5.0,2.92,2.9,2.64,1.77,1.57,4.98,0.88,0.9,1.08,0.69,0.51,0.5,0.51,0.54
<5,male,Single,0.56,5.0,5.0,1.24,1,4.78,5.0,2.92,2.9,2.65,1.77,1.57,4.98,0.88,1.07,1.07,0.69,0.51,0.5,0.51,0.53
<5,male,Single,0.55,5.0,5.0,1.24,5,4.79,4.74,5.0,2.9,3.07,1.78,1.57,1.79,0.87,0.95,1.07,0.69,0.51,0.5,0.51,0.53
<5,male,Single,0.55,0.6,1.27,,1,4.78,4.15,5.0,2.91,2.92,1.78,1.57,1.79,0.87,0.9,1.07,0.69,0.52,0.0,0.52,0.59
<5,female,Single,0.54,0.59,1.27,1.25,1,4.78,4.16,2.93,2.91,2.91,2.16,,1.79,0.87,0.89,0.92,0.69,0.52,0.0,0.52,0.59
<5,male,Single,0.54,0.59,5.0,1.26,1,4.21,4.72,5.0,2.91,2.91,2.17,1.65,4.99,0.87,0.88,0.91,,0.53,0.0,0.51,0.59
<5,male,Single,0.54,0.58,5.0,1.28,1,4.78,4.21,5.0,2.93,2.91,2.17,1.66,1.78,0.86,0.87,0.9,0.71,1.44,0.0,0.5,0.57
>10,male,Married,0.54,0.58,5.0,1.28,1,4.78,4.16,5.0,5.0,2.91,1.78,1.74,1.78,0.86,0.87,0.9,0.54,3.41,0.0,0.5,0.55
>10,female,Married,0.53,0.57,5.0,1.27,1,4.78,1.32,5.0,5.0,2.91,1.78,1.75,1.78,0.86,0.87,0.89,0.54,3.33,0.5,0.0,0.55
>10,male,Married,0.64,0.58,5.0,1.27,1,1.29,1.32,5.0,5.0,2.91,1.78,1.75,5.0,0.86,0.87,0.89,0.92,1.46,0.5,0.0,0.51
>10,male,Married,0.64,0.57,5.0,1.27,1,1.29,1.32,5.0,5.0,2.9,1.78,1.75,5.0,0.86,0.87,0.89,0.92,3.33,0.51,0.5,0.52
>10,male,Married,0.64,0.58,5.0,1.27,1,4.78,1.32,5.0,5.0,2.9,1.78,1.75,1.77,0.85,0.87,0.89,0.55,3.34,0.51,0.5,0.52
>10,male,Married,0.65,0.58,5.0,1.27,1,4.77,1.33,5.0,2.98,2.9,1.77,1.74,1.77,0.85,0.86,0.89,0.91,3.42,0.51,0.51,0.53
>10,female,Married,0.55,0.59,5.0,1.28,1,4.77,4.15,5.0,5.0,2.89,1.76,1.73,1.76,0.85,0.86,0.88,0.57,1.45,0.52,0.52,0.53
>10,female,Married,0.68,0.6,5.0,1.32,1,4.76,1.33,5.0,2.95,2.88,1.75,1.72,1.74,0.84,0.86,0.88,0.57,0.57,0.54,0.53,0.55
>10,,Married,0.7,0.61,5.0,1.31,1,4.76,1.34,5.0,5.0,2.87,1.73,1.71,1.73,0.84,0.85,,0.58,0.58,0.56,0.54,0.56
<5,female,Married,0.7,0.63,5.0,1.31,1,4.75,1.35,5.0,2.93,2.85,1.72,1.69,1.72,0.83,0.84,0.87,0.9,0.56,0.56,0.55,0.57
>10,male,Married,0.6,,5.0,1.31,1,4.74,1.35,5.0,2.93,2.84,1.7,1.68,1.7,0.82,0.84,0.86,0.89,0.58,0.59,0.57,0.59
<5,?,Married,0.62,5.0,5.0,1.31,1,4.74,1.36,5.0,2.91,2.83,1.69,1.66,1.69,0.82,0.83,0.85,0.88,0.59,0.61,0.58,0.64
>10,male,Married,0.76,5.0,5.0,5.0,1,1.35,1.37,5.0,2.9,2.81,1.67,1.64,1.67,0.81,0.82,0.84,0.87,0.61,0.6,0.6,0.62
>10,female,Married,0.78,5.0,5.0,5.0,1,1.35,1.38,5.0,2.88,2.8,1.65,1.63,1.65,0.8,0.81,0.84,0.87,0.62,0.71,0.61,0.63
<5,male,Married,0.8,5.0,5.0,1.34,1,1.35,1.38,5.0,2.86,2.32,1.63,1.61,5.0,0.79,0.8,0.82,0.86,,1.49,0.63,0.64
<5,male,Married,0.82,5.0,5.0,5.0,1,1.36,1.39,,2.85,2.77,1.61,1.59,5.0,0.78,0.79,0.82,0.85,0.66,1.5,0.64,0.66
<5,female,Married,0.7,0.75,5.0,1.36,1,1.37,1.4,5.0,2.83,2.28,1.59,1.57,5.0,0.77,0.79,0.81,0.71,0.68,1.51,0.66,0.68
<5,male,Married,0.86,1.28,5.0,1.36,1,1.38,1.42,5.0,5.0,2.26,1.57,1.56,5.0,0.76,0.77,0.8,0.83,0.69,0.68,0.67,0.7
<5,male,Married,0.88,1.29,5.0,1.39,1,4.88,4.09,5.0,2.8,2.25,1.56,1.54,5.0,0.76,0.77,0.79,0.82,0.71,0.7,0.69,0.77
<5,female,Married,0.95,0.79,5.0,1.37,1,5.0,4.13,5.0,2.79,2.22,1.91,1.52,5.0,0.75,0.76,0.78,0.81,0.73,0.71,0.7,0.8
<5,female,Married,0.97,0.81,5.0,1.39,1,5.0,4.13,5.0,2.77,2.21,1.53,1.5,5.0,0.74,0.75,0.77,0.81,0.74,0.73,0.72,0.74
<5,male,Single,0.94,0.83,5.0,1.38,1,5.0,4.12,5.0,2.76,2.19,1.5,1.48,5.0,0.73,0.74,0.77,0.79,0.76,0.75,0.74,0.76
<5,female,Single,1.0,0.85,5.0,1.39,1,5.0,4.12,5.0,2.75,2.18,1.48,,5.0,0.72,0.74,0.76,0.82,0.77,1.57,0.75,0.77
>10,male,Married,0.95,1.45,5.0,1.4,1,5.0,4.11,5.0,2.75,2.17,1.48,1.46,5.0,,0.73,0.75,0.78,0.78,0.77,0.76,0.77
<5,female,Married,0.95,5.0,1.36,1.4,1,5.0,4.09,5.0,2.75,2.64,2.21,1.46,5.0,0.71,0.72,0.75,1.14,0.78,0.77,0.76,0.77
>10,female,Single,0.79,1.45,1.36,1.4,1,5.0,4.08,5.0,2.75,2.65,2.21,1.46,5.0,0.72,0.72,0.75,1.14,,0.77,0.76,0.77
>10,male,Single,0.79,1.37,1.36,1.4,1,5.0,4.08,5.0,2.75,5,2.21,1.46,5.0,0.72,0.72,0.75,1.14,0.78,0.77,0.75,0.77
>10,male,Single,0.8,1.44,1.36,1.4,1,5.0,4.09,5.0,2.75,2.65,2.21,1.46,5.0,0.72,0.72,0.75,1.14,0.78,0.77,0.76,0.77
>10,male,Single,0.79,1.37,1.36,1.4,1,5.0,4.09,5.0,2.75,2.64,2.2,1.46,5.0,0.71,0.72,0.74,1.14,0.78,0.77,0.76,0.77
>10,male,Single,0.8,1.44,1.37,1.4,1,5.0,4.08,5.0,2.74,5,2.2,1.46,5.0,0.71,0.72,0.74,1.14,0.79,0.77,0.76,0.77
>10,female,Single,0.8,1.37,1.37,1.39,1,5.0,4.09,5.0,2.74,2.65,2.21,1.46,5.0,0.71,0.72,0.75,1.14,0.79,0.77,0.76,0.77
>10,male,Single,0.8,1.37,1.37,1.4,1,5.0,4.08,5.0,2.74,2.65,2.2,1.46,5.0,0.71,0.72,0.74,1.14,0.79,0.77,0.76,0.77
>10,male,Single,0.8,1.37,1.37,1.4,1,5.0,4.08,5.0,2.74,2.64,2.2,1.45,5.0,0.71,0.72,0.74,1.14,0.79,0.77,0.76,0.77
>10,female,Single,0.8,1.38,1.37,1.4,1,5.0,4.08,,2.74,2.65,2.2,1.45,5.0,0.71,0.72,0.74,1.14,0.79,0.77,0.76,0.77
<5,female,Single,0.8,1.38,1.37,1.4,1,5.0,4.09,5.0,2.74,2.64,2.2,1.45,5.0,0.71,0.72,0.74,1.14,0.79,0.78,0.77,0.77
<5,female,Single,0.8,1.38,1.37,1.4,1,5.0,4.06,5.0,2.74,5,2.2,1.45,5.0,0.71,0.72,0.74,0.78,0.8,0.78,0.77,0.78
<5,female,Single,0.8,1.38,1.37,1.41,1,5.0,4.06,5.0,2.74,2.64,2.2,1.45,5.0,0.71,0.72,0.74,1.15,0.8,0.78,0.77,0.78
<5,male,Single,0.81,1.38,1.38,1.4,1,5.0,4.06,5.0,2.74,5,2.19,1.45,5.0,,0.72,0.74,1.14,0.8,0.78,0.77,0.78
<5,female,Single,0.81,1.39,1.38,1.4,1,5.0,4.08,5.0,2.73,2.64,2.19,1.44,5.0,0.71,0.71,0.74,1.15,0.8,,0.77,0.78
>10,male,Single,0.81,,1.38,1.4,1,5.0,4.06,5.0,2.73,2.63,2.18,1.44,1.45,,0.71,0.74,0.77,0.81,0.79,0.78,0.79
>10,male,Single,0.82,1.4,1.39,1.41,1,5.0,4.08,5.0,2.72,5,2.17,1.43,1.43,0.7,0.71,0.73,1.15,0.81,0.8,0.79,0.8
>10,male,Single,0.83,,1.4,1.42,1,5.0,4.05,5.0,2.71,2.61,2.16,1.42,1.42,0.7,0.7,0.73,1.16,0.83,0.81,0.8,0.81
>10,male,Single,0.84,1.41,1.41,1.42,1,5.0,4.07,5.0,2.7,5,2.15,1.41,1.41,0.69,0.7,0.72,1.17,,0.82,0.81,0.82
>10,female,Single,0.85,1.43,1.42,1.43,1,5.0,4.06,5.0,2.69,2.29,2.14,1.39,5.0,0.69,0.69,0.72,1.01,0.86,0.84,0.83,0.84
>10,female,Single,0.87,1.44,1.44,1.44,1,5.0,4.06,5.0,2.68,2.27,2.12,1.38,1.39,,0.69,0.71,0.74,0.87,0.85,0.84,0.85
>10,male,Single,0.88,1.45,1.45,1.45,1,5.0,5.0,5.0,2.67,2.25,2.22,1.36,1.36,,0.68,0.92,0.73,0.88,0.87,0.86,0.86
>10,male,Single,0.9,1.47,1.47,1.49,1,5.0,5.0,5.0,5.0,2.24,2.2,1.34,1.34,0.66,0.67,0.79,0.72,0.9,0.89,0.87,0.88
>10,female,Single,0.92,1.49,1.49,1.51,1,5.0,4.02,5.0,5.0,2.21,2.18,1.33,1.33,0.66,0.66,0.82,0.72,0.92,0.91,0.89,0.9
<5,female,Single,0.94,1.5,1.5,1.52,1,5.0,4.01,5.0,5.0,2.2,2.16,1.3,1.3,0.65,0.66,0.82,0.71,0.94,0.92,0.91,0.92
>10,male,Single,0.96,1.52,1.52,1.55,2,5.0,4.01,5.0,2.62,2.17,1.94,1.29,1.28,0.64,,0.76,0.7,0.96,0.94,0.93,0.96
>10,female,Single,0.98,1.54,1.54,1.56,2,5.0,4.0,5.0,5.0,2.03,1.91,1.28,1.26,0.63,0.64,,0.69,0.98,0.96,0.95,0.97
>10,female,Single,1.0,1.56,1.56,1.57,2,5.0,3.99,5.0,5.0,1.96,1.9,1.59,1.25,,0.63,,0.68,1.0,0.98,0.97,0.98
>10,male,Single,1.01,1.57,1.57,1.59,2,5.0,3.99,5.0,5.0,1.94,1.96,1.57,1.23,0.62,0.63,0.65,0.68,1.01,1.0,0.98,1.01
>10,female,Single,1.03,1.59,1.59,1.61,2,5.0,3.99,5.0,5.0,1.92,1.86,1.56,1.21,,0.62,0.64,0.67,,1.02,1.0,1.02
>10,female,Single,1.05,1.61,1.61,1.63,2,5.0,3.98,5.0,5.0,1.9,1.83,1.54,1.19,0.6,0.61,1.65,0.66,1.05,1.04,1.02,1.11
>10,male,Single,1.07,1.62,1.62,1.64,3,5.0,3.98,5.0,5.0,1.89,1.82,1.52,1.17,0.6,0.6,0.63,0.65,1.07,1.05,1.04,1.06
>10,female,Single,1.35,1.64,1.64,1.66,2,4.68,5.0,5.0,5.0,1.87,1.8,1.5,1.15,0.59,0.6,0.62,0.65,1.09,1.07,1.05,1.08
>10,male,Single,1.1,1.65,1.65,1.68,3,4.67,5.0,5.0,5.0,1.85,1.78,1.48,1.13,0.58,0.59,0.73,0.64,1.1,1.09,1.07,1.11
>10,female,Single,1.11,1.67,1.67,1.69,3,5.0,5.0,5.0,5.0,1.83,1.76,1.47,1.12,0.58,0.58,0.61,0.63,1.12,1.11,1.09,1.17
>10,female,Single,1.13,1.68,1.69,1.7,3,5.0,5.0,5.0,5.0,1.82,1.75,1.45,1.1,0.57,0.58,0.71,0.62,1.14,1.12,1.1,1.19
>10,female,Single,1.15,1.7,1.7,1.72,3,5.0,5.0,5.0,5.0,1.8,1.73,1.43,1.08,0.56,0.57,0.68,0.62,1.15,1.14,1.12,5.0
>10,male,Single,1.17,1.72,1.72,1.73,3,5.0,5.0,5.0,5.0,1.79,1.71,1.42,1.06,0.56,0.56,,0.61,1.18,1.16,1.14,1.24
<5,male,Single,1.37,1.73,1.73,5.0,3,5.0,4.01,5.0,5.0,1.77,1.69,1.4,1.05,0.55,0.56,0.58,0.61,1.19,1.17,1.15,1.19
<5,male,Single,1.39,1.75,1.75,1.77,3,5.0,3.96,5.0,5.0,1.75,1.67,1.39,1.03,0.54,0.55,0.58,0.6,1.2,1.19,1.17,1.21
>10,male,Single,1.28,1.77,1.76,1.78,3,3.05,4.01,5.0,5.0,1.73,1.66,1.37,1.01,0.53,0.54,0.57,0.59,1.2,1.21,1.19,1.23
>10,female,Single,1.42,1.78,1.78,1.8,3,5.0,3.95,5.0,5.0,1.72,1.74,1.01,0.99,0.53,0.54,0.65,0.58,1.02,1.23,1.21,1.23
<5,female,Single,1.27,1.8,1.8,1.82,3,5.0,5.0,5.0,5.0,1.7,1.72,0.99,0.96,0.52,0.53,0.62,0.58,1.03,1.25,1.23,1.25
<5,male,Single,1.3,1.82,1.81,1.83,3,5.0,5.0,5.0,5.0,1.68,1.7,0.97,0.96,0.52,0.52,0.61,0.57,1.03,1.27,1.24,1.26
<5,male,Single,1.45,1.83,1.83,1.85,3,4.58,5.0,5.0,5.0,1.67,1.71,0.96,0.94,,0.52,0.64,0.56,1.04,1.28,1.26,1.28
<5,male,Single,1.31,1.85,1.84,1.86,3,4.57,5.0,5.0,5.0,1.65,1.57,0.95,0.93,0.51,0.51,0.6,0.56,1.05,1.3,1.28,1.28
<5,male,Single,1.32,1.86,1.86,1.87,3,4.56,5.0,5.0,5.0,1.64,1.56,1.27,0.91,0.5,0.52,0.53,5.0,1.06,1.32,1.29,1.3
<5,male,Single,1.31,5.0,1.86,1.87,3,5.0,5.0,5.0,5.0,1.63,1.55,1.29,0.9,0.0,0.0,0.51,0.54,1.05,1.47,1.3,1.3
<5,male,Single,1.31,5.0,1.86,1.87,3,5.0,3.91,5.0,5.0,1.64,1.73,1.56,0.9,0.0,0.0,0.51,0.68,1.04,1.47,1.3,1.3
>10,male,Single,1.3,5.0,1.86,1.87,3,5.0,3.93,5.0,5.0,1.64,1.69,1.56,0.91,0.0,0.0,0.51,0.68,1.04,1.33,1.3,1.3
>10,male,Single,1.3,5.0,1.86,1.87,3,5.0,3.91,,5.0,1.64,1.68,1.56,0.91,0.0,0.0,0.51,0.67,1.04,1.33,1.31,1.29
>10,?,Single,1.3,5.0,1.86,1.87,3,5.0,3.91,5.0,5.0,1.64,1.68,1.55,0.91,,0.0,0.51,0.68,1.04,1.33,1.31,1.3
>10,male,Single,1.31,5.0,1.86,1.87,3,5.0,3.94,5.0,5.0,1.65,1.68,1.56,0.91,0.0,0.0,0.51,0.68,1.04,1.33,1.3,1.29
>10,female,Single,1.31,5.0,1.86,1.87,3,5.0,3.91,5.0,5.0,1.64,1.68,1.56,0.9,0.0,0.0,0.51,0.68,1.04,1.32,1.3,1.3
>10,female,Single,1.31,5.0,1.86,1.87,3,5.0,4.55,5.0,5.0,1.67,1.67,1.56,0.9,0.0,0.0,0.5,0.68,1.04,1.47,1.31,1.3
<5,male,Single,1.31,1.89,1.87,1.88,3,5.0,4.55,5.0,5.0,1.67,1.67,1.54,0.9,0.0,0.0,0.5,0.65,1.05,1.34,1.31,1.3
<5,?,Single,1.32,1.36,1.38,1.88,3,5.0,3.93,5.0,5.0,1.66,1.66,1.53,0.89,0.0,0.0,0.0,0.65,1.03,1.48,1.31,1.31
>10,male,Single,1.33,1.36,1.88,1.89,3,5.0,3.9,5.0,5.0,1.65,1.65,1.52,0.89,0.0,0.0,0.0,0.62,1.03,1.34,1.32,1.32
<5,female,Single,1.34,1.36,1.89,1.9,3,5.0,3.95,5.0,5.0,1.64,1.64,1.51,0.88,0.0,0.0,,0.66,1.04,1.35,1.33,1.32
<5,male,Single,1.34,1.37,1.89,1.91,3,5.0,3.89,5.0,5.0,1.63,1.63,1.5,0.88,0.0,0.0,0.0,0.61,1.04,1.09,1.34,1.33
<5,female,Single,1.34,1.37,1.42,5.0,3,5.0,3.89,5.0,5.0,1.63,1.6,1.5,1.58,0.0,0.0,0.0,0.61,1.06,1.09,1.34,1.34
<5,male,Single,1.35,,1.41,5.0,3,5.0,3.89,5.0,5.0,1.63,1.6,1.49,1.58,,0.0,0.0,0.61,0.55,1.09,1.34,1.34
<5,female,Single,1.35,1.38,1.4,5.0,3,5.0,3.89,5.0,5.0,1.63,1.6,1.49,1.59,0.0,0.0,0.0,0.6,0.54,1.1,1.34,1.34
<5,male,Single,1.34,1.37,1.9,5.0,3,5.0,3.89,5.0,5.0,1.64,1.6,1.5,1.59,0.0,0.0,0.0,0.52,0.87,1.37,1.34,1.34
<5,male,Single,1.35,1.37,1.9,5.0,2,5.0,3.89,5.0,5.0,1.64,1.6,1.49,1.21,0.0,0.0,0.0,0.6,0.87,1.09,1.34,1.34
<5,female,Single,1.35,1.37,1.9,5.0,2,5.0,3.89,5.0,5.0,1.64,1.6,1.49,1.21,0.0,0.0,0.0,0.51,0.87,1.09,1.34,1.34
<5,male,Single,1.35,1.37,1.9,5.0,2,5.0,3.9,5.0,5.0,1.64,1.59,1.49,1.21,0.0,0.0,0.0,0.51,0.87,1.09,1.34,1.34
<5,male,Single,1.35,1.37,1.91,1.93,2,5.0,4.53,5.0,5.0,5,1.59,1.5,1.2,0.0,0.0,0.0,0.5,0.54,1.09,1.35,1.34
<5,male,Single,1.36,1.56,1.91,1.91,2,3.23,3.9,5.0,5.0,5,1.59,1.5,1.2,0.0,0.0,0.0,0.0,0.53,1.08,1.35,1.34
<5,male,Single,1.35,1.38,1.91,1.91,3,3.22,4.53,5.0,5.0,5,1.59,1.5,1.2,0.0,0.0,0.0,0.0,0.52,1.08,1.35,1.34
<5,female,Single,1.35,1.57,1.91,1.91,3,3.23,3.93,,5.0,1.63,1.59,1.63,1.65,0.0,,0.0,0.55,0.51,1.08,1.35,1.34
<5,male,Single,1.34,1.43,1.91,1.91,5,3.22,3.91,5.0,5.0,1.64,1.59,1.64,1.65,0.0,0.0,0.0,0.52,0.51,1.08,1.37,1.34
<5,male,Single,1.34,1.54,1.92,1.91,2,3.22,3.24,5.0,5.0,1.64,1.59,1.63,1.65,0.0,0.0,0.0,0.51,0.51,1.04,1.36,1.34
<5,female,Single,1.34,1.36,1.93,1.91,2,3.22,4.53,5.0,5.0,1.65,1.59,1.63,1.72,0.53,0.0,0.0,0.0,0.5,1.04,1.4,1.34
<5,male,Married,1.34,1.35,1.94,1.41,2,3.23,5.0,5.0,5.0,5,1.59,1.63,1.58,0.54,0.0,0.0,0.0,0.0,1.05,1.36,1.34
<5,male,Married,1.34,1.35,1.64,1.42,2,3.23,3.99,4.54,5.0,5,1.63,1.63,1.58,0.54,0.0,0.0,0.0,0.66,1.08,1.09,1.35
<5,male,Single,1.34,1.35,1.37,1.91,2,3.23,3.24,3.92,5.0,5,1.6,1.61,1.57,0.54,0.0,0.0,0.0,0.6,5.0,1.37,1.36
5-10,male,Married,1.34,1.35,1.58,1.92,2,3.23,3.24,3.92,5.0,5,1.63,1.6,1.49,0.5,0.0,0.0,0.0,0.58,5.0,1.08,1.35
5-10,female,Married,1.34,1.35,1.57,1.92,2,3.23,5.0,3.92,5.0,5,1.64,1.6,1.49,0.58,0.0,0.0,0.0,0.56,,1.07,1.35
<5,female,Married,1.34,1.35,1.57,1.92,2,3.23,5.0,4.53,3.93,5,1.64,1.6,1.59,0.57,0.0,0.0,0.0,0.0,0.5,1.07,1.35
<5,female,Married,1.33,1.34,1.54,1.93,2,3.24,4.35,3.93,3.93,5,1.64,1.59,1.63,0.0,0.0,0.0,0.0,0.0,0.0,1.03,1.35
<5,female,Married,1.33,1.34,1.54,1.93,2,3.24,5.0,3.93,3.92,5,1.64,1.59,1.63,0.0,0.0,0.0,0.0,0.0,0.0,1.03,1.36
<5,male,Married,1.34,1.34,1.55,1.93,2,3.24,3.26,3.93,3.92,5,1.63,1.59,1.63,0.0,0.0,,0.0,0.0,0.0,1.0,1.37
<5,,Married,1.34,1.34,1.55,1.93,2,3.24,4.35,3.93,3.92,5,1.63,1.59,1.63,0.0,0.0,0.0,0.0,0.0,0.0,1.0,1.36
<5,male,Married,1.34,1.34,1.37,1.93,2,3.24,4.35,3.92,3.93,5,1.63,,1.63,0.0,0.0,0.0,0.0,0.0,0.0,0.98,1.37
<5,male,Married,1.34,1.34,1.37,1.93,2,3.24,4.35,3.93,3.93,5,1.63,1.59,1.63,0.0,0.0,0.0,0.0,0.0,0.0,1.0,1.37
<5,female,Married,1.34,1.34,1.37,1.93,2,3.24,4.35,3.93,3.92,5,1.63,1.59,1.63,0.0,0.0,0.0,0.0,0.0,0.0,0.98,1.37
<5,male,Married,1.34,1.34,1.37,1.93,2,3.24,4.35,3.93,3.92,5,1.63,1.59,1.63,0.0,0.0,0.0,0.0,0.0,0.0,1.0,1.37
<5,?,Married,1.34,1.35,1.55,1.93,2,3.24,4.34,3.92,3.92,5,1.63,1.59,1.63,0.0,0.0,0.0,0.0,0.0,0.0,1.03,1.37
<5,,Married,1.34,1.35,1.37,1.93,2,3.24,4.34,3.93,3.92,5,1.63,1.59,1.63,0.0,0.0,0.0,0.0,0.0,0.0,1.01,1.38
<5,male,Married,1.34,1.35,1.37,1.93,2,3.24,4.35,3.92,3.92,5,1.63,1.58,1.63,0.0,0.0,0.0,0.0,0.0,5.0,0.98,1.38
<5,male,Married,1.35,1.35,1.38,,2,3.24,3.28,3.92,3.92,5,1.62,1.58,1.62,0.0,0.0,0.0,0.0,0.0,0.5,0.98,1.37
<5,?,Married,1.35,1.36,1.39,5.0,2,3.24,3.25,3.92,3.91,5,1.62,,1.61,0.0,0.0,0.0,0.0,0.0,5.0,0.99,1.38
5-10,male,Single,1.36,1.36,1.39,1.96,2,3.24,3.24,5.0,3.91,5,1.61,1.57,1.61,0.0,0.0,0.0,0.0,0.0,5.0,0.99,1.39
<5,male,Married,1.37,1.37,1.4,1.98,2,3.24,3.24,5.0,3.9,5,1.61,1.56,1.6,0.0,0.0,0.0,0.0,0.0,5.0,1.0,1.4
5-10,?,Married,1.37,1.38,1.4,1.97,2,3.24,3.24,5.0,3.91,5,1.6,1.56,1.59,0.5,0.0,0.0,0.0,0.0,5.0,1.01,1.4
5-10,,Married,1.38,1.39,1.4,5.0,2,3.24,3.24,5.0,5.0,5,1.59,1.55,1.58,0.5,0.0,0.0,0.0,0.0,5.0,0.9,1.41
5-10,male,Married,1.4,1.39,1.41,5.0,2,3.24,3.23,5.0,5.0,5,1.59,1.54,1.57,0.51,0.53,0.0,0.0,0.0,5.0,0.9,1.42
5-10,male,Married,1.4,1.4,1.42,1.46,1,3.25,3.23,5.0,4.5,5,5.0,1.53,1.56,0.51,0.0,0.0,0.0,0.0,1.49,0.91,1.14
5-10,female,Married,1.41,1.41,1.42,1.46,1,3.27,3.23,5.0,3.87,5,1.57,1.55,1.55,0.52,0.0,0.0,0.0,0.0,0.62,0.92,1.15
5-10,male,Married,1.42,1.42,1.44,1.46,1,3.27,3.22,5.0,3.86,5,5.0,1.54,1.54,0.79,0.0,0.0,0.0,0.0,0.63,0.93,1.16
5-10,female,Married,1.43,1.43,1.45,1.47,2,3.27,3.22,5.0,3.85,5,5.0,1.53,1.53,0.78,0.0,0.0,0.0,0.0,0.64,0.94,1.16
<5,female,Married,1.45,1.44,1.45,1.47,2,3.28,3.22,5.0,3.85,5,5.0,1.52,1.52,0.77,0.0,0.0,0.0,,0.66,0.95,1.18
<5,female,Married,1.46,1.45,1.46,1.48,2,3.27,3.22,5.0,3.84,5,2.19,1.51,1.51,0.77,0.0,0.0,0.0,0.0,,0.98,1.18
<5,male,Single,1.47,1.46,1.47,1.49,2,3.28,3.21,5.0,3.83,5,5.0,1.5,1.5,,0.0,0.0,0.0,0.0,0.66,0.99,1.19
5-10,female,Single,1.48,1.47,1.48,1.51,2,5.0,3.21,5.0,3.82,5,5.0,1.5,1.49,0.74,0.5,0.0,0.0,0.0,5.0,1.52,1.2
<5,male,Single,1.49,1.48,1.49,1.52,2,5.0,3.21,5.0,3.82,5,5.0,1.49,1.48,0.75,0.51,0.0,0.0,0.0,1.58,1.66,1.21
<5,female,Single,1.5,1.49,1.5,1.53,2,5.0,3.21,5.0,3.81,5,5.0,1.48,1.47,0.74,0.53,0.0,0.0,0.0,5.0,1.55,1.22
<5,female,Single,1.51,1.5,1.52,2.02,2,5.0,3.2,5.0,3.8,5,5.0,1.47,1.46,0.74,0.52,0.0,0.0,0.0,0.6,0.8,1.23
<5,,Single,1.52,1.51,1.53,2.03,2,3.22,3.2,5.0,3.79,5,5.0,5.0,1.42,0.74,0.54,0.0,0.0,0.0,5.0,0.8,1.24
<5,female,Single,0.61,1.52,1.56,1.8,2,3.22,3.2,5.0,3.79,5,5.0,5.0,1.41,0.74,0.54,0.5,0.0,0.0,0.64,0.82,1.25
<5,female,Single,0.61,1.53,1.56,1.8,2,3.22,3.19,5.0,3.78,5,5.0,5.0,1.43,0.74,0.54,,0.0,0.5,0.58,0.83,0.6
<5,female,Single,0.61,1.54,1.55,1.81,2,3.21,3.19,5.0,3.77,5,5.0,1.45,1.42,0.74,0.55,0.51,0.0,0.5,0.59,0.57,0.6
<5,male,Married,0.62,1.55,1.57,1.82,2,5.0,3.19,5.0,3.77,5,5.0,1.43,1.38,0.73,0.58,0.51,0.5,0.51,0.6,0.57,0.59
<5,female,Married,0.61,1.56,1.57,1.82,2,5.0,3.18,5.0,3.76,5,5.0,1.42,1.37,0.74,0.66,0.52,0.51,0.51,0.64,0.57,0.59
<5,male,Married,0.62,1.57,1.57,1.62,2,5.0,3.18,5.0,3.75,5,5.0,1.41,1.36,1.03,0.57,0.52,0.51,0.52,0.61,0.57,0.59
<5,female,Married,0.62,1.58,1.59,1.61,2,1.81,3.18,5.0,4.42,5,5.0,1.41,1.35,1.01,0.57,0.53,0.51,0.52,5.0,0.57,0.6
<5,male,Married,0.63,1.59,1.6,1.85,2,1.81,3.17,5.0,3.76,5,5.0,5.0,1.34,1.0,,0.53,0.52,0.53,5.0,0.58,0.61
<5,male,Married,0.63,1.6,1.61,1.65,2,1.86,3.16,5.0,3.75,3.82,5.0,5.0,1.33,0.72,0.58,0.54,0.53,0.53,5.0,0.58,0.61
<5,female,Married,0.64,1.62,1.62,1.66,2,1.8,3.16,5.0,3.74,5,5.0,5.0,1.31,0.72,0.59,0.55,0.53,0.54,0.66,0.59,0.61
<5,male,Married,0.64,1.63,1.64,1.68,2,1.8,3.15,5.0,3.7,5,5.0,5.0,1.3,0.72,0.59,0.56,0.54,0.55,5.0,0.6,0.62
<5,female,Married,0.65,1.65,1.66,1.7,2,1.85,3.15,5.0,3.68,5,5.0,5.0,1.28,0.97,0.61,0.57,0.55,0.56,0.61,0.61,0.63
<5,female,Married,0.66,1.66,1.67,1.68,2,1.84,3.14,5.0,3.67,5,5.0,1.97,1.3,0.96,0.61,0.58,0.56,0.58,0.72,0.88,0.64
<5,female,Married,0.67,1.68,1.68,1.71,2,1.85,3.13,5.0,3.65,5,5.0,5.0,1.28,0.96,0.62,0.58,0.56,0.58,0.62,0.63,0.65
<5,female,Married,0.68,1.7,1.7,1.72,2,5.0,3.12,5.0,3.63,5,5.0,5.0,1.27,0.95,0.63,0.59,0.57,0.59,0.68,5.0,0.66
<5,male,Married,0.68,1.71,1.72,1.73,2,3.23,3.11,5.0,3.62,5,5.0,5.0,1.26,0.94,0.64,0.6,0.58,0.6,0.69,0.65,0.66
<5,female,Married,0.69,1.73,1.73,1.75,2,5.0,3.1,5.0,3.6,5,5.0,5.0,1.9,0.94,0.7,0.61,0.59,0.6,0.69,5.0,0.67
<5,male,Single,0.7,1.75,1.75,1.77,5,5.0,3.1,5.0,3.59,5,5.0,5.0,1.89,0.93,0.66,0.62,0.6,0.61,0.66,5.0,0.69
<5,female,Married,0.71,1.77,1.77,1.78,5,5.0,3.09,5.0,3.57,5,5.0,5.0,5.0,0.93,1.39,0.63,0.61,0.62,0.64,0.92,0.69
<5,male,Single,0.72,1.79,1.79,1.81,3,5.0,3.08,5.0,3.55,5,5.0,5.0,5.0,0.92,0.72,0.64,0.62,0.63,0.66,0.83,0.71
<5,female,Single,0.73,1.8,1.81,1.82,3,5.0,3.07,5.0,3.54,5,5.0,1.81,5.0,0.93,0.93,0.65,0.63,0.63,0.66,0.7,0.71
<5,?,Married,0.74,1.82,1.82,5.0,3,4.38,3.06,5.0,3.52,5,5.0,5.0,1.59,0.92,0.92,0.66,0.64,0.64,0.66,0.86,0.72
<5,female,Married,0.75,1.84,1.84,1.86,3,5.0,3.05,5.0,3.51,5,5.0,1.76,1.57,1.27,0.91,0.67,0.65,0.65,0.68,0.88,1.43
<5,female,Married,0.76,1.86,1.86,1.88,3,5.0,3.04,5.0,3.49,5,5.0,1.75,1.56,1.27,0.71,0.68,0.66,0.66,,5.0,1.62
<5,male,Married,0.77,1.88,1.88,1.9,3,3.18,3.03,5.0,3.47,5,5.0,1.73,1.55,1.26,0.89,0.69,0.67,0.67,0.7,0.94,1.47
5-10,female,Single,0.78,1.89,1.9,5.0,3,3.18,3.02,5.0,3.45,5,5.0,1.7,1.51,1.25,0.89,0.7,0.68,0.68,0.71,5.0,1.66
>10,male,Married,0.79,1.91,1.91,1.94,3,3.17,3.02,5.0,3.44,3.11,5.0,1.69,1.5,1.24,0.74,0.71,0.69,0.69,0.74,5.0,1.48
>10,male,Married,0.8,1.93,1.93,5.0,3,3.17,3.01,5.0,3.42,5,5.0,5.0,1.48,0.89,0.88,0.72,0.7,0.71,0.72,0.98,1.56
>10,male,Married,0.81,1.95,1.95,5.0,3,3.17,3.0,5.0,3.4,5,5.0,1.65,1.45,0.88,,0.72,0.71,0.71,0.74,5.0,1.42
5-10,female,Married,0.82,1.97,1.97,5.0,3,3.16,2.99,5.0,3.38,5,5.0,,1.43,0.88,0.87,0.73,0.72,0.72,0.77,5.0,1.54
>10,male,Married,0.83,1.98,1.99,5.0,3,3.16,2.98,5.0,3.37,5,5.0,1.61,1.42,0.88,0.87,,0.72,0.73,0.76,2.95,1.56
<5,,Married,0.84,2.0,2.01,5.0,3,4.08,2.97,5.0,3.35,5,5.0,1.58,1.4,0.89,0.86,0.75,0.73,0.74,0.76,1.75,1.58
<5,female,Married,0.85,2.02,2.03,5.0,3,3.16,2.96,5.0,3.33,5,5.0,1.56,1.38,1.0,0.8,0.76,0.73,,0.78,5.0,1.6
<5,female,Married,0.85,2.04,2.13,5.0,3,3.16,2.95,5.0,3.32,5,5.0,1.56,1.36,0.99,0.81,0.75,0.74,0.76,0.79,1.8,1.56
<5,male,Married,0.87,2.05,2.07,5.0,5,4.11,2.94,5.0,3.3,5,5.0,5.0,1.34,0.98,0.86,0.76,0.74,0.79,0.8,5.0,1.68
<5,male,Married,0.87,2.07,2.09,5.0,5,4.11,2.93,2.51,3.28,5,5.0,5.0,1.33,0.97,0.86,0.76,0.75,0.79,0.87,5.0,1.6
<5,male,Married,0.89,2.09,2.13,5.0,5,4.11,2.92,2.5,3.27,2.22,5.0,1.49,1.31,0.96,0.86,0.77,0.76,,5.0,5.0,1.57
<5,female,Married,1.9,2.11,2.15,5.0,5,4.12,2.92,2.49,3.25,2.93,5.0,5.0,1.29,0.95,0.88,0.78,0.77,0.78,0.83,5.0,1.7
<5,female,Married,0.91,2.12,2.18,5.0,5,4.12,2.91,2.47,3.24,2.91,5.0,5.0,1.28,0.95,0.87,0.79,0.77,0.78,0.9,5.0,1.92
<5,male,Married,0.91,,2.19,5.0,5,3.15,2.9,2.47,3.23,2.9,1.29,1.28,1.26,0.94,0.87,0.8,0.78,0.79,5.0,5.0,1.94
<5,female,Married,0.91,2.15,2.19,5.0,3,4.13,2.9,2.46,3.22,2.16,1.29,1.27,1.25,,1.12,0.86,0.78,0.81,0.83,5.0,1.95
<5,male,Married,0.9,2.15,2.15,5.0,3,5.0,2.9,2.9,2.92,2.16,1.29,1.27,1.25,1.11,1.13,0.86,0.78,0.81,0.83,5.0,1.97
<5,female,Married,0.9,2.15,2.15,5.0,5,5.0,2.9,2.91,2.92,2.16,5.0,1.42,1.25,1.11,1.12,0.86,0.78,0.81,0.82,5.0,0.88
<5,female,Married,0.9,2.15,2.15,5.0,3,5.0,2.9,2.91,2.92,2.17,5.0,1.42,1.26,1.11,1.13,0.86,0.78,0.81,,3.06,0.88
<5,female,Married,0.9,2.15,2.15,5.0,5,5.0,2.9,2.9,2.92,2.17,5.0,1.42,1.25,1.11,1.12,0.86,0.78,0.8,0.82,0.87,0.88
<5,male,Married,1.94,2.15,2.15,5.0,3,5.0,2.9,2.9,3.24,3.98,3.97,1.42,1.26,1.11,1.12,0.86,0.78,0.79,0.82,0.88,0.88
<5,female,Married,1.94,2.17,2.17,5.0,5,5.0,2.9,2.9,2.92,3.98,5.0,1.42,1.26,1.11,1.12,0.86,0.79,0.79,0.82,0.88,0.87
5-10,male,Married,1.94,2.22,2.15,5.0,5,5.0,2.91,2.91,2.92,3.29,3.97,1.42,1.26,,1.12,0.85,0.79,0.79,0.81,0.84,0.87
5-10,male,Married,1.94,5.0,2.15,5.0,3,5.0,2.91,2.91,5.0,3.29,3.97,1.42,1.26,1.1,,0.85,0.79,0.78,0.81,0.84,0.87
5-10,male,Married,1.93,2.21,2.15,2.18,5,5.0,2.91,2.91,2.92,5,3.97,1.42,1.26,1.1,1.11,0.85,0.81,0.78,0.81,0.84,0.87
5-10,female,Married,1.94,2.21,2.15,5.0,3,5.0,2.92,2.91,3.29,5,3.97,1.42,1.27,1.11,1.11,0.85,0.81,0.78,0.81,0.83,0.86
5-10,male,Single,1.94,2.21,2.15,5.0,3,5.0,2.96,2.91,3.25,5,3.97,1.42,5.0,1.11,1.11,0.85,0.81,0.78,0.81,0.83,0.87
5-10,male,Single,1.94,,2.15,2.19,3,5.0,2.92,,2.48,5,3.97,1.41,1.28,1.11,1.11,0.85,,0.78,0.81,0.84,0.87
5-10,female,Single,1.95,,2.16,2.19,5,5.0,2.96,2.9,3.23,5,5.0,,1.27,1.09,1.11,0.85,0.82,0.78,0.82,0.84,0.87
5-10,female,Married,1.96,2.24,2.16,2.2,5,5.0,2.91,2.9,3.27,5,3.96,1.4,5.0,1.08,1.1,0.86,0.83,0.79,0.82,0.85,0.87
5-10,female,Married,1.74,2.24,2.17,5.0,5,3.96,2.91,2.89,2.9,5,5.0,1.39,5.0,1.08,,,0.8,0.79,0.83,0.85,0.88
<5,male,Married,1.98,2.27,2.19,2.31,3,3.95,2.94,2.88,2.95,5,3.95,1.37,5.0,1.08,0.92,1.11,0.81,0.8,0.82,0.86,0.88
>10,?,Married,1.99,2.27,2.2,2.22,5,3.95,2.89,2.87,3.2,5,3.95,1.36,5.0,1.08,0.92,1.1,0.81,0.8,0.82,0.86,0.9
<5,female,Married,1.86,2.29,2.21,2.24,3,3.95,2.94,2.87,2.89,2.1,5.0,1.35,5.0,1.03,0.91,,0.83,0.81,0.83,0.87,0.9
<5,,Married,2.03,3.05,2.23,2.25,5,3.93,2.93,2.86,2.87,2.08,3.93,1.33,5.0,1.08,0.91,0.99,0.84,0.82,0.84,0.89,0.91
<5,male,Married,1.87,2.32,2.25,2.26,5,5.0,2.86,2.85,2.86,2.07,5.0,1.31,5.0,1.07,0.91,0.99,0.85,0.83,0.85,0.9,0.92
<5,female,Married,1.88,2.34,2.27,2.28,5,5.0,4.16,2.84,2.85,2.05,3.9,1.29,5.0,1.07,0.9,1.01,0.87,0.84,0.86,,0.94
<5,female,Married,1.9,2.36,2.28,2.29,5,5.0,4.17,2.29,2.84,2.03,5.0,1.27,5.0,1.06,0.9,1.01,0.88,0.86,0.87,0.89,5.0
<5,female,Married,1.92,2.38,2.3,2.31,5,3.88,4.17,2.42,3.11,2.01,3.89,5.0,5.0,,0.9,1.02,1.0,0.87,0.88,5.0,5.0
<5,female,Single,1.93,2.33,2.31,2.33,5,3.89,4.18,2.81,3.1,1.99,3.86,5.0,1.12,1.05,0.9,1.03,0.93,0.88,0.89,5.0,5.0
<5,female,Single,2.14,2.34,2.33,2.34,5,3.88,4.18,2.39,3.07,1.97,3.87,1.44,5.0,1.05,,1.06,0.9,0.89,0.9,5.0,5.0
<5,,Married,1.98,2.36,2.35,2.36,5,5.0,4.2,2.38,2.8,1.95,3.86,1.42,5.0,1.05,0.9,1.07,0.92,0.9,0.92,1.28,1.55
<5,female,Single,2.0,2.37,2.37,2.38,5,4.21,4.2,2.37,2.78,1.94,3.83,1.19,5.0,1.04,0.91,1.09,0.91,0.91,0.93,5.0,1.57
<5,male,Single,2.02,2.39,2.38,2.4,5,4.21,2.77,2.35,2.78,1.92,3.82,5.0,5.0,1.04,0.91,0.91,0.92,0.93,0.94,5.0,1.6
<5,?,Single,2.23,,2.4,2.42,5,4.21,2.75,2.35,2.99,1.89,3.85,1.13,5.0,1.04,1.03,0.91,0.93,0.94,0.96,5.0,1.63
<5,male,Single,2.25,2.42,2.42,2.44,5,4.22,2.78,3.44,2.97,1.87,5.0,1.11,1.01,1.04,1.03,0.91,0.94,0.95,4.22,5.0,1.63
<5,male,Single,2.27,2.44,2.44,2.46,5,4.22,2.74,2.73,2.74,1.85,3.79,1.09,0.98,1.04,1.03,1.04,0.95,0.96,0.99,,1.66
<5,male,Single,2.3,2.45,2.45,2.48,5,4.22,2.71,2.71,2.73,1.83,5.0,1.01,0.96,1.04,1.0,1.04,0.99,0.98,4.22,5.0,5.0
<5,female,Single,2.32,2.47,2.47,2.5,5,4.23,2.28,2.7,2.71,1.81,3.77,0.99,0.94,1.04,1.0,,0.99,0.99,4.23,1.39,1.78
<5,male,Single,2.33,2.49,2.49,5.0,5,4.24,2.15,2.69,2.71,1.79,5.0,0.98,0.92,1.04,0.94,0.91,1.05,1.0,4.24,5.0,1.82
<5,male,Single,2.35,2.5,2.51,5.0,5,4.24,2.68,2.68,2.7,1.78,3.75,0.93,0.91,,0.98,0.91,0.98,1.02,4.25,5.0,2.36
<5,male,Single,2.37,2.52,2.53,5.0,5,4.25,2.14,2.7,2.7,1.77,3.76,0.91,0.89,1.04,0.96,0.91,0.99,1.07,5.0,1.39,2.37
<5,female,Single,,2.53,2.58,5.0,2,2.28,2.66,3.29,2.86,3.74,0.92,0.89,0.88,1.04,0.95,0.91,1.0,1.04,5.0,1.58,2.39
<5,female,Single,2.55,2.54,5.0,5.0,2,2.68,2.13,2.67,2.87,3.74,0.9,0.88,0.86,1.04,0.95,0.92,1.0,1.07,4.26,1.41,2.4
<5,female,Single,2.57,2.55,5.0,5.0,5,2.26,2.64,2.66,2.85,5,0.89,0.86,0.85,1.04,0.99,0.92,1.01,1.07,4.27,1.57,2.42
<5,male,Single,2.58,2.57,5.0,5.0,4,2.25,2.63,2.84,2.83,3.72,0.87,0.85,0.84,1.03,0.99,0.92,1.01,1.08,5.0,1.62,2.43
<5,female,Single,2.59,2.58,5.0,5.0,4,2.65,2.63,2.83,2.82,3.72,0.86,0.84,0.83,0.88,0.99,0.92,1.02,1.43,5.0,1.63,2.44
<5,male,Single,2.59,2.58,2.64,5.0,5,2.25,2.63,2.83,2.82,3.72,0.86,,0.83,0.53,0.99,0.92,1.02,1.43,5.0,1.64,2.29
<5,male,Single,2.59,2.58,5.0,5.0,5,2.26,2.63,3.31,2.66,5,0.87,0.84,0.83,0.52,0.94,0.92,1.15,1.38,5.0,5.0,2.45
<5,male,Single,2.59,2.58,2.61,5.0,5,2.14,2.64,2.89,2.66,5,0.87,0.85,0.83,0.51,0.92,,1.15,1.46,5.0,1.48,5.0
<5,female,Single,2.45,2.58,2.63,5.0,2,2.12,2.64,3.26,2.84,5,0.87,0.85,0.83,0.51,0.92,0.91,1.15,1.37,5.0,1.47,2.04
<5,female,Single,2.44,2.58,2.61,5.0,2,2.1,2.64,3.26,2.67,5,0.87,0.85,0.83,0.51,0.93,0.91,1.15,1.37,5.0,1.43,2.44
<5,male,Single,2.44,2.58,2.62,5.0,2,2.1,2.64,3.25,2.84,5,0.87,0.85,0.83,0.51,,0.91,1.27,1.37,5.0,1.42,2.44
<5,?,Single,2.44,2.58,2.59,5.0,2,2.11,2.64,2.65,2.84,2.17,5.0,0.85,0.83,0.51,0.98,0.91,1.14,1.08,5.0,1.47,1.94
<5,female,Single,2.44,2.58,2.59,5.0,2,5.0,2.64,2.64,2.66,1.71,5.0,0.85,0.83,,0.98,0.91,1.04,1.05,5.0,1.41,2.44
<5,female,Single,2.43,2.58,2.58,5.0,5,2.09,2.64,2.64,2.66,1.71,2.86,0.88,0.83,0.51,0.93,0.91,1.04,1.05,5.0,1.47,5.0
<5,male,Single,2.43,2.58,2.58,2.6,2,2.1,2.64,2.64,2.66,1.71,3.72,0.88,0.83,0.51,0.9,0.91,1.03,1.05,5.0,5.0,5.0
<5,male,Single,2.43,2.58,2.58,2.6,5,5.0,2.64,2.64,2.66,1.7,3.72,0.88,0.84,0.5,0.9,0.91,1.02,,5.0,5.0,5.0
<5,male,Single,2.43,2.59,2.58,2.6,5,2.36,2.65,,2.66,1.7,3.72,0.87,0.93,0.51,0.89,1.01,1.02,1.04,1.07,5.0,1.69
<5,female,Single,2.43,5.0,2.58,2.59,5,5.0,2.68,2.65,2.66,1.7,3.75,5.0,0.83,0.86,0.89,0.91,1.03,1.05,5.0,1.31,5.0
<5,female,Single,2.37,2.69,2.58,2.59,5,2.39,2.66,2.64,2.85,1.71,5.0,0.85,0.83,0.85,1.01,,1.02,1.03,5.0,1.43,1.63
<5,male,Single,2.13,2.6,2.58,5.0,5,2.56,2.66,2.65,2.66,1.71,0.91,5.0,0.83,0.85,1.01,0.91,0.9,1.0,1.07,,1.63
<5,male,Single,2.14,2.6,2.59,2.63,5,3.73,2.66,2.65,2.66,2.9,3.73,5.0,0.83,0.85,0.9,0.97,,1.0,1.05,,1.48
<5,,Married,1.94,2.45,2.58,2.64,5,2.57,2.67,2.65,2.66,2.84,0.91,5.0,0.83,0.85,0.0,0.91,0.9,1.0,1.04,5.0,5.0
<5,male,Married,1.77,2.44,2.59,2.59,5,3.74,2.67,2.65,2.65,2.67,0.91,3.75,0.84,0.86,0.0,1.0,0.89,1.0,1.04,1.06,1.4
<5,female,Married,1.69,2.44,2.59,2.59,5,3.73,2.67,2.66,2.65,2.68,1.71,3.74,0.92,0.83,0.0,0.99,0.89,1.01,1.04,1.36,5.0
<5,male,Single,1.62,2.44,2.59,2.59,5,3.73,2.17,2.66,2.65,2.67,1.71,3.74,0.92,0.82,0.0,,0.89,1.01,1.03,1.45,5.0
<5,male,Married,1.62,2.44,2.6,2.59,3,3.74,2.2,2.67,2.66,2.67,1.7,2.73,0.92,0.82,0.0,0.99,0.91,1.0,1.03,1.05,5.0
<5,female,Single,1.62,2.44,2.6,2.59,3,3.74,2.26,2.68,2.66,2.67,1.7,0.87,5.0,0.82,0.5,0.99,0.99,,1.03,1.05,5.0
<5,male,Single,1.49,2.44,2.7,2.59,3,3.75,4.28,2.68,2.66,2.68,1.71,2.73,5.0,0.82,0.84,0.99,0.9,1.0,1.13,1.42,5.0
<5,male,Single,1.45,2.44,2.61,2.59,3,5.0,2.59,2.68,2.66,2.7,1.71,2.73,5.0,0.81,0.83,0.99,0.89,0.99,1.05,1.04,5.0
<5,?,Single,1.42,2.45,2.61,2.59,5,5.0,3.74,2.68,2.67,2.69,1.72,2.73,5.0,0.82,0.83,0.0,,0.88,1.0,,5.0
<5,,Single,1.38,5.0,2.45,2.6,3,2.05,3.75,2.69,2.67,2.67,1.72,1.72,5.0,0.81,1.02,0.0,0.88,0.88,1.0,1.02,4.28
<5,male,Single,1.33,5.0,2.45,2.61,3,5.0,3.74,2.69,2.67,2.67,2.51,1.72,5.0,0.8,0.82,0.0,0.87,0.87,1.0,1.03,1.35
<5,female,Single,1.3,5.0,2.44,2.61,3,5.0,3.74,2.7,2.68,2.67,2.68,1.71,3.75,0.8,0.81,0.0,0.87,0.87,0.99,1.01,1.04
<5,male,Single,1.31,5.0,2.44,2.61,3,5.0,2.74,4.28,3.26,2.67,2.68,1.71,5.0,0.8,0.81,0.0,0.86,0.87,0.98,1.0,1.03
<5,male,Single,1.25,5.0,2.44,5.0,3,5.0,2.76,5.0,3.27,2.67,2.68,1.71,5.0,0.79,0.8,0.83,0.85,0.88,1.0,0.99,5.0
<5,male,Single,1.31,5.0,2.44,3.65,3,5.0,5.0,4.29,2.68,2.67,2.68,1.71,5.0,0.79,0.8,0.82,0.86,,0.88,0.97,5.0
>10,male,Single,1.22,,2.45,2.63,3,5.0,2.73,4.29,2.68,2.67,2.69,1.71,5.0,0.79,0.8,0.82,0.97,0.93,0.98,0.97,1.42
>10,,Single,1.19,5.0,2.45,2.62,3,5.0,2.72,4.29,2.68,2.67,2.85,1.71,5.0,0.79,0.8,0.99,0.85,0.93,0.87,0.97,1.03
>10,male,Single,1.19,5.0,2.45,2.62,3,5.0,2.68,5.0,2.68,2.67,2.85,1.71,5.0,,0.8,0.82,0.85,0.93,0.87,0.97,1.03
>10,female,Single,1.32,5.0,2.22,2.63,3,5.0,2.67,5.0,2.68,2.67,2.68,1.71,5.0,0.79,0.8,0.82,0.97,0.94,0.89,0.98,5.0
>10,male,Single,4.3,5.0,2.46,2.63,3,5.0,2.72,4.29,2.67,2.66,2.68,1.7,3.78,0.79,0.79,0.82,0.98,0.94,0.99,1.04,5.0
>10,male,Single,1.41,5.0,2.46,2.64,3,5.0,2.68,4.29,2.66,2.65,2.67,1.69,5.0,0.78,0.79,0.81,0.98,0.95,0.99,1.03,5.0
>10,female,Single,1.28,1.48,2.47,2.65,3,5.0,2.68,3.1,2.65,2.64,2.67,1.68,5.0,0.78,0.79,0.81,0.99,0.95,0.91,1.0,1.44
>10,female,Single,1.24,5.0,2.48,3.69,3,5.0,3.71,5.0,2.64,2.63,2.65,1.67,5.0,0.77,0.78,0.8,0.0,0.96,0.9,1.05,1.45
>10,female,Single,1.31,1.5,2.49,2.66,3,5.0,2.1,5.0,2.62,2.61,2.63,1.65,5.0,0.77,0.77,0.8,0.0,0.97,0.91,1.03,1.46
>10,male,Single,1.27,1.51,2.51,2.75,3,5.0,3.7,5.0,2.61,2.6,2.62,1.64,5.0,0.76,0.77,0.79,0.0,0.93,0.93,1.04,1.49
>10,male,Single,1.28,5.0,2.52,2.67,3,5.0,2.25,5.0,2.6,2.58,2.6,1.62,5.0,0.76,0.76,0.78,0.0,0.93,0.94,1.12,1.49
>10,female,Single,4.31,1.54,2.53,2.67,3,5.0,2.62,5.0,2.58,2.57,2.59,1.6,3.67,0.75,0.76,0.78,0.0,0.95,0.95,1.06,4.31
>10,male,Single,1.43,1.56,2.55,2.79,3,5.0,2.61,5.0,2.56,2.55,2.57,1.59,5.0,0.74,0.75,0.77,0.0,0.95,0.96,1.07,5.0
>10,male,Single,5.0,1.56,2.56,2.68,3,5.0,2.01,5.0,2.55,2.54,2.55,1.57,3.64,0.74,0.74,0.76,0.51,0.97,0.98,1.07,5.0
>10,,Single,1.14,1.59,2.57,2.69,3,5.0,2.58,2.56,2.53,2.52,2.54,1.56,3.64,0.73,0.74,0.76,0.79,0.98,0.99,1.08,1.12
>10,male,Single,1.14,5.0,2.58,2.69,3,5.0,1.86,2.55,2.52,2.51,2.53,1.55,3.63,0.73,0.73,,,0.99,1.0,1.09,1.13
>10,female,Single,1.15,5.0,2.59,2.7,3,5.0,1.84,5.0,2.51,2.5,2.52,1.56,3.62,0.72,0.73,1.11,0.77,1.0,1.02,1.1,1.13
>10,male,Single,1.15,5.0,2.61,2.71,3,5.0,1.97,5.0,2.5,2.48,2.5,2.65,3.61,0.71,0.72,1.09,0.77,1.1,1.03,1.11,1.14
>10,female,Single,1.16,5.0,2.62,2.71,3,5.0,1.92,5.0,2.48,2.47,2.49,2.63,5.0,0.71,0.71,1.4,0.76,1.11,1.11,1.12,1.15
>10,male,Single,1.17,1.69,2.51,2.72,3,5.0,1.82,5.0,2.46,2.45,2.47,2.61,3.58,0.7,0.71,0.79,0.75,0.55,1.12,1.13,1.15
>10,female,Single,1.18,5.0,2.52,2.72,3,5.0,1.7,5.0,2.45,2.44,2.46,2.6,3.57,0.7,0.7,0.73,0.58,0.55,1.13,1.14,1.17
>10,female,Single,1.2,5.0,2.53,2.73,3,5.0,2.48,5.0,2.43,2.42,2.58,2.58,3.56,0.69,0.7,0.72,0.57,0.56,1.14,1.15,1.29
>10,female,Single,1.21,5.0,2.55,2.74,3,1.63,1.79,,2.42,2.4,2.57,2.56,3.55,,0.65,0.61,0.58,0.57,1.15,1.17,1.3
>10,,Single,1.22,1.28,2.56,2.74,3,1.7,1.81,5.0,2.4,2.39,2.55,2.54,3.54,0.68,0.68,0.62,0.6,0.58,0.6,1.18,1.32
>10,female,Single,1.24,5.0,2.58,2.75,3,1.63,2.43,5.0,2.38,2.37,2.53,2.52,2.56,0.67,0.68,,0.6,0.59,0.61,1.19,1.21
>10,male,Single,1.53,5.0,2.72,2.76,3,1.61,2.41,,2.36,2.35,2.37,2.5,3.51,0.66,0.67,0.64,0.62,0.6,0.62,1.21,1.23
>10,female,Single,1.27,5.0,2.73,2.77,3,1.61,3.5,,2.35,2.33,2.49,2.48,2.5,0.66,0.66,0.66,0.63,0.62,0.63,1.23,1.24
>10,female,Single,1.27,5.0,2.75,2.78,3,1.62,3.48,5.0,2.33,2.32,2.47,2.46,2.5,0.65,0.66,0.67,0.64,0.63,0.65,1.24,1.26
>10,male,Single,1.29,5.0,2.77,2.78,3,1.61,3.47,,2.31,2.3,2.45,2.44,2.49,0.64,0.65,0.67,0.66,0.64,0.65,1.25,1.28
>10,female,Single,1.31,5.0,2.79,2.79,3,1.63,2.33,5.0,2.29,2.28,2.43,2.42,2.47,0.63,0.64,0.66,0.67,0.66,0.67,1.27,1.29
>10,male,Single,1.33,5.0,2.8,2.8,3,1.68,2.32,5.0,2.27,2.26,2.41,2.4,2.45,0.63,0.63,0.66,0.68,0.67,0.68,0.7,1.45
>10,male,Single,1.34,5.0,2.81,2.81,3,5.0,2.29,5.0,2.25,2.24,2.39,2.38,2.44,0.63,0.63,0.65,0.67,0.68,0.69,0.71,1.47
>10,female,Married,1.36,5.0,2.83,2.81,3,1.67,2.27,4.4,2.24,2.22,2.37,2.36,2.42,0.61,0.62,0.64,0.67,0.7,0.7,0.72,1.49
>10,male,Single,1.66,5.0,2.85,2.82,3,5.0,2.26,4.39,4.39,2.2,2.22,2.0,2.39,0.6,0.62,0.63,0.66,0.71,0.71,1.33,1.51
>10,female,Married,1.68,5.0,2.87,2.83,3,5.0,2.24,4.4,2.2,2.18,2.33,1.99,2.37,0.6,0.61,0.76,0.65,0.72,0.77,1.34,1.53
>10,female,Single,1.7,5.0,2.88,2.84,3,5.0,2.22,4.4,4.4,2.16,2.18,1.97,2.35,0.59,0.6,0.62,0.64,0.74,0.75,0.76,0.79
>10,,Married,,5.0,2.9,4.05,3,1.94,2.2,4.4,4.4,2.14,2.17,1.94,2.33,0.59,0.59,0.62,0.64,0.75,0.76,0.78,0.8
>10,male,Married,0.85,5.0,2.91,4.05,3,1.93,2.18,4.4,5.0,2.12,2.14,1.92,2.28,0.58,0.59,0.8,0.78,0.76,0.78,1.36,1.59
>10,male,Married,1.83,5.0,2.93,4.06,3,1.93,2.17,4.4,2.13,2.1,2.13,1.9,2.3,0.57,0.58,0.82,0.79,0.78,0.79,1.38,1.62
>10,female,Married,1.73,5.0,2.95,4.07,3,1.94,2.15,4.41,2.11,2.08,2.1,1.88,2.24,0.57,0.57,0.59,0.62,0.79,0.83,1.4,1.59
>10,female,Single,1.75,5.0,2.97,4.08,5,1.94,3.31,4.41,2.08,2.07,2.08,1.86,1.1,0.56,0.57,0.58,0.82,0.8,0.81,0.84,1.65
>10,female,Single,1.9,5.0,2.98,4.09,5,1.93,3.3,4.42,2.06,2.05,2.07,1.84,1.08,0.55,0.56,0.58,0.83,0.82,0.83,1.43,1.67
>10,female,Single,1.92,5.0,3.0,4.1,5,1.93,3.28,4.42,2.04,2.03,2.04,1.82,1.05,0.55,0.55,0.57,0.6,0.83,0.85,1.45,1.69
>10,female,Single,1.94,5.0,3.01,4.1,5,1.9,3.27,5.0,2.02,2.01,2.02,1.8,1.03,0.54,0.55,0.57,0.59,0.84,,1.46,1.71
>10,male,Married,1.56,5.0,3.03,4.11,5,1.91,3.25,5.0,2.0,1.99,2.0,2.02,1.01,0.53,0.54,0.56,0.58,0.85,0.9,1.48,1.73
>10,male,Married,1.57,5.0,3.05,4.12,5,1.94,3.26,5.0,1.98,1.97,1.99,,0.99,0.53,0.53,0.55,0.58,0.87,0.88,1.5,1.75
>10,male,Married,2.02,5.0,3.06,4.13,5,5.0,3.25,5.0,1.97,1.95,1.97,1.74,0.97,0.52,,0.55,0.57,0.88,0.89,1.52,1.77
>10,female,Married,2.03,5.0,3.08,5.0,3,5.0,3.21,5.0,1.95,1.94,1.94,1.72,0.95,0.51,0.52,0.54,0.57,0.89,0.91,1.53,1.58
>10,female,Married,2.05,5.0,3.09,4.14,2,5.0,3.2,1.95,1.93,1.92,1.92,1.7,0.93,0.51,0.51,0.53,0.56,0.91,0.92,,1.59
>10,male,Married,2.03,5.0,3.11,4.15,3,1.95,3.18,1.94,1.91,1.9,1.91,1.68,0.91,0.0,0.51,0.53,0.55,0.92,,1.57,1.63
>10,female,Married,2.04,5.0,3.13,4.16,3,5.0,1.94,1.91,1.89,1.88,1.89,1.66,0.9,0.0,0.5,0.52,0.54,0.93,0.94,0.96,1.65
5-10,female,Married,2.06,5.0,3.15,4.17,3,5.0,1.92,1.9,1.88,1.86,1.87,1.64,0.88,0.0,0.0,0.51,0.54,0.95,0.95,0.97,1.65
>10,female,Married,2.08,5.0,5.0,4.18,2,5.0,1.9,1.88,1.86,1.84,1.85,1.62,0.86,0.0,0.0,0.52,0.53,0.96,0.96,0.99,1.68
>10,female,Married,2.1,5.0,5.0,4.19,3,5.0,1.88,1.86,1.84,1.83,1.83,1.6,0.84,0.0,0.0,0.51,0.52,0.97,0.98,1.0,1.91
>10,,Married,2.12,5.0,3.19,5.0,5,5.0,1.87,1.85,1.82,1.81,1.81,1.58,0.83,0.0,0.0,0.57,0.52,0.99,0.99,1.01,1.71
5-10,?,Married,2.13,5.0,3.21,5.0,5,2.04,1.85,1.84,1.81,1.79,1.8,1.56,0.81,0.0,0.0,0.59,0.51,1.0,1.0,1.02,1.71
5-10,?,Married,2.15,5.0,3.22,4.22,5,5.0,1.84,5.0,1.79,1.78,1.78,1.55,1.91,0.0,0.0,,0.0,1.01,1.01,1.03,1.72
>10,male,Married,2.15,5.0,3.22,4.21,5,5.0,1.84,5.0,1.79,1.77,1.77,1.54,1.95,0.0,0.0,0.0,0.0,1.01,1.01,1.03,1.74
>10,female,Married,1.75,5.0,3.22,4.21,5,5.0,1.84,5.0,1.79,1.77,1.77,1.54,2.34,0.0,0.0,0.0,0.0,1.02,1.01,1.02,1.73
>10,female,Married,1.08,5.0,3.22,4.22,3,5.0,1.84,,1.8,1.78,1.78,1.55,5.0,0.0,0.0,0.0,0.0,1.02,1.01,1.02,1.06
>10,female,Married,1.08,5.0,3.22,4.22,3,5.0,1.85,5.0,1.79,1.78,1.78,1.54,2.34,0.0,0.0,0.0,,1.02,1.01,1.02,1.72
>10,male,Married,1.74,1.78,3.22,4.22,3,5.0,1.84,5.0,1.8,1.78,1.77,1.54,2.34,0.0,0.0,0.0,0.0,1.02,1.01,1.02,1.73
>10,male,Married,1.74,1.77,3.22,4.21,5,1.99,1.84,5.0,1.79,1.78,1.77,1.54,1.82,0.0,0.0,0.0,0.0,1.02,1.01,1.03,1.05
>10,male,Married,1.08,1.77,3.22,4.21,5,5.0,1.84,5.0,1.79,1.78,1.77,,2.34,0.0,0.0,0.0,0.0,1.02,1.01,1.03,1.05
>10,female,Married,1.08,1.77,3.23,5.0,5,1.99,1.84,5.0,1.79,1.78,1.77,1.54,1.9,0.0,0.0,0.0,0.0,1.02,1.01,1.02,1.06
>10,female,Married,1.08,1.78,3.23,5.0,5,1.99,1.84,5.0,1.79,1.78,1.77,1.54,1.9,0.0,0.0,0.0,0.0,1.04,1.01,1.03,1.06
>10,male,Married,1.08,1.78,3.23,4.21,5,1.99,1.84,5.0,1.79,1.78,1.77,1.54,1.9,0.0,0.0,0.0,0.0,1.03,1.01,1.03,1.73
>10,male,Married,1.74,5.0,3.23,4.21,5,1.99,1.84,5.0,1.79,1.78,1.77,1.54,2.33,0.0,0.0,0.0,0.0,1.04,1.01,1.03,1.73
>10,female,Married,1.08,1.79,3.23,2.82,5,1.99,1.84,5.0,1.79,1.78,1.77,1.54,1.82,0.0,0.0,0.0,0.0,1.02,1.01,1.03,1.06
>10,female,Married,1.08,5.0,3.23,4.21,5,1.95,1.84,5.0,1.79,1.78,1.77,1.54,1.82,0.0,0.0,0.0,0.0,1.04,1.01,1.03,1.06
>10,female,Married,1.08,5.0,3.23,4.21,5,1.99,1.84,5.0,1.79,1.77,1.77,1.54,1.9,0.0,0.0,0.0,0.0,1.03,1.01,1.03,1.71
>10,male,Married,1.08,5.0,3.23,4.22,5,1.99,1.84,5.0,1.79,1.77,1.77,1.54,5.0,0.0,0.0,0.0,0.0,1.03,1.01,1.02,1.06
<5,male,Married,1.08,5.0,3.23,4.22,5,1.99,1.83,5.0,1.79,1.77,1.76,1.54,1.81,0.0,0.0,0.0,0.0,1.03,1.01,1.03,1.06
<5,female,Married,1.08,5.0,3.23,4.22,5,1.92,1.83,5.0,1.79,1.76,1.76,1.53,1.88,0.0,0.0,0.0,0.0,1.03,1.02,1.03,1.06
,male,Married,1.08,5.0,3.24,4.22,5,1.92,1.82,5.0,1.79,1.76,1.75,1.53,1.79,0.0,0.0,0.0,0.0,1.04,1.02,1.03,1.06
<5,female,Single,1.08,5.0,3.25,4.22,5,1.92,1.82,5.0,1.79,1.75,1.75,1.52,1.78,0.0,0.0,0.0,0.0,1.04,1.03,1.04,1.06
<5,female,Single,1.09,5.0,3.25,4.23,5,1.92,1.82,5.0,5.0,1.75,1.74,1.52,1.77,0.0,0.0,0.0,0.0,1.05,1.03,1.04,1.07
<5,female,Single,1.09,5.0,5.0,4.23,5,1.91,3.08,5.0,5.0,1.75,1.73,1.74,1.77,0.0,0.0,0.0,0.0,1.05,1.04,1.05,1.07
<5,male,Single,1.1,,5.0,4.23,5,1.92,3.08,5.0,5.0,1.74,1.73,1.74,1.76,0.0,0.0,0.0,0.0,1.05,1.04,1.05,1.07
<5,,Single,1.1,5.0,5.0,4.23,5,1.92,3.07,5.0,5.0,1.74,1.72,1.73,1.75,0.0,0.0,0.0,0.57,1.05,1.04,1.05,1.08
<5,male,Single,1.1,5.0,5.0,4.23,5,1.92,3.07,5.0,5.0,1.74,1.72,1.73,1.75,0.0,0.0,0.0,0.57,1.05,1.04,1.05,1.74
<5,female,Single,1.1,5.0,5.0,4.23,5,1.92,3.07,5.0,5.0,1.73,1.73,1.74,1.75,0.0,0.0,0.0,0.57,0.51,1.04,1.05,1.08
<5,female,Single,1.09,5.0,5.0,4.23,5,1.92,3.08,5.0,5.0,1.74,1.73,1.74,1.76,0.0,0.0,0.0,0.57,0.51,1.04,1.05,1.07
<5,female,Single,1.09,5.0,5.0,4.23,5,1.92,3.08,5.0,5.0,1.74,1.73,1.74,1.76,0.0,0.0,0.0,0.58,0.5,1.04,1.05,1.07
<5,female,Single,1.09,5.0,5.0,4.23,5,1.92,3.08,1.79,5.0,1.74,1.73,1.74,1.75,0.0,0.0,,0.57,0.5,1.04,1.05,1.08
<5,female,Single,1.09,5.0,5.0,4.23,5,1.92,3.08,1.79,5.0,1.74,1.73,1.79,1.76,0.0,0.0,0.0,0.0,1.05,1.04,1.06,1.07
<5,female,Single,1.08,5.0,5.0,4.23,5,1.92,5.0,1.79,5.0,1.74,1.73,1.75,1.76,0.0,0.0,0.0,0.0,1.05,1.04,1.5,1.73
<5,female,Single,1.77,5.0,5.0,4.23,5,1.92,5.0,1.79,5.0,1.74,1.73,1.74,1.84,0.0,0.0,0.0,0.0,0.0,1.04,1.04,1.73
<5,female,Single,1.55,5.0,5.0,4.23,4,1.93,5.0,1.8,5.0,1.74,1.73,1.74,1.84,0.0,0.0,0.0,0.0,,1.03,1.04,1.53
<5,male,Single,1.54,5.0,5.0,4.23,4,1.93,5.0,1.8,5.0,1.74,1.73,1.75,1.84,0.0,0.0,0.0,0.0,0.0,1.04,,1.73
<5,female,Single,1.54,,5.0,4.23,4,5.0,2.07,1.79,5.0,1.74,1.73,1.74,1.51,0.0,0.0,0.0,0.0,0.0,1.04,1.04,1.53
<5,female,Single,1.76,5.0,5.0,4.24,4,5.0,5.0,3.08,5.0,1.74,1.73,1.74,1.84,0.0,0.0,0.0,4.23,0.0,1.04,1.04,1.73
<5,female,Single,1.76,5.0,5.0,3.27,4,5.0,5.0,3.08,5.0,1.74,1.73,1.74,1.76,0.0,0.0,0.0,0.0,0.0,1.04,1.04,1.06
<5,female,Single,1.76,5.0,5.0,3.27,4,5.0,5.0,1.8,5.0,1.75,1.73,1.74,1.75,0.0,0.0,0.0,0.0,0.0,1.04,1.04,1.05
5-10,female,Single,1.08,1.11,1.81,3.27,4,5.0,2.07,3.08,5.0,1.76,1.73,1.73,1.49,0.0,0.0,0.0,0.0,0.0,1.04,1.03,1.05
5-10,male,Single,1.07,1.11,5.0,3.27,4,5.0,2.09,1.81,5.0,5,1.73,1.73,1.5,0.0,0.0,0.0,0.0,0.0,5.0,1.03,1.05
5-10,male,Single,1.06,1.1,5.0,3.27,5,5.0,1.83,1.81,5.0,5,1.74,1.73,1.74,0.53,0.0,0.0,0.0,0.0,1.8,1.03,1.04
5-10,female,Single,1.06,1.1,5.0,3.28,5,5.0,1.84,1.81,5.0,5,1.74,1.73,1.74,0.0,0.0,0.0,0.0,0.0,1.05,1.03,1.04
5-10,male,Single,1.06,1.1,5.0,3.28,5,5.0,5.0,1.82,5.0,5,1.74,1.73,1.74,0.0,0.0,0.0,,0.0,1.04,1.03,1.04
5-10,male,Single,1.06,1.1,5.0,3.28,5,5.0,5.0,1.81,5.0,5,1.74,1.73,1.74,0.0,0.0,0.0,0.0,0.0,5.0,1.03,1.04
5-10,female,Single,1.06,1.1,5.0,3.28,5,5.0,5.0,1.81,5.0,5,1.74,1.73,1.74,0.0,0.0,0.0,0.0,0.0,1.05,1.03,1.04
5-10,female,Single,1.06,1.1,5.0,3.28,5,5.0,5.0,1.81,5.0,5,1.74,1.73,1.74,0.0,0.0,0.0,0.0,0.0,1.8,1.03,1.04
5-10,male,Single,1.06,1.1,5.0,3.28,5,5.0,5.0,5.0,5.0,5,1.74,1.73,1.74,0.0,0.0,0.0,0.0,0.0,1.8,1.03,1.04
5-10,female,Single,1.06,5.0,5.0,3.28,5,5.0,5.0,1.81,5.0,5,1.74,1.73,1.74,0.0,0.0,0.0,0.0,0.0,1.05,1.03,1.04
5-10,female,Single,1.06,1.1,5.0,3.28,5,5.0,5.0,1.81,5.0,5,1.74,1.73,1.74,0.0,0.0,0.0,0.0,0.0,1.04,1.03,1.04
5-10,female,Single,1.06,1.1,5.0,3.28,5,5.0,1.84,1.81,5.0,5,1.74,1.73,1.74,0.0,0.0,0.0,0.0,0.0,1.05,1.03,1.04
5-10,male,Single,1.06,1.1,5.0,3.28,5,5.0,1.83,1.81,5.0,5,1.74,1.73,1.74,0.0,0.0,0.0,0.0,0.0,5.0,0.26,
5-10,female,Single,1.06,1.1,5.0,3.28,4,5.0,1.83,1.81,5.0,5,1.74,1.73,1.74,0.0,0.0,,0.0,0.0,1.05,1.03,1.04
5-10,female,Single,1.07,1.1,5.0,3.29,4,5.0,1.83,1.81,5.0,5,1.74,1.73,1.74,0.0,0.0,0.0,0.0,0.0,1.05,,1.04
5-10,male,Single,1.07,1.11,5.0,3.29,4,5.0,1.83,5.0,5.0,5,1.73,1.72,1.73,0.0,0.0,0.0,0.0,0.0,1.05,1.04,1.05
5-10,male,Single,1.07,,5.0,5.0,4,5.0,2.01,3.07,5.0,5,1.72,1.71,1.73,1.87,0.0,,0.0,0.57,1.06,1.04,1.06
5-10,female,Single,1.08,5.0,5.0,3.3,4,5.0,1.94,3.07,5.0,5,1.72,1.71,1.71,1.86,0.0,0.0,0.0,0.57,1.06,1.05,1.06
5-10,female,Single,1.08,2.88,5.0,3.31,4,5.0,2.0,3.07,5.0,5,1.71,1.7,1.71,1.85,0.0,0.0,0.0,0.58,1.07,1.06,1.09
5-10,male,Single,1.09,5.0,5.0,3.32,4,5.0,1.96,5.0,5.0,5,1.7,1.69,1.7,1.84,0.0,0.0,0.0,0.58,1.08,1.07,1.1
5-10,,Single,1.1,2.91,5.0,5.0,4,5.0,1.93,5.0,5.0,1.71,1.69,1.68,1.69,0.0,0.0,0.0,0.0,0.59,1.1,1.07,1.11
5-10,female,Single,1.79,5.0,5.0,5.0,4,5.0,1.93,5.0,3.05,1.7,1.68,1.67,1.68,0.0,0.0,0.0,0.0,0.61,1.85,1.08,1.13
5-10,male,Single,1.8,2.92,5.0,5.0,4,5.0,1.92,5.0,3.04,1.69,1.67,1.66,1.67,0.0,0.0,0.0,0.0,4.26,,1.09,1.11
5-10,male,Single,1.81,2.18,5.0,5.0,4,5.0,1.96,5.0,3.03,1.68,1.65,1.65,1.66,0.0,0.0,0.0,0.0,0.0,1.86,1.1,1.14
5-10,male,Single,1.17,1.86,5.0,5.0,4,5.0,1.94,5.0,3.02,1.67,1.64,1.64,1.64,5.0,0.0,0.0,0.0,0.0,0.0,1.12,1.15
<5,female,Single,1.18,2.95,5.0,5.0,4,5.0,1.92,5.0,5.0,1.66,1.63,,1.64,1.71,0.0,,0.0,0.0,0.0,1.13,1.14
5-10,female,Single,1.17,5.0,5.0,5.0,4,5.0,1.91,5.0,5.0,1.68,1.63,1.62,1.62,1.7,0.0,0.0,0.0,0.0,0.0,1.14,1.14
5-10,?,Single,1.17,2.97,5.0,5.0,4,5.0,1.9,5.0,3.02,1.67,1.62,1.6,1.62,1.69,0.0,0.0,0.0,0.0,0.0,1.15,1.15
5-10,?,Single,1.18,2.98,5.0,5.0,4,5.0,1.72,5.0,3.0,5,1.61,1.59,1.6,1.7,0.0,0.0,0.0,0.0,0.0,1.16,1.16
5-10,female,Single,1.18,2.35,5.0,5.0,5,5.0,1.71,5.0,2.99,1.65,1.6,1.58,1.59,1.66,0.0,0.0,0.0,0.0,0.0,1.17,1.17
<5,female,Single,1.19,2.42,5.0,3.4,4,5.0,1.7,5.0,2.99,1.64,1.59,1.58,1.58,1.65,0.0,0.0,0.0,0.0,0.0,1.18,1.18
<5,female,Single,1.2,2.28,5.0,5.0,5,5.0,1.89,5.0,2.99,1.63,1.58,1.57,1.57,0.0,0.0,0.0,0.0,0.0,0.0,1.19,1.19
<5,female,Single,1.21,2.29,5.0,5.0,4,5.0,1.89,5.0,2.98,1.6,1.57,1.56,1.56,0.0,0.0,0.0,0.0,0.0,0.0,1.2,1.2
<5,female,Single,1.22,2.29,5.0,5.0,4,5.0,1.88,5.0,2.97,1.59,1.56,1.55,1.55,0.0,0.0,0.0,0.0,0.0,0.0,1.21,1.21
<5,female,Single,1.23,2.22,5.0,5.0,4,5.0,1.88,5.0,2.96,1.58,1.55,1.53,1.54,0.0,0.0,0.0,0.0,0.0,0.0,,1.22
<5,,Single,1.24,2.23,5.0,5.0,4,5.0,1.87,5.0,2.96,1.57,1.54,1.52,1.53,0.0,0.0,0.0,0.0,0.0,0.0,1.23,1.23
<5,?,Single,1.25,2.23,5.0,5.0,5,5.0,1.87,,2.95,5,1.53,1.51,1.51,0.0,,0.0,0.0,0.0,0.0,1.25,1.24
<5,male,Single,1.26,2.33,5.0,5.0,5,5.0,1.87,5.0,2.95,5,1.52,1.5,1.5,0.0,0.0,0.0,0.0,0.0,0.0,1.27,1.25
<5,male,Single,1.27,1.3,5.0,5.0,4,5.0,1.86,1.88,5.0,5,1.51,1.5,1.49,0.0,0.0,0.0,0.0,0.0,0.0,2.02,1.26
<5,male,Single,1.27,1.31,5.0,5.0,5,5.0,1.86,5.0,5.0,5,1.5,1.49,1.48,0.0,0.0,0.0,0.0,0.0,0.0,1.57,1.27
<5,female,Single,1.28,1.31,5.0,5.0,4,5.0,1.86,1.87,5.0,5,1.49,1.48,1.47,0.0,0.0,0.0,0.0,0.0,5.0,1.58,1.27
<5,male,Single,1.29,,5.0,5.0,5,5.0,1.86,1.87,5.0,1.92,1.48,1.47,1.46,0.0,0.0,0.0,0.0,0.0,5.0,1.6,1.28
<5,female,Single,1.3,1.33,5.0,5.0,4,5.0,1.85,1.86,5.0,1.91,1.47,1.46,1.45,0.0,0.0,0.0,0.0,0.0,5.0,1.6,1.29
<5,male,Single,1.32,1.34,1.37,5.0,4,5.0,1.85,1.86,1.88,1.91,1.46,1.45,1.44,0.0,0.0,0.0,0.0,0.0,5.0,2.06,1.3
<5,female,Single,1.32,1.34,2.57,5.0,4,5.0,1.84,1.85,1.88,1.9,1.45,1.44,1.43,0.0,0.0,0.0,0.0,0.0,4.38,0.79,1.31
<5,male,Single,1.34,1.35,1.38,5.0,4,5.0,1.84,1.85,1.87,5,1.44,1.43,1.42,0.5,0.0,0.0,0.0,0.0,4.38,0.79,1.32
<5,female,Single,1.34,1.36,1.39,5.0,5,1.87,1.84,1.85,1.87,5,1.43,1.42,1.41,0.5,0.0,0.0,0.0,0.0,2.16,0.8,1.33
<5,male,Single,1.35,1.37,1.4,5.0,5,1.85,1.83,1.84,1.87,1.89,1.43,1.41,1.4,0.51,0.58,0.0,0.0,0.0,4.4,0.81,1.34
<5,female,Single,1.36,1.38,1.41,5.0,5,1.85,1.83,1.84,1.87,1.88,1.42,1.4,1.39,0.51,0.0,,0.0,0.0,4.4,0.82,1.35
<5,male,Single,1.38,1.39,1.42,3.53,3,1.84,1.83,1.84,5.0,1.89,1.42,1.39,1.38,0.51,0.0,0.0,0.0,0.0,4.4,0.82,1.36
<5,,Single,1.39,1.41,1.43,5.0,5,1.84,1.82,1.83,1.87,1.88,1.41,1.38,1.37,0.52,0.0,0.0,,0.0,4.41,0.83,1.37
<5,male,Single,1.41,1.42,1.43,5.0,5,1.83,1.82,1.83,5.0,1.87,1.6,1.37,1.36,1.42,0.0,0.0,0.0,0.0,4.41,0.84,1.39
<5,female,Single,1.42,2.12,1.44,5.0,5,1.83,1.82,1.83,1.87,5,1.38,1.36,1.35,1.41,0.0,,0.0,0.0,4.42,0.85,1.4
<5,male,Single,1.44,2.12,2.78,5.0,5,1.83,1.81,1.83,1.87,1.86,1.37,1.35,1.34,1.54,0.0,0.0,0.0,0.0,4.42,0.86,1.41
<5,female,Single,1.46,2.13,2.66,5.0,4,1.83,1.81,1.82,1.88,1.87,1.36,1.34,1.33,1.39,0.5,0.0,0.0,0.0,4.43,0.87,1.42
<5,female,Single,1.46,,2.67,5.0,5,1.82,1.81,1.83,1.87,1.86,1.35,1.33,1.32,1.38,0.51,0.0,0.0,0.0,4.44,0.55,1.43
<5,male,Married,1.44,2.15,2.8,5.0,4,1.82,1.8,1.82,1.87,1.87,1.34,1.33,1.31,1.49,0.52,0.0,0.0,0.0,4.45,0.54,1.44
<5,male,Married,1.46,2.16,1.49,5.0,5,1.82,1.8,1.83,1.84,5,1.33,1.32,1.31,1.36,0.52,0.0,0.0,0.0,4.45,0.55,1.45
<5,?,Married,0.6,2.17,1.51,5.0,5,1.82,1.8,1.85,1.83,5,1.32,1.31,1.3,1.36,0.52,0.0,0.0,0.0,4.46,4.45,1.46
<5,female,Married,0.61,2.18,2.45,5.0,5,1.81,1.79,1.81,1.83,5,1.32,1.3,1.29,1.34,0.53,0.0,0.0,0.0,4.47,0.55,1.47
<5,male,Single,0.61,2.19,2.24,5.0,4,1.81,1.79,1.84,1.82,5,1.31,1.29,1.28,1.33,0.54,0.5,0.0,0.0,5.0,0.56,0.59
<5,female,Married,0.61,2.2,2.24,5.0,5,1.81,1.79,,1.81,5,1.3,1.29,1.27,1.44,0.55,0.51,0.0,0.5,5.0,0.57,1.49
<5,female,Single,0.61,2.21,2.48,5.0,5,1.82,1.79,1.8,1.8,5,1.29,1.28,1.26,1.44,0.58,,0.5,0.51,5.0,4.48,0.59
<5,?,Single,0.61,2.24,2.48,1.58,5,5.0,1.78,1.79,1.8,2.82,1.28,1.27,1.25,1.43,0.55,0.52,0.5,0.51,5.0,4.48,0.6
<5,female,Single,0.61,,2.49,1.59,5,5.0,1.78,1.78,1.79,2.81,1.28,1.26,1.25,1.43,0.56,0.52,0.51,0.51,5.0,0.61,0.6
<5,female,Single,0.62,2.25,2.49,1.59,5,5.0,1.77,1.77,1.79,5,5.0,1.25,1.24,1.42,0.56,0.53,0.51,0.55,5.0,4.49,0.6
<5,male,Single,0.62,2.27,2.5,1.61,5,5.0,1.77,1.77,1.78,5,5.0,1.24,1.23,1.41,0.57,0.54,0.52,0.53,0.56,4.49,0.6
<5,female,Single,0.62,2.28,2.51,1.62,5,5.0,1.77,1.76,1.77,5,5.0,1.27,1.21,1.4,0.58,0.54,0.52,0.53,0.55,0.59,0.61
<5,,Single,0.63,2.28,2.52,1.63,5,1.79,1.76,1.76,1.77,5,5.0,5.0,1.2,1.39,0.58,0.55,0.53,0.53,0.55,,0.61
<5,,Single,0.63,2.3,2.53,1.64,5,1.78,1.75,1.75,1.76,1.8,5.0,1.82,1.19,1.38,0.59,0.56,0.54,0.54,0.56,0.61,0.62
<5,male,Married,0.64,1.73,2.34,1.66,5,2.84,1.75,1.74,1.75,1.79,5.0,1.82,1.17,1.37,0.59,0.57,0.54,0.54,0.56,0.62,0.62
<5,,Married,1.61,2.34,2.35,1.67,5,5.0,1.75,1.73,1.74,1.78,5.0,5.0,1.16,1.06,1.38,0.58,0.55,0.55,0.57,0.6,0.62
<5,male,Single,1.63,2.35,2.37,1.69,5,4.55,1.73,1.72,1.73,1.77,5.0,5.0,1.14,1.35,1.21,0.59,0.56,0.56,0.57,0.6,0.63
<5,male,Married,1.65,,2.39,1.71,5,2.85,1.73,1.71,1.72,1.76,5.0,5.0,1.13,1.33,1.93,0.59,0.57,0.57,0.58,0.61,0.64
<5,female,Single,1.67,2.39,2.88,1.72,5,4.56,1.72,1.7,1.71,1.75,1.76,5.0,1.14,1.14,,1.77,0.58,0.58,0.59,0.62,0.65
<5,,Single,1.69,2.41,2.64,1.75,5,4.58,1.71,1.69,1.7,1.74,1.78,5.0,5.0,1.12,1.35,1.35,0.59,0.59,0.6,0.63,0.65
<5,female,Single,1.71,2.43,2.91,1.76,2,4.59,1.69,1.68,1.68,2.73,1.57,5.0,5.0,1.11,1.33,1.34,0.6,0.6,0.61,0.64,0.66
<5,,Single,1.73,2.44,2.67,2.95,5,5.0,1.67,1.66,1.67,2.72,1.56,5.0,1.07,1.09,1.31,1.33,0.72,0.61,0.62,0.65,0.67
<5,female,Single,1.75,2.46,2.68,5.0,5,5.0,1.66,1.62,1.66,2.71,5.0,5.0,1.05,,1.1,1.32,0.63,0.62,0.63,0.66,0.68
<5,male,Single,1.77,2.48,2.69,5.0,5,1.67,1.65,1.61,1.65,1.68,1.49,1.05,1.03,1.05,1.29,0.66,0.64,0.63,0.64,0.67,0.69
<5,male,Single,1.79,2.5,2.71,5.0,5,5.0,1.63,1.59,1.64,1.66,1.46,1.03,1.0,1.03,1.29,0.67,0.74,,0.66,0.68,0.7
<5,male,Single,1.81,2.52,2.72,5.0,5,1.68,1.63,1.58,1.63,1.65,1.44,5.0,0.99,1.01,1.04,0.68,0.66,0.65,0.66,0.69,0.72
<5,female,Single,1.83,2.54,2.74,5.0,5,5.0,1.61,1.57,1.62,1.64,1.42,1.0,0.97,1.0,1.02,0.69,0.67,0.66,0.68,4.65,0.73
<5,female,Single,1.85,2.56,2.75,5.0,5,1.63,1.57,1.55,1.6,5,1.41,5.0,0.96,1.22,1.01,0.7,0.68,0.67,0.69,0.71,0.75
<5,female,Single,1.87,2.57,2.77,1.92,5,1.62,1.56,1.54,1.57,1.57,1.42,5.0,0.94,1.22,0.99,0.71,0.69,0.69,0.7,0.72,0.75
<5,female,Single,1.89,2.6,2.78,1.95,5,1.6,1.55,1.53,1.56,1.55,5.0,5.0,0.93,1.25,1.25,0.72,0.71,0.7,0.7,4.68,0.76
<5,female,Single,1.91,2.62,2.8,5.0,5,1.59,1.53,1.51,1.52,1.54,5.0,,0.91,1.25,1.0,0.74,0.72,0.71,0.72,0.75,5.0
<5,male,Single,1.93,2.63,2.81,5.0,5,1.58,1.51,1.5,1.51,1.53,5.0,5.0,0.9,0.92,1.26,0.75,0.73,0.72,0.73,0.75,0.8
<5,male,Single,1.95,2.65,2.83,5.0,5,1.57,1.49,1.49,1.49,5,5.0,5.0,0.88,0.89,1.24,0.76,0.74,0.73,0.74,0.76,0.79
<5,female,Single,1.97,2.67,2.84,5.0,5,1.56,1.48,1.47,1.48,1.51,5.0,5.0,0.86,0.88,1.23,0.77,0.75,0.74,0.75,0.77,0.8
<5,male,Single,0.85,2.69,2.86,2.04,5,1.55,1.47,1.46,1.47,1.5,2.13,5.0,0.85,0.87,0.9,0.78,0.76,0.75,,0.79,0.81
<5,male,Single,2.0,2.7,2.87,5.0,5,5.0,1.46,1.45,1.46,1.48,2.12,5.0,0.83,0.85,0.88,0.79,0.77,0.76,0.77,0.8,0.83
<5,female,Single,2.02,2.72,2.89,5.0,5,5.0,1.45,,1.45,1.47,2.12,5.0,0.82,0.84,0.87,0.8,0.78,0.77,0.78,0.8,0.83
<5,female,Single,2.02,2.73,2.89,5.0,5,5.0,1.45,1.44,1.45,5,5.0,0.83,0.81,0.83,0.86,1.24,0.78,,0.78,0.8,0.83
<5,female,Single,0.87,0.89,2.89,5.0,5,5.0,1.45,1.44,1.48,5,2.12,0.83,0.81,0.83,1.17,0.81,0.78,0.77,0.78,0.8,0.83
<5,male,Single,0.87,0.89,2.89,5.0,5,5.0,1.45,1.45,1.5,5,5.0,0.84,0.81,,0.86,0.8,0.78,0.77,0.78,0.8,0.83
<5,female,Single,0.87,0.89,2.89,5.0,5,5.0,1.45,1.44,1.47,5,2.12,0.84,0.81,0.83,1.17,0.8,0.78,0.77,0.78,0.8,0.83
<5,female,Single,0.87,0.89,2.9,5.0,5,5.0,1.45,1.44,1.46,5,2.12,0.84,0.81,0.83,1.17,0.8,0.78,0.77,0.78,0.8,0.82
<5,female,Married,0.87,2.73,2.9,5.0,5,5.0,1.45,1.44,1.45,2.63,2.12,0.85,0.81,0.83,1.17,0.8,0.78,0.77,0.78,0.8,0.82
<5,male,Married,0.87,2.04,3.19,5.0,5,5.0,1.46,1.44,1.45,5,2.11,5.0,0.81,0.83,1.17,0.8,0.78,0.77,0.78,0.8,0.82
<5,male,Single,0.87,2.78,3.19,5.0,5,5.0,1.46,1.45,1.45,2.62,2.12,5.0,0.81,0.83,0.84,,0.78,0.77,0.78,0.8,0.82
<5,female,Single,0.87,2.04,2.9,5.0,5,1.56,1.46,1.45,1.45,2.62,2.12,5.0,0.81,0.83,1.17,0.8,0.78,0.77,0.78,5.0,5.0
<5,male,Single,1.48,0.91,2.91,5.0,5,5.0,1.46,1.45,1.45,2.62,2.12,0.85,0.81,0.82,0.84,0.81,0.78,0.77,0.78,5.0,5.0
<5,male,Single,1.48,0.91,2.91,5.0,5,5.0,1.46,1.45,1.45,2.62,2.12,0.85,0.81,0.82,0.85,,0.78,0.77,0.78,0.8,5.0
<5,?,Single,1.47,2.03,2.77,5.0,5,5.0,1.46,1.45,1.45,2.62,5.0,5.0,0.81,0.82,0.84,0.81,0.78,0.77,0.78,0.86,5.0
<5,female,Single,0.84,2.03,2.05,2.9,5,5.0,1.46,1.45,1.45,2.62,2.11,5.0,0.81,0.82,1.17,0.81,0.78,0.77,0.78,0.79,0.84
<5,male,Single,0.84,2.03,2.74,2.9,5,1.56,1.46,1.45,1.45,2.61,0.89,5.0,0.81,0.82,0.84,0.81,0.78,0.77,0.77,0.79,5.0
<5,female,Married,0.84,2.04,2.7,2.91,5,1.56,1.54,1.46,1.45,1.46,5.0,5.0,0.82,0.82,0.83,0.82,0.79,0.77,0.77,0.79,5.0
<5,male,Single,0.83,2.03,2.71,2.9,5,1.55,1.56,1.46,1.45,1.46,5.0,5.0,0.82,0.82,0.83,0.83,0.79,0.77,0.77,0.79,0.83
<5,female,Single,0.83,0.92,2.71,2.9,5,5.0,5.0,1.46,1.45,1.46,5.0,5.0,5.0,0.81,0.83,0.83,0.8,0.77,0.77,0.78,0.82
<5,female,Single,0.83,0.92,2.71,2.9,5,1.56,1.47,1.46,1.45,1.46,5.0,5.0,5.0,0.81,0.83,0.86,0.79,0.77,0.77,0.78,0.81
<5,male,Single,0.83,0.92,2.71,2.9,2,5.0,1.47,1.47,1.45,1.46,5.0,5.0,5.0,0.81,0.83,0.87,1.22,0.77,0.77,0.78,0.81
<5,male,Single,0.83,2.03,2.71,2.9,5,5.0,1.47,1.47,1.45,1.46,5.0,5.0,5.0,0.8,0.83,0.86,1.22,0.77,0.77,0.78,0.81
<5,male,Single,0.82,2.03,2.72,2.91,5,5.0,1.47,1.47,1.45,1.46,1.49,5.0,5.0,0.8,0.82,1.2,1.21,0.78,0.77,0.78,0.8
<5,female,Single,0.82,2.03,2.73,2.91,5,5.0,1.47,1.46,1.45,1.46,1.71,5.0,5.0,0.8,0.82,1.19,0.79,0.77,0.76,0.77,0.8
<5,male,Single,0.82,2.03,2.14,2.91,5,5.0,1.48,1.46,1.45,1.46,1.71,0.85,5.0,0.8,0.82,1.19,1.23,0.77,0.76,0.77,0.8
<5,female,Single,0.82,2.04,2.74,2.91,5,5.0,1.48,1.47,1.45,1.47,5.0,5.0,5.0,0.8,0.82,0.85,1.23,0.77,0.76,0.77,0.79
<5,female,Single,0.81,0.85,2.74,2.92,5,5.0,1.49,1.47,1.46,1.51,1.71,5.0,5.0,0.79,0.81,0.84,1.22,0.77,0.76,0.77,0.79
<5,male,Single,0.81,1.49,2.74,2.76,5,5.0,5.0,,1.46,1.51,2.61,5.0,5.0,0.79,0.81,1.15,1.22,0.77,0.76,0.77,0.79
<5,female,Single,5.0,0.85,2.06,2.75,5,5.0,5.0,1.48,1.46,1.47,2.61,5.0,5.0,0.8,0.81,1.15,,0.77,0.76,0.77,0.79
<5,male,Single,0.9,0.84,2.04,2.71,5,5.0,5.0,1.48,1.47,1.46,2.61,5.0,5.0,0.79,0.81,1.19,1.23,0.77,0.76,0.76,0.8
<5,?,Single,0.8,0.85,2.04,2.72,5,5.0,5.0,1.49,1.53,1.46,2.61,5.0,5.0,0.78,0.81,0.82,0.86,0.77,0.76,0.76,0.8
<5,female,Single,0.88,0.84,2.04,2.73,5,5.0,3.0,5.0,1.59,1.46,1.48,5.0,5.0,0.78,0.79,0.82,1.24,0.78,0.76,0.76,0.78
<5,,Single,0.8,0.82,2.04,2.74,3,5.0,5.0,5.0,5.0,1.46,1.47,1.51,5.0,0.78,0.79,0.81,1.18,0.8,0.76,,0.77
>10,female,Single,0.79,0.82,2.04,2.72,3,5.0,3.03,5.0,1.47,1.46,1.47,5.0,5.0,0.77,0.78,0.81,0.84,0.77,0.85,0.75,0.76
>10,male,Single,0.79,0.81,2.04,2.73,3,5.0,5.0,5.0,1.47,1.46,1.47,1.72,5.0,0.77,0.78,0.8,0.83,0.77,0.76,0.75,0.76
>10,male,Single,0.78,0.81,2.04,2.75,3,5.0,1.52,5.0,1.48,1.47,1.52,2.6,5.0,0.77,0.78,0.8,0.84,0.77,0.76,0.75,0.76
>10,female,Single,0.77,0.8,1.5,2.75,3,5.0,1.53,5.0,1.48,1.47,1.52,2.61,5.0,0.77,0.78,0.8,0.82,0.77,0.76,0.75,0.75
>10,male,Single,0.78,0.8,0.84,2.06,3,5.0,1.57,5.0,1.54,1.47,1.52,2.61,5.0,0.77,0.77,1.19,0.82,0.78,0.76,0.75,0.75
>10,male,Single,0.78,0.81,0.85,2.76,3,5.0,1.52,5.0,1.53,1.46,1.51,5.0,5.0,0.77,0.77,0.8,0.82,0.78,0.76,0.75,0.76
>10,male,Single,0.78,0.82,0.86,2.76,3,5.0,1.52,5.0,1.48,1.46,1.5,5.0,5.0,0.76,0.77,0.79,0.82,0.78,0.77,0.76,0.76
>10,male,Single,0.79,0.82,0.86,2.76,3,5.0,1.5,5.0,5.0,1.45,1.46,5.0,5.0,0.76,0.77,0.79,0.82,0.79,0.78,0.77,0.78
>10,male,Single,0.81,0.83,0.87,2.78,3,5.0,1.49,5.0,5.0,1.44,1.45,2.61,5.0,0.76,0.76,0.79,0.81,0.8,0.79,0.78,0.79
>10,male,Single,0.81,0.85,2.08,2.79,3,5.0,1.48,5.0,5.0,1.43,1.46,2.6,5.0,0.75,0.76,0.78,0.81,0.82,0.8,0.79,0.8
>10,female,Single,0.83,0.86,1.55,2.82,3,5.0,1.47,5.0,5.0,1.41,1.45,5.0,5.0,0.74,0.75,,0.8,0.83,0.81,0.8,0.81
>10,female,Single,0.85,0.88,0.91,,3,5.0,1.45,5.0,5.0,1.4,1.44,5.0,5.0,0.74,0.75,0.77,0.79,0.85,0.83,0.82,0.83
>10,male,Single,0.86,0.89,0.93,2.81,3,5.0,1.44,5.0,1.56,1.38,1.42,5.0,5.0,0.73,0.74,0.76,0.79,0.86,,0.83,0.84
>10,?,Single,0.87,5.0,1.59,2.82,3,5.0,1.42,5.0,1.54,1.36,1.4,5.0,5.0,0.73,0.73,0.76,0.78,0.87,0.86,0.85,0.86
>10,female,Single,0.89,5.0,1.61,2.15,3,5.0,1.41,5.0,1.52,1.35,1.4,2.59,5.0,0.72,0.73,0.75,0.77,0.89,0.88,0.87,0.88
>10,?,Single,0.91,0.94,1.63,2.16,3,5.0,5.0,5.0,1.5,1.33,1.37,2.58,5.0,0.71,0.72,0.74,0.76,0.91,0.9,0.89,0.9
>10,female,Single,0.93,0.97,1.0,2.17,3,5.0,5.0,5.0,1.49,1.31,1.35,2.58,5.0,0.7,0.71,1.27,0.76,0.93,0.91,0.9,0.95
>10,female,Single,0.95,0.98,2.18,2.19,3,5.0,5.0,5.0,1.48,1.29,1.33,2.58,5.0,0.7,0.7,1.72,0.75,0.95,0.93,0.92,0.98
>10,male,Single,0.97,0.99,1.68,2.2,3,5.0,3.95,5.0,1.47,1.27,1.32,2.58,5.0,0.69,0.7,0.73,0.74,0.97,0.95,0.94,0.98
>10,male,Single,0.99,1.01,2.21,2.22,3,5.0,3.95,5.0,1.46,1.26,1.29,2.58,5.0,0.68,0.69,0.72,0.73,0.99,0.97,0.96,1.01
>10,male,Single,1.01,2.24,2.23,2.23,3,5.0,5.0,5.0,1.45,1.24,1.27,2.58,5.0,0.68,0.68,0.76,0.73,1.0,,0.98,1.02
>10,male,Single,1.03,2.26,2.24,,3,5.0,5.0,5.0,1.41,1.22,1.25,2.58,5.0,0.67,0.68,0.76,0.72,1.02,1.01,1.0,1.03
>10,female,Single,1.04,2.27,2.26,2.27,3,5.0,5.0,5.0,1.39,1.2,1.24,2.57,5.0,0.66,0.67,0.69,0.71,1.04,1.03,1.02,1.07
>10,female,Single,1.06,2.29,2.27,2.28,3,5.0,5.0,5.0,1.38,1.18,1.21,2.57,5.0,0.66,,0.76,0.71,1.06,1.04,1.03,1.08
>10,female,Single,1.08,2.3,2.29,2.3,3,5.0,5.0,5.0,5.0,1.16,1.19,5.0,5.0,0.65,0.65,0.77,0.7,1.08,1.06,1.05,1.1
>10,male,Single,1.1,1.13,2.3,2.31,3,5.0,5.0,5.0,5.0,1.14,1.17,5.0,5.0,0.64,0.65,0.67,0.69,1.1,1.08,1.07,1.13
>10,female,Single,1.12,5.0,2.32,2.33,3,5.0,5.0,5.0,5.0,1.12,1.16,2.57,5.0,,0.64,0.67,0.69,1.12,1.1,1.09,1.13
>10,female,Single,1.14,5.0,2.33,2.34,3,3.02,5.0,5.0,5.0,1.1,1.12,2.57,5.0,0.63,0.63,0.66,0.68,1.13,1.12,1.11,1.14
>10,female,Single,1.15,2.36,2.35,2.36,3,5.0,1.15,5.0,1.3,1.09,1.09,5.0,5.0,0.62,0.63,0.65,0.67,1.15,1.14,1.13,1.16
>10,?,Single,1.17,2.37,2.36,2.37,3,5.0,1.13,5.0,1.21,1.07,1.1,5.0,5.0,0.61,0.62,0.65,0.67,1.17,1.16,1.14,1.18
>10,male,Single,1.19,2.39,2.38,2.39,3,5.0,1.11,5.0,1.21,1.05,1.07,5.0,5.0,0.61,0.61,0.64,0.66,1.19,1.18,1.16,1.23
>10,male,Single,1.21,2.41,2.39,2.4,3,5.0,1.09,5.0,1.19,1.03,1.05,5.0,5.0,0.6,0.6,0.63,0.65,1.21,1.2,1.18,1.26
>10,male,Single,1.23,2.42,2.41,3.04,3,5.0,1.07,5.0,1.03,1.01,1.02,5.0,5.0,0.59,0.6,0.62,0.64,1.23,1.21,1.2,1.28
>10,male,Single,1.25,1.28,2.42,2.43,3,5.0,5.0,5.0,1.01,0.99,1.0,5.0,5.0,0.58,0.59,0.62,0.64,1.25,1.23,1.22,1.29
>10,female,Single,1.27,1.3,2.44,2.45,3,5.0,1.04,5.0,0.99,0.97,0.99,5.0,5.0,0.58,0.58,0.61,0.63,1.27,1.25,1.24,1.32
<5,female,Single,1.28,1.31,2.45,2.47,3,5.0,5.0,5.0,0.97,0.95,0.96,5.0,5.0,0.57,0.58,0.6,0.62,1.28,1.27,1.26,1.28
<5,male,Single,1.3,1.62,2.47,2.48,3,5.0,5.0,5.0,0.95,0.93,0.94,5.0,5.0,0.56,0.57,,0.62,1.3,1.29,1.28,1.28
<5,female,Single,1.32,1.35,2.48,2.5,3,5.0,0.98,5.0,0.93,0.92,0.92,5.0,5.0,0.56,0.56,0.58,0.61,1.32,1.3,1.29,1.31
<5,female,Single,1.34,1.65,2.5,2.54,3,5.0,5.0,5.0,0.91,0.9,0.91,5.0,5.0,0.55,0.55,0.58,0.6,1.34,1.32,1.31,1.32
<5,male,Single,1.36,1.66,2.51,3.13,3,5.0,5.0,5.0,0.89,0.88,0.89,5.0,5.0,0.54,0.55,0.57,0.59,1.36,1.34,1.33,1.36
<5,,Single,1.37,2.54,2.53,2.54,3,5.0,0.93,5.0,0.88,0.86,0.87,5.0,5.0,0.53,0.54,0.56,0.59,1.37,1.36,1.35,1.38
<5,female,Single,1.39,2.56,2.54,2.55,3,5.0,0.91,5.0,0.87,0.85,0.86,5.0,5.0,0.53,0.53,0.55,0.58,1.39,1.37,1.36,1.39
>10,male,Single,1.41,1.46,2.54,1.48,3,5.0,5.0,1.16,5.0,0.85,0.86,5.0,5.0,0.53,0.53,0.56,0.57,1.39,1.38,1.36,1.39
>10,male,Single,1.4,,2.54,2.54,3,5.0,5.0,5.0,5.0,0.85,0.85,5.0,5.0,0.53,0.54,0.56,0.57,1.39,1.37,1.36,1.4
>10,male,Single,1.4,1.43,1.44,2.54,3,5.0,5.0,5.0,5.0,0.85,0.85,5.0,5.0,0.53,0.53,0.56,0.57,1.39,,1.36,1.37
>10,male,Single,1.39,1.42,1.44,2.54,3,5.0,5.0,5.0,5.0,0.85,0.85,0.87,5.0,0.53,0.53,0.55,0.57,1.39,1.37,1.36,1.37
>10,male,Single,1.38,1.43,1.44,2.54,3,5.0,5.0,5.0,5.0,0.86,0.85,0.87,5.0,0.53,0.53,0.55,0.57,1.4,1.38,1.36,1.36
>10,female,Single,1.38,1.42,1.43,2.54,3,5.0,5.0,5.0,5.0,0.86,0.85,0.87,1.07,0.53,0.53,0.54,0.57,1.4,1.38,1.36,1.36
>10,female,Single,1.37,1.63,1.43,2.54,3,5.0,5.0,5.0,5.0,0.86,0.85,0.87,1.07,0.52,0.53,0.54,0.57,1.4,1.38,1.36,1.36
<5,female,Single,1.37,1.63,1.43,2.55,3,5.0,5.0,5.0,5.0,0.86,0.85,0.87,1.07,0.52,0.52,0.54,0.56,1.4,1.48,1.36,1.36
<5,?,Single,1.37,5.0,1.42,2.55,3,5.0,5.0,5.0,5.0,5,0.85,0.87,1.07,0.52,0.52,0.54,0.57,1.54,1.39,1.36,1.36
<5,male,Single,1.37,5.0,1.43,2.55,3,5.0,5.0,5.0,5.0,5,0.85,0.87,5.0,0.52,0.52,0.54,1.56,1.54,1.48,1.36,1.36
>10,female,Single,1.37,1.41,1.42,2.55,3,5.0,5.0,5.0,5.0,0.86,0.85,0.86,2.52,0.53,,0.53,1.55,1.54,1.48,1.36,1.36
<5,female,Single,1.37,1.41,1.42,2.55,3,5.0,5.0,5.0,5.0,0.86,0.85,0.86,5.0,0.53,0.52,,5.0,1.55,1.48,1.36,1.36
<5,female,Single,1.37,,1.42,2.55,3,5.0,5.0,,5.0,0.86,0.85,0.86,5.0,0.53,0.52,0.53,0.57,1.55,1.47,1.36,1.36
>10,female,Single,1.37,,1.42,2.55,3,5.0,5.0,5.0,5.0,0.86,0.85,0.86,5.0,0.52,0.52,0.53,0.57,0.84,1.47,1.37,1.36
>10,female,Single,1.36,1.39,1.41,,3,5.0,5.0,5.0,5.0,0.86,0.85,0.86,5.0,0.52,0.52,0.53,0.57,0.84,1.47,1.37,1.36
>10,male,Single,1.36,1.39,1.41,2.54,3,5.0,5.0,5.0,5.0,0.86,0.85,0.86,0.89,0.52,0.52,,0.57,0.84,1.48,1.37,1.36
>10,male,Single,1.36,1.39,1.41,2.55,3,5.0,5.0,5.0,5.0,0.86,0.85,0.86,0.89,,0.52,0.53,1.59,0.83,1.47,1.37,1.36
>10,male,Single,1.36,1.38,1.41,2.55,3,5.0,5.0,5.0,5.0,0.86,0.85,0.86,0.88,0.52,0.52,0.52,2.72,0.59,1.47,1.36,1.35
>10,?,Single,1.36,1.39,1.41,2.55,3,3.19,5.0,5.0,1.18,0.86,0.85,0.86,2.69,0.52,0.52,0.52,1.6,0.58,1.47,1.37,1.35
>10,female,Single,1.36,1.38,1.42,2.55,3,3.2,5.0,5.0,5.0,0.86,0.85,5.0,5.0,0.52,0.51,0.52,0.55,0.57,1.42,1.36,1.35
>10,female,Single,1.36,1.38,2.1,2.55,3,3.2,3.63,5.0,5.0,0.87,0.85,0.87,0.89,0.52,0.51,0.52,0.54,0.57,1.42,1.36,1.35
>10,male,Single,1.38,5.0,2.57,2.55,3,3.2,3.25,5.0,5.0,0.87,0.86,0.87,5.0,0.52,0.51,0.52,0.54,0.57,1.42,1.37,1.35
>10,male,Single,1.36,1.58,5.0,1.44,3,3.2,3.22,,5.0,0.87,0.86,0.86,5.0,0.52,0.51,0.52,0.58,0.56,0.61,1.37,1.35
<5,male,Single,1.38,1.4,1.41,1.43,3,3.19,5.0,5.0,5.0,5,0.86,0.86,5.0,0.52,0.51,0.51,0.56,0.55,0.6,1.37,1.36
>10,female,Single,1.35,1.37,1.41,1.43,3,3.2,3.22,5.0,5.0,5,0.86,0.86,5.0,0.53,0.51,0.51,0.53,,1.53,1.38,1.36
<5,female,Single,1.35,1.37,1.4,1.42,3,3.2,3.22,5.0,5.0,5,0.89,0.86,0.87,0.54,0.51,0.5,0.52,1.42,1.57,1.4,1.36
5-10,male,Single,1.35,1.36,1.41,1.42,3,3.2,3.22,5.0,5.0,5,0.86,0.85,0.87,0.66,0.51,0.5,0.51,1.42,0.82,1.39,1.36
>10,,Single,1.35,1.36,1.41,1.41,3,3.19,3.22,5.0,5.0,5,0.86,0.85,0.86,0.62,0.51,0.0,0.51,1.44,0.81,1.39,1.37
>10,female,Single,1.35,1.36,1.41,1.41,3,3.2,5.0,5.0,5.0,5,0.86,0.85,0.86,0.54,0.5,0.0,0.5,1.57,0.81,1.38,1.36
<5,,Single,1.35,1.36,1.41,1.4,3,3.2,5.0,5.0,5.0,5,0.87,0.85,0.87,0.62,0.5,0.0,0.5,1.55,0.81,,1.36
5-10,male,Single,1.35,1.4,1.4,2.1,3,3.2,5.0,5.0,5.0,5,0.87,0.86,0.87,0.61,0.5,0.0,0.5,0.52,0.81,1.39,1.36
>10,female,Married,1.35,1.36,1.57,5.0,1,3.22,3.22,5.0,5.0,5,0.87,0.86,0.86,0.62,0.0,0.0,0.0,0.52,0.54,1.39,1.36
>10,,Single,1.35,1.36,1.38,5.0,1,2.6,3.22,5.0,5.0,5,0.88,0.86,0.86,0.53,0.0,0.0,0.0,0.51,0.53,0.58,1.37
>10,male,Single,1.35,1.36,1.37,5.0,3,3.2,3.22,5.0,5.0,5,5.0,0.86,0.86,0.53,0.5,0.0,0.0,0.0,1.43,1.4,1.37
<5,male,Single,1.35,1.35,1.37,5.0,1,3.2,3.22,5.0,5.0,5,1.06,5.0,0.86,0.53,5.0,0.0,0.0,0.0,5.0,1.42,1.41
<5,male,Single,1.37,1.35,1.37,1.39,1,3.2,3.22,,5.0,5,1.06,0.87,0.85,0.54,0.5,0.0,0.0,0.0,5.0,0.8,1.46
<5,,Single,1.38,1.35,1.36,1.39,1,3.2,3.22,5.0,5.0,5,1.07,0.86,0.85,5.0,0.5,,0.0,0.0,1.45,0.79,1.46
<5,male,Single,1.36,1.35,1.36,1.38,1,2.59,3.21,5.0,5.0,5,5.0,0.86,0.85,5.0,0.51,0.0,0.0,0.0,1.57,0.55,1.4
<5,male,Single,0.59,1.35,1.36,1.58,1,2.59,3.23,5.0,5.0,5,0.89,0.87,0.85,5.0,0.51,0.0,0.0,0.0,1.46,0.53,0.58
>10,male,Single,0.58,1.35,1.39,1.57,1,2.59,3.21,5.0,5.0,5,5.0,1.0,0.85,,0.52,0.0,0.0,0.0,3.24,0.53,0.56
<5,male,Married,0.57,1.35,1.37,1.56,1,2.59,2.62,5.0,5.0,5,1.21,5.0,0.85,5.0,0.53,0.0,0.0,0.0,3.24,0.52,0.56
<5,male,Married,0.57,1.36,1.37,1.41,3,2.59,3.22,3.24,5.0,5,5.0,5.0,0.85,5.0,0.53,0.0,0.0,0.0,0.0,,0.56
<5,female,Married,0.57,1.36,1.36,1.38,5,2.59,2.61,3.24,5.0,5,5.0,5.0,0.86,1.04,0.52,0.0,0.0,0.0,0.0,0.54,0.55
<5,male,Married,1.38,1.37,1.36,1.37,5,2.6,2.61,3.24,5.0,5,5.0,5.0,5.0,1.03,0.51,5.0,0.0,0.0,0.0,0.51,0.55
<5,male,Married,1.41,1.37,1.36,1.37,1,2.6,2.61,3.24,5.0,5,5.0,1.13,0.86,1.03,5.0,0.0,0.0,0.0,0.0,0.5,0.54
<5,male,Married,1.38,1.37,1.36,,1,2.6,2.61,3.24,5.0,5,5.0,0.88,0.86,1.05,5.0,0.0,0.0,0.0,0.0,0.0,0.52
<5,female,Married,1.39,0.58,1.36,1.37,1,2.6,3.22,3.24,3.26,5,5.0,5.0,0.85,2.48,5.0,0.0,0.0,0.0,0.0,0.0,0.52
<5,female,Married,0.54,0.57,1.36,1.37,1,2.61,3.22,3.25,3.26,5,5.0,5.0,5.0,2.48,5.0,0.57,0.0,0.0,0.0,,1.42
<5,female,Married,0.53,0.57,1.36,1.37,2,2.61,2.62,3.24,3.25,5,5.0,5.0,5.0,2.47,5.0,,0.0,0.0,0.0,0.57,0.51
<5,,Married,0.52,0.57,1.37,1.37,2,2.14,2.61,3.24,3.25,5,5.0,5.0,5.0,5.0,1.05,0.5,0.0,0.0,0.0,0.0,1.43
<5,female,Single,0.52,1.39,1.37,1.37,1,3.25,2.61,3.25,3.25,5,5.0,5.0,5.0,0.89,1.03,5.0,0.0,0.0,0.0,0.0,0.57
>10,,Married,0.52,1.39,1.38,1.37,1,1.44,2.61,3.24,3.26,5,5.0,5.0,5.0,0.84,1.01,5.0,0.51,0.0,0.0,0.0,0.51
>10,female,Married,0.79,1.41,1.39,1.37,1,1.44,2.62,3.25,3.25,5,5.0,5.0,5.0,0.84,1.01,5.0,0.58,0.0,0.0,0.0,0.51
>10,female,Married,0.52,1.41,1.41,1.37,1,1.44,2.61,3.24,3.25,5,5.0,5.0,5.0,0.84,1.01,5.0,0.0,0.0,0.0,0.0,1.55
>10,male,Married,0.51,1.41,1.39,1.38,1,1.44,2.62,3.24,3.25,5,5.0,5.0,5.0,0.84,1.01,5.0,0.0,0.0,0.0,0.0,1.47
<5,,Married,0.52,1.41,1.39,1.38,1,1.44,2.62,3.24,3.25,5,5.0,5.0,5.0,0.84,1.01,5.0,0.57,0.0,0.0,0.0,0.51
>10,male,Married,0.79,1.41,1.39,1.38,1,1.44,2.61,3.24,3.25,5,5.0,5.0,5.0,0.84,1.01,5.0,0.57,0.0,0.0,0.0,0.51
>10,female,Married,0.52,1.4,1.39,1.38,1,1.44,2.61,3.25,3.25,5,5.0,5.0,5.0,0.84,1.01,5.0,0.57,0.0,0.0,0.0,0.51
>10,male,Married,0.79,1.41,1.39,1.38,1,1.44,2.61,3.24,3.25,5,5.0,5.0,5.0,0.84,1.01,5.0,0.57,0.0,0.0,0.0,0.51
>10,male,Married,0.53,1.41,1.41,1.38,1,1.44,2.61,3.38,3.25,5,5.0,5.0,5.0,0.84,0.87,5.0,0.57,0.0,0.0,0.0,0.51
>10,female,Married,0.61,1.42,1.41,1.38,1,1.44,2.61,3.27,3.24,5,5.0,5.0,5.0,0.83,0.86,,0.0,0.0,0.0,0.0,0.51
>10,female,Married,0.54,1.42,1.4,1.39,1,1.45,2.61,3.24,3.24,5,5.0,5.0,5.0,0.83,0.86,5.0,0.57,0.0,0.0,0.0,0.52
>10,female,Married,0.54,1.44,1.4,1.39,1,1.46,2.61,3.26,3.23,5,5.0,5.0,5.0,0.82,0.84,,0.57,0.0,0.0,0.0,0.53
<5,male,Married,0.55,,1.41,1.4,1,1.46,2.6,3.22,3.22,5,5.0,5.0,5.0,0.81,0.83,5.0,0.51,0.0,0.0,0.0,0.53
<5,female,Married,0.55,,1.42,1.41,1,1.47,2.6,2.62,3.21,5,5.0,5.0,5.0,0.8,0.83,5.0,0.52,0.0,0.0,0.0,5.0
<5,female,Married,0.56,1.53,1.43,1.42,1,1.48,2.59,3.22,3.21,5,5.0,5.0,5.0,0.79,0.82,5.0,0.53,0.51,0.5,0.51,0.57
<5,male,Married,0.57,1.55,1.45,1.43,1,1.49,2.59,2.61,3.19,5,5.0,5.0,5.0,0.78,0.81,5.0,0.54,0.52,0.51,0.52,0.58
<5,male,Married,0.58,1.56,1.46,1.44,1,1.5,2.58,2.61,3.18,5,5.0,5.0,5.0,0.77,0.79,1.01,0.55,0.53,0.52,0.53,1.65
<5,male,Married,0.59,,1.47,1.45,1,1.51,2.58,2.6,3.17,5,5.0,5.0,5.0,0.76,,1.0,0.57,0.54,0.53,0.54,1.56
<5,male,Married,0.6,0.67,1.48,1.46,1,1.52,2.57,2.6,3.16,5,3.8,5.0,5.0,0.76,0.78,0.61,5.0,0.55,0.54,0.55,0.58
<5,,Married,0.6,0.65,1.47,1.46,1,1.53,2.57,3.18,3.16,5,3.78,5.0,5.0,0.75,0.77,1.0,5.0,0.55,0.55,0.55,0.58
<5,male,Married,0.59,0.64,1.47,1.46,1,2.15,2.57,3.19,3.16,5,3.78,5.0,1.09,0.75,5.0,0.99,5.0,0.55,0.54,0.55,0.57
<5,male,Married,0.59,0.64,1.47,1.46,1,5.0,2.58,3.18,3.16,5,3.79,5.0,5.0,0.75,5.0,0.99,5.0,0.55,0.54,0.55,0.57
<5,female,Married,0.59,0.63,1.47,1.46,1,5.0,2.58,3.19,3.16,5,5.0,5.0,5.0,0.75,5.0,0.99,0.6,0.55,0.54,0.55,0.57
<5,female,Married,0.59,0.63,1.47,1.46,2,5.0,2.58,3.19,3.16,5,5.0,3.8,5.0,0.75,5.0,0.99,5.0,0.55,0.54,0.55,0.57
<5,female,Married,0.59,0.63,1.47,1.46,1,5.0,2.58,3.18,3.16,5,3.82,3.79,5.0,0.76,5.0,0.99,0.6,0.55,0.54,0.55,0.56
<5,,Married,0.59,0.63,1.47,1.46,1,5.0,2.58,3.18,3.16,5,3.79,5.0,0.8,0.76,5.0,0.99,0.59,0.55,0.54,0.55,0.57
<5,male,Married,0.58,,1.48,1.46,1,5.0,1.56,3.18,3.16,3.17,5.0,5.0,5.0,,5.0,0.99,1.01,0.55,0.54,0.57,0.59
<5,male,Married,0.58,0.62,1.48,1.47,1,5.0,1.56,3.18,2.87,3.17,5.0,5.0,5.0,0.75,5.0,0.99,5.0,0.55,0.54,0.55,0.59
<5,female,Married,0.58,0.62,1.48,1.47,1,5.0,1.56,2.59,3.16,3.17,3.82,5.0,5.0,0.74,0.76,0.99,5.0,0.55,0.54,0.54,0.58
>10,male,Married,0.57,0.62,1.49,1.47,1,5.0,1.55,2.59,2.61,3.16,5.0,5.0,5.0,0.74,0.76,0.99,0.59,0.56,0.54,0.54,0.58
>10,male,Married,0.57,0.63,1.5,1.47,1,1.52,1.55,2.59,3.32,3.16,5.0,5.0,5.0,0.74,0.75,0.79,0.59,0.59,0.54,0.54,0.57
>10,male,Married,0.57,0.62,1.58,1.48,1,1.52,1.54,2.59,3.2,3.16,5.0,5.0,5.0,0.74,0.75,0.77,0.59,0.59,0.55,0.54,0.55
>10,female,Married,0.57,0.61,1.59,1.48,1,1.51,1.54,2.59,2.61,3.16,5.0,5.0,5.0,0.73,0.74,0.77,0.6,0.56,0.55,0.54,0.55
>10,,Married,0.57,0.62,1.58,1.48,1,1.51,1.53,2.59,2.61,3.16,5.0,5.0,5.0,0.73,0.74,0.77,0.6,0.56,0.59,0.54,0.55
>10,female,Married,0.57,0.62,1.59,1.48,1,1.51,1.54,2.59,3.19,3.16,5.0,5.0,5.0,0.73,0.74,0.77,0.6,0.56,0.59,0.54,0.56
>10,male,Married,0.58,0.63,1.6,1.48,1,1.52,1.54,2.58,3.18,3.15,5.0,5.0,5.0,0.73,0.74,0.77,0.6,0.57,0.56,0.55,0.56
>10,female,Married,0.59,0.64,1.6,1.49,1,1.53,1.54,2.58,3.21,3.14,5.0,5.0,5.0,0.72,0.73,0.76,0.61,0.61,0.57,0.56,0.57
>10,male,Married,0.6,0.64,1.61,1.49,1,1.53,1.55,2.57,3.19,3.13,5.0,5.0,5.0,0.72,0.73,0.76,0.63,0.62,0.58,0.57,0.58
>10,male,Married,0.61,0.65,1.62,1.5,2,1.53,1.56,2.56,3.14,3.12,5.0,3.72,5.0,0.71,0.72,0.75,5.0,0.6,0.62,0.58,0.59
>10,female,Married,0.66,0.66,1.58,1.51,2,1.54,1.56,2.56,3.12,3.1,5.0,5.0,5.0,0.7,0.72,0.74,5.0,0.61,0.64,0.6,0.61
>10,female,Married,0.68,0.68,1.59,1.52,2,1.55,1.57,2.55,3.11,3.09,5.0,5.0,5.0,0.7,0.71,0.73,5.0,0.63,0.66,0.61,0.62
>10,female,Married,0.67,0.69,1.61,1.53,2,1.55,1.58,2.54,2.55,3.07,5.0,5.0,5.0,0.69,0.7,0.73,1.02,0.64,0.7,0.63,0.64
>10,female,Married,0.68,0.71,1.62,1.53,2,1.56,1.58,2.52,2.54,3.06,5.0,5.0,5.0,0.68,0.69,,1.02,0.66,0.72,0.64,0.66
>10,female,Married,0.7,0.73,1.62,1.55,2,1.57,1.59,2.51,2.54,3.04,5.0,5.0,5.0,0.67,0.68,,1.02,0.68,0.7,,0.67
>10,,Married,0.72,0.75,1.6,1.56,2,1.58,1.6,2.5,3.06,3.02,5.0,5.0,5.0,0.66,0.68,,0.73,0.7,0.71,0.68,0.69
>10,female,Married,0.74,0.76,1.61,1.56,2,1.59,1.61,2.49,3.05,3,5.0,5.0,5.0,0.66,0.67,5.0,1.04,0.72,0.72,0.7,0.71
>10,male,Married,0.75,0.78,1.62,1.58,2,1.6,1.62,2.48,3.09,2.98,5.0,5.0,5.0,0.65,0.66,5.0,1.05,0.74,0.73,0.71,0.73
>10,?,Married,0.77,0.8,1.76,1.58,2,1.61,1.63,2.47,3.06,2.96,2.98,5.0,5.0,0.64,0.65,5.0,1.05,0.75,0.75,0.73,0.74
>10,male,Married,0.79,,1.78,1.61,2,1.62,1.64,3.04,3.05,2.95,5.0,5.0,5.0,0.63,0.64,5.0,1.06,0.77,0.76,0.75,0.76
>10,female,Married,0.81,0.83,1.8,1.62,2,1.63,1.65,3.02,3.03,2.93,5.0,5.0,5.0,0.62,0.63,0.72,5.0,0.79,0.79,0.77,0.78
>10,male,Married,0.82,0.85,1.82,1.63,2,1.63,1.66,3.01,2.97,2.91,5.0,5.0,5.0,0.61,0.62,0.72,,0.81,0.8,0.79,0.8
<5,male,Married,0.84,0.87,1.83,1.64,2,1.64,1.66,3.0,2.66,2.89,5.0,5.0,5.0,0.61,0.62,0.72,5.0,0.83,0.82,0.8,0.82
<5,female,Married,0.86,0.89,1.85,1.65,2,1.65,1.67,2.99,3.01,2.87,2.89,3.44,5.0,0.6,0.61,0.73,5.0,0.86,0.83,0.82,0.83
<5,female,Married,0.88,0.9,1.87,1.67,2,1.66,1.68,2.98,2.62,2.86,2.87,5.0,5.0,0.59,0.6,0.72,5.0,0.86,0.86,0.84,0.85
<5,female,Married,0.89,0.92,1.89,1.65,2,1.67,2.98,2.97,2.98,2.84,2.85,5.0,5.0,0.59,0.59,0.72,5.0,0.88,0.87,0.86,0.87
<5,male,Married,0.91,0.94,1.9,1.66,2,1.68,2.96,2.95,2.59,2.82,2.83,5.0,5.0,0.58,0.59,0.72,5.0,1.2,0.88,0.87,0.88
>10,male,Married,0.92,0.95,1.92,1.66,2,5.0,2.95,2.94,2.56,2.8,2.82,3.37,5.0,0.61,0.62,0.73,5.0,5.0,0.9,0.89,0.9
>10,,Married,0.94,0.96,1.93,1.68,2,5.0,1.72,2.94,2.73,2.79,5.0,3.35,5.0,0.6,0.61,0.73,5.0,0.94,0.92,0.9,0.91
>10,female,Married,0.95,0.98,1.71,1.68,2,5.0,1.73,2.93,2.73,2.78,2.79,,5.0,0.6,0.61,0.63,5.0,0.94,0.92,0.92,0.93
>10,female,Married,0.96,0.98,1.72,1.68,2,5.0,1.73,2.93,2.72,2.77,5.0,3.33,5.0,0.59,0.6,0.63,5.0,0.95,0.93,0.92,0.93
>10,female,Married,0.96,0.98,1.72,1.68,2,5.0,1.73,2.93,2.54,2.77,5.0,5.0,5.0,0.59,0.6,2.69,5.0,0.95,0.93,0.93,0.94
>10,?,Married,0.96,,1.95,1.68,2,5.0,1.73,2.93,2.5,2.77,2.78,5.0,5.0,0.59,0.6,0.63,,0.95,0.93,0.92,0.94
>10,female,Married,0.96,0.98,1.95,1.68,2,5.0,1.73,2.92,2.48,2.77,2.78,5.0,5.0,0.59,0.6,0.62,5.0,0.95,0.93,0.93,0.94
>10,female,Married,0.96,0.99,1.71,1.68,2,5.0,1.73,2.92,2.78,2.76,2.78,3.37,5.0,0.59,0.6,0.62,5.0,0.95,0.94,0.93,0.94
>10,male,Married,0.96,0.99,1.71,1.68,2,5.0,1.73,2.92,2.78,2.76,2.78,5.0,5.0,0.59,0.6,0.62,5.0,0.95,0.94,0.93,0.94
>10,male,Married,0.96,0.99,1.96,1.68,2,5.0,1.73,2.92,2.78,2.76,2.77,5.0,5.0,0.59,0.6,0.62,5.0,0.95,0.94,0.93,0.94
>10,female,Married,0.97,1.0,1.96,1.68,2,5.0,1.73,2.92,2.77,2.76,2.77,5.0,5.0,0.59,0.6,0.62,5.0,0.95,0.94,0.93,0.94
>10,female,Married,,1.0,1.96,1.68,2,5.0,1.74,2.91,2.78,2.75,2.77,5.0,5.0,0.59,0.6,0.62,5.0,0.96,0.95,0.94,0.95
>10,female,Married,0.98,1.0,1.97,1.69,2,1.72,1.74,2.91,2.78,2.75,2.76,5.0,5.0,0.59,0.59,2.7,5.0,0.97,0.95,0.94,0.96
>10,male,Married,0.99,1.01,1.98,1.69,2,1.72,1.74,2.61,2.75,2.73,2.75,5.0,5.0,0.58,0.58,,0.64,0.98,0.97,0.95,0.97
>10,female,Married,1.0,1.03,1.99,1.71,2,5.0,2.91,2.61,2.74,2.72,2.74,5.0,5.0,0.58,0.58,0.61,0.63,0.99,1.62,0.97,0.98
>10,female,Married,1.01,,1.73,1.72,2,5.0,1.76,2.57,2.72,2.71,2.72,3.27,5.0,0.57,0.57,,0.63,,1.0,0.98,0.99
>10,female,Married,1.03,1.06,2.02,1.74,2,5.0,1.76,2.56,2.71,2.69,2.71,3.24,5.0,0.56,0.55,2.73,0.62,1.02,1.0,0.99,1.01
>10,female,Married,1.04,1.07,1.92,2.1,2,1.75,1.76,2.55,2.69,2.68,2.69,5.0,5.0,0.56,0.55,2.73,0.62,1.04,1.02,1.01,1.02
>10,female,Married,1.06,1.09,1.93,1.76,2,1.75,1.77,2.55,2.68,2.66,2.68,5.0,5.0,0.55,0.56,0.6,0.61,1.05,1.04,1.03,1.04
>10,female,Married,1.08,1.11,1.95,1.76,2,1.76,1.78,2.85,2.66,2.64,5.0,5.0,5.0,0.54,0.55,2.75,0.6,1.07,1.67,1.04,1.05
>10,male,Married,1.1,1.12,1.96,1.77,2,1.76,1.79,2.3,2.64,2.63,5.0,3.17,5.0,0.54,0.55,0.58,0.59,1.09,1.68,1.06,1.08
>10,female,Married,1.11,1.14,1.97,1.78,2,1.78,1.8,2.29,2.62,2.61,5.0,3.15,5.0,0.53,0.54,0.57,0.59,1.25,1.69,1.08,1.09
>10,male,Married,1.16,1.16,1.99,1.79,2,1.78,1.8,2.82,2.6,2.59,2.6,3.13,5.0,0.52,0.53,1.3,0.58,1.26,1.12,1.1,1.11
>10,male,Married,1.15,1.18,2.01,1.77,2,1.79,1.81,2.81,2.58,2.57,2.58,3.11,5.0,0.51,0.52,2.78,0.57,1.27,1.13,1.12,1.13
>10,male,Married,1.17,1.2,2.19,1.78,2,1.8,1.82,5.0,2.56,2.55,2.56,3.09,5.0,0.51,0.51,0.55,0.57,1.29,1.72,1.14,1.15
>10,female,Married,1.19,1.22,2.04,1.79,2,1.81,1.83,2.79,2.54,2.53,2.54,3.07,5.0,0.0,0.51,0.54,0.56,1.3,1.17,1.16,1.17
>10,,Married,1.21,1.24,1.85,1.8,2,1.82,1.84,5.0,2.58,2.51,2.53,3.05,5.0,0.0,0.0,0.59,0.55,1.2,1.74,1.18,1.19
>10,male,Married,1.23,2.25,2.25,1.81,2,1.83,1.85,2.86,5.0,2.49,2.5,3.03,5.0,0.0,0.0,,0.54,,1.76,1.19,1.21
>10,male,Married,1.25,1.27,2.27,1.82,2,1.84,1.86,2.76,2.48,2.47,2.49,3.0,5.0,0.0,0.0,2.83,0.54,1.24,1.45,1.21,1.23
>10,male,Married,1.27,1.29,2.29,1.83,2,1.85,1.87,2.84,2.47,2.45,2.47,,5.0,0.0,0.0,0.58,0.53,1.27,1.44,1.23,1.24
>10,male,Married,1.28,1.31,2.31,1.85,2,1.86,1.88,2.73,2.45,2.43,2.44,,5.0,0.0,0.0,0.59,0.52,1.3,1.27,1.26,1.26
>10,male,Married,1.3,1.33,2.33,1.85,2,1.87,1.89,2.72,2.43,2.42,2.43,,5.0,0.0,0.0,0.6,0.51,1.32,1.28,1.27,1.28
>10,female,Married,1.32,2.34,2.35,1.87,2,1.88,1.9,2.71,2.41,2.4,2.41,2.92,5.0,0.0,0.0,0.0,0.5,1.32,1.3,1.29,1.3
>10,,Married,1.34,1.37,2.37,1.88,2,1.89,1.91,2.7,2.39,2.38,2.39,2.9,5.0,0.0,0.0,0.53,0.0,1.33,1.32,1.3,1.33
>10,male,Married,1.35,1.38,2.39,1.89,2,1.89,1.91,2.69,2.38,2.36,2.37,2.88,5.0,0.0,0.0,0.54,0.0,1.35,1.34,1.32,1.36
>10,,Married,1.37,1.4,2.4,1.91,2,1.9,1.92,2.68,2.36,2.35,2.36,2.87,5.0,0.0,0.0,0.0,0.0,1.36,1.35,1.34,1.45
>10,male,Married,1.39,1.41,2.42,1.91,2,1.91,1.93,,2.35,2.33,2.34,,5.0,0.0,0.0,0.0,0.0,1.38,1.37,1.35,1.37
>10,female,Married,1.43,1.42,2.43,1.91,2,1.91,1.94,2.67,2.33,2.32,2.33,2.83,5.0,0.0,0.0,0.0,0.0,1.4,1.38,1.36,1.38
>10,male,Married,1.44,1.43,1.49,1.92,2,1.92,1.94,2.66,2.32,2.31,2.32,2.62,5.0,0.0,0.0,0.0,0.0,1.41,1.4,1.38,1.39
5-10,female,Married,1.45,1.45,1.49,1.92,2,5.0,1.95,2.66,2.31,2.3,2.31,2.62,5.0,0.0,0.0,,0.0,1.41,1.41,1.39,1.4
5-10,female,Married,1.46,1.46,1.5,1.93,2,1.93,1.95,2.65,2.3,2.29,2.3,2.8,5.0,5.0,0.0,0.0,0.0,1.42,1.41,1.4,1.41
5-10,female,Married,1.44,1.47,1.51,1.93,2,1.93,1.96,2.65,2.29,2.28,2.29,2.79,5.0,5.0,0.0,0.0,0.0,,1.42,1.41,1.42
5-10,female,Married,1.45,2.47,1.52,1.95,2,1.94,1.96,2.65,2.28,2.27,2.28,2.78,5.0,5.0,0.0,0.0,0.0,1.44,1.42,1.42,1.42
5-10,male,Married,1.45,2.47,2.48,1.96,2,5.0,1.96,2.64,2.27,2.26,2.27,2.77,5.0,5.0,0.0,0.0,0.0,1.45,1.43,1.42,1.43
5-10,male,Married,1.46,2.48,2.49,1.93,2,1.95,1.97,2.64,2.26,2.25,2.27,2.76,5.0,5.0,0.0,0.0,0.0,1.45,1.44,1.43,1.44
>10,male,Married,1.46,2.49,2.49,1.93,2,5.0,1.97,2.28,2.25,2.24,2.31,2.75,5.0,5.0,0.0,0.0,0.0,1.46,1.45,1.44,1.45
>10,male,Married,1.47,2.5,2.5,1.93,2,5.0,1.97,2.27,2.25,2.24,2.3,2.54,2.78,5.0,0.0,0.0,0.58,1.47,1.46,1.45,1.46
>10,female,Married,1.48,1.51,1.97,1.94,2,5.0,1.98,2.63,2.24,2.23,2.29,2.53,2.77,5.0,0.0,0.0,0.59,1.48,1.46,1.45,1.46
>10,?,Married,1.48,1.52,1.97,1.94,2,5.0,1.99,2.26,2.24,2.22,2.24,2.52,2.74,5.0,0.0,0.0,0.57,1.49,1.47,1.46,1.49
>10,female,Married,1.49,1.62,1.98,1.95,2,5.0,2.12,2.62,2.23,2.22,2.27,2.52,2.73,5.0,0.0,0.0,0.58,1.49,1.48,1.47,1.49
>10,male,Married,1.5,1.63,1.99,1.95,2,5.0,2.12,2.62,2.23,2.21,2.22,2.51,2.31,5.0,0.0,0.0,0.58,1.5,1.49,1.47,1.49
>10,male,Married,,1.97,2.53,1.95,2,2.08,2.0,2.62,2.22,2.21,2.21,2.23,2.71,3.65,0.0,0.0,0.52,1.51,1.49,1.48,1.49
>10,female,Married,1.52,2.0,2.54,1.96,2,2.08,1.99,2.62,2.22,2.2,2.2,2.22,2.7,5.0,5.0,1.59,0.5,1.52,1.5,1.49,1.5
>10,female,Married,1.51,2.0,2.55,1.96,2,2.01,2.12,2.61,2.22,2.19,2.19,2.21,2.69,5.0,5.0,0.0,0.51,1.53,1.51,1.5,1.5
>10,female,Married,1.52,,2.56,1.97,2,1.98,2.13,2.48,2.21,2.19,2.19,2.2,2.68,5.0,5.0,0.0,0.0,0.68,1.52,1.5,1.51
>10,male,Married,1.53,1.56,1.58,1.98,2,1.98,2.61,2.48,2.79,2.18,2.18,2.19,2.67,5.0,5.0,0.0,0.0,0.68,1.53,1.51,1.51
>10,female,Married,1.53,1.56,1.58,1.98,2,1.98,2.61,2.2,2.77,2.18,2.17,2.18,2.66,5.0,5.0,0.0,0.0,0.63,1.54,,1.52
>10,female,Married,1.54,1.57,1.59,1.99,2,1.99,5.0,2.59,2.77,2.18,2.16,2.17,2.19,5.0,,0.0,0.0,0.6,1.55,1.53,1.53
>10,male,Married,1.54,1.57,1.59,2.61,2,1.99,5.0,2.2,2.77,2.17,2.15,2.16,2.18,5.0,5.0,3.06,0.0,0.6,1.61,1.54,1.54
>10,female,Married,1.55,1.58,1.6,2.61,2,1.99,5.0,2.19,2.62,5,2.14,2.15,2.17,5.0,5.0,3.06,0.0,0.57,1.63,1.55,1.55
5-10,,Married,1.56,1.58,1.61,2.62,2,1.99,5.0,2.18,2.59,2.14,2.13,2.14,2.16,5.0,5.0,1.68,0.0,0.56,1.59,,1.55
5-10,,Married,1.57,1.59,1.62,2.62,2,2.01,2.03,2.17,2.44,2.13,2.12,2.16,2.15,5.0,5.0,,0.0,0.57,1.61,1.57,1.57
5-10,female,Married,1.58,1.6,1.63,2.63,2,2.08,2.03,2.04,2.44,2.12,2.11,2.15,2.61,5.0,5.0,5.0,0.0,0.58,1.61,1.58,1.58
5-10,male,Married,1.59,1.61,1.64,2.03,2,2.0,2.01,2.15,2.43,2.11,2.09,2.11,2.6,5.0,5.0,5.0,0.0,0.53,,1.59,1.59
5-10,female,Married,1.6,1.62,1.65,2.03,2,2.0,2.01,2.14,2.57,2.09,2.08,2.1,2.59,5.0,5.0,5.0,0.0,0.53,1.63,1.61,1.6
5-10,female,Married,1.61,1.64,1.67,2.03,2,2.0,2.04,2.13,2.55,2.08,2.07,2.08,2.36,5.0,5.0,5.0,0.0,0.53,0.72,1.62,1.61
5-10,female,Married,1.63,1.65,1.67,2.03,2,2.0,2.32,2.12,2.15,2.08,2.06,2.07,2.35,5.0,1.41,,0.0,0.53,0.72,1.63,1.62
5-10,male,Married,1.64,1.66,1.69,2.03,2,2.0,2.33,2.11,2.14,2.07,2.05,2.06,2.34,5.0,1.41,5.0,1.76,0.0,0.73,1.64,1.63
5-10,male,Married,1.65,1.68,1.7,1.74,2,2.0,2.32,2.1,2.13,2.05,2.04,2.05,2.33,1.58,1.4,5.0,1.77,0.52,0.73,1.65,1.64
5-10,male,Married,1.66,1.7,1.71,1.75,2,2.0,2.04,2.09,2.11,2.04,2.03,2.03,2.07,1.58,1.4,3.55,3.13,0.0,0.74,1.67,1.65
5-10,female,Married,1.68,1.71,1.72,1.75,2,2.01,2.03,2.09,2.11,2.03,2.02,2.02,2.04,1.57,1.4,4.14,3.14,0.0,0.66,1.68,1.67
5-10,female,Married,1.69,1.73,1.74,1.77,2,2.01,2.03,,2.1,2.02,2.0,2.01,2.02,5.0,1.4,5.0,1.82,0.0,0.71,1.69,1.68
5-10,male,Married,1.7,1.74,1.82,1.78,2,2.01,2.04,2.04,2.5,2.01,1.99,1.99,2.01,5.0,1.4,5.0,1.83,0.0,0.73,1.2,1.69
5-10,female,Married,1.71,1.81,1.83,1.79,2,2.01,2.29,2.04,2.49,1.99,1.97,1.98,2.26,1.54,1.39,,1.84,0.51,0.74,1.72,1.71
5-10,female,Married,1.73,1.82,2.73,1.81,2,2.01,2.29,2.12,2.48,1.97,1.96,1.97,2.25,1.52,1.39,1.87,1.86,0.0,0.72,1.73,1.72
5-10,male,Married,1.74,2.77,2.74,1.83,2,2.01,5.0,2.07,2.33,1.96,1.94,1.98,2.24,1.41,1.39,1.88,1.87,0.0,0.73,1.23,1.74
5-10,female,Married,1.76,2.78,2.76,2.04,2,2.01,2.03,1.99,2.48,1.94,1.93,1.94,2.22,1.4,1.39,5.0,1.88,0.0,0.75,1.76,1.75
5-10,male,Married,1.77,1.8,2.77,2.04,2,2.02,2.03,2.04,2.29,1.92,1.91,1.92,2.21,1.39,1.39,1.9,1.9,0.0,0.76,1.77,1.77
5-10,?,Married,1.79,4.52,2.78,2.04,2,2.02,2.03,2.03,2.43,1.91,1.9,1.91,2.19,1.39,1.39,5.0,1.91,0.51,0.77,1.27,1.78
5-10,male,Married,1.81,1.84,1.86,2.8,2,2.02,2.04,2.02,2.21,1.89,1.88,1.9,2.18,1.39,1.38,5.0,5.0,0.56,0.79,,1.8
5-10,male,Married,1.82,1.84,1.87,2.81,2,2.04,2.05,2.02,2.15,1.88,1.87,1.89,1.9,1.39,1.38,5.0,1.92,0.56,0.81,1.83,1.81
5-10,female,Married,1.83,1.86,1.89,5.0,2,2.04,2.07,,2.13,1.86,1.85,1.87,1.88,1.39,1.38,1.41,1.93,0.57,,1.84,1.83
5-10,female,Married,1.85,1.87,1.9,5.0,2,2.03,1.95,2.25,2.16,1.87,1.84,,1.87,1.4,1.38,1.4,1.94,0.58,0.85,1.85,1.84
5-10,male,Married,1.87,1.9,1.92,2.07,2,2.03,1.95,2.25,2.14,1.84,1.82,1.84,1.86,,1.38,1.4,1.94,0.59,0.95,1.86,1.86
>10,,Married,1.88,1.93,1.95,2.03,2,2.04,1.94,2.37,1.99,1.82,1.81,1.83,1.85,1.4,1.38,1.4,1.95,0.6,0.96,1.87,1.87
>10,male,Married,1.9,2.87,1.95,2.03,2,2.04,1.88,2.37,1.83,1.8,1.8,1.82,2.35,1.39,1.38,1.4,1.97,0.62,1.9,1.88,1.88
>10,female,Married,1.92,1.97,1.97,2.0,2,5.0,1.86,2.12,1.8,1.79,1.79,1.81,2.33,1.38,1.39,1.4,1.97,0.63,1.91,1.9,1.9
5-10,male,Married,1.95,2.04,2.05,2.02,2,5.0,1.83,2.35,1.79,1.77,1.78,,2.32,1.38,1.42,2.78,1.97,0.69,1.92,1.91,1.92
5-10,male,Married,1.95,1.98,2.06,2.03,2,5.0,1.82,1.8,1.77,1.76,1.77,2.07,2.31,1.38,1.38,2.78,1.98,0.7,1.93,1.92,1.95
>10,female,Married,1.96,1.99,2.03,2.03,2,2.05,1.8,1.78,1.76,1.75,1.75,2.06,2.3,1.37,1.38,1.42,2.0,,1.41,1.93,1.94
5-10,female,Married,1.98,2.0,5.0,2.06,2,2.06,1.78,1.9,1.74,1.73,1.74,1.77,2.29,1.37,1.38,1.41,1.43,0.8,1.96,1.95,1.96
5-10,male,Married,2.0,2.02,5.0,2.03,2,2.07,1.77,1.92,1.77,1.72,1.73,1.76,1.91,1.37,1.38,1.41,1.43,1.05,1.97,1.96,1.97
5-10,female,Married,2.01,2.06,2.05,2.03,2,2.07,2.11,1.89,1.75,1.71,1.72,2.02,2.27,1.37,,1.42,0.62,1.06,1.98,1.97,1.99
<5,male,Married,2.09,2.08,2.06,2.04,2,1.97,2.11,1.72,1.7,1.7,1.72,2.02,2.26,1.37,1.4,1.41,0.62,2.0,1.99,1.99,2.01
<5,female,Married,2.09,2.08,2.05,2.04,2,1.96,2.03,1.7,1.69,1.69,2.0,2.24,5.0,1.37,2.74,5.0,0.63,2.01,2.0,2.0,4.52
<5,male,Married,2.06,2.09,2.05,2.04,2,1.88,2.0,1.68,1.67,1.68,1.98,2.23,5.0,4.15,2.73,2.08,0.64,1.47,2.01,2.02,2.14
<5,,Married,2.07,2.12,2.06,2.05,2,1.87,1.69,1.67,1.66,1.68,1.69,2.22,1.58,1.37,2.73,2.09,0.72,1.48,2.02,2.03,2.05
<5,female,Married,2.08,2.11,2.07,2.05,2,1.87,1.68,1.66,1.65,1.66,1.96,2.2,1.56,1.35,1.39,,0.74,1.49,2.03,2.04,2.06
<5,male,Married,2.09,2.13,2.07,2.06,2,1.87,1.66,1.66,1.64,1.65,1.94,1.85,1.55,1.35,1.37,2.11,0.75,1.5,2.04,2.05,2.07
<5,male,Married,2.11,2.09,2.07,2.07,2,1.87,1.82,1.64,1.63,1.64,1.93,1.82,1.54,1.35,,2.12,0.76,2.06,2.05,2.06,2.1
<5,female,Married,2.13,2.09,2.08,2.08,2,1.66,1.67,1.62,1.62,1.63,1.93,1.8,5.0,5.0,1.37,5.0,0.89,2.07,2.07,2.08,2.15
<5,male,Married,2.14,2.1,2.09,2.09,2,2.26,1.62,1.6,1.6,1.9,2.15,1.79,5.0,2.69,5.0,5.0,0.9,2.08,2.08,2.1,2.13
<5,male,Married,2.13,2.11,2.1,2.1,5,2.09,1.6,1.59,1.59,1.89,2.13,1.77,5.0,1.36,2.16,2.13,0.92,2.09,2.1,2.11,2.15
<5,male,Married,2.15,2.12,2.11,2.12,5,1.99,1.59,1.58,1.58,1.87,2.11,2.13,5.0,2.68,5.0,2.14,,2.1,2.11,2.14,2.17
<5,male,Married,2.15,2.14,2.12,2.13,2,1.61,1.57,1.56,1.57,1.84,2.09,1.32,5.0,5.0,2.18,2.15,2.13,2.12,2.13,2.21,2.19
<5,female,Married,2.17,2.15,2.14,5.0,2,1.8,1.56,1.55,1.56,1.83,2.07,1.29,1.28,2.65,2.2,2.16,2.14,2.13,,2.23,2.2
<5,male,Married,2.18,2.16,2.15,2.17,2,1.79,1.54,1.53,1.55,1.81,1.69,1.28,1.27,,2.65,,2.15,2.14,2.16,2.62,2.2
<5,male,Married,2.19,2.18,2.17,2.18,2,1.56,1.53,1.52,1.56,1.56,2.04,1.27,1.31,1.27,5.0,2.19,2.17,2.16,2.17,2.19,3.15
<5,female,Married,2.2,5.0,2.18,2.19,2,1.77,1.52,1.51,1.52,1.56,1.65,1.26,1.29,2.61,5.0,2.72,2.18,2.17,2.18,2.2,2.22
<5,male,Married,2.22,5.0,2.2,2.21,2,1.77,1.51,1.5,1.51,1.76,1.57,1.25,1.27,2.6,2.62,2.21,2.19,,2.19,2.21,2.24
<5,male,Married,2.28,2.23,2.21,2.22,2,1.76,1.55,1.49,1.5,1.56,1.61,1.23,1.25,2.6,5.0,5.0,2.2,2.19,2.2,2.23,2.25
<5,female,Married,2.5,5.0,2.23,2.24,2,1.76,1.51,1.48,1.49,1.73,1.6,1.35,1.25,2.61,5.0,2.7,,2.2,2.22,2.7,2.27
<5,male,Married,2.29,2.24,2.24,2.27,2,1.76,1.48,1.47,1.48,1.72,1.58,1.33,1.18,5.0,5.0,2.71,2.22,2.21,2.23,2.72,2.28
<5,male,Married,2.27,2.25,2.25,2.28,2,1.68,1.46,1.46,1.47,1.71,1.57,1.3,1.17,5.0,2.27,5.0,2.23,2.22,2.24,3.26,2.29
<5,male,Married,2.28,2.27,2.27,2.18,2,1.76,1.45,1.46,1.47,1.92,1.56,1.28,1.16,5.0,5.0,2.26,2.23,2.23,2.25,2.3,3.28
<5,male,Married,2.29,2.28,2.28,1.99,2,1.76,1.44,1.45,1.46,1.91,1.54,1.23,1.14,5.0,5.0,2.26,2.24,2.24,2.26,3.29,3.3
<5,,Married,2.31,2.29,2.35,2.17,2,1.63,1.43,1.44,1.59,1.89,1.52,1.21,1.13,2.55,5.0,2.27,2.25,2.25,2.27,3.31,3.32
<5,female,Married,2.31,2.3,2.33,2.02,2,1.45,1.42,1.45,1.58,1.88,1.15,,1.12,2.53,2.31,2.27,2.26,2.27,4.66,3.32,3.35
<5,female,Married,2.32,2.32,2.37,2.01,2,1.43,1.42,1.45,1.63,1.86,1.14,1.12,1.1,2.52,2.3,2.28,2.26,2.28,4.67,3.33,3.39
<5,male,Married,2.34,2.33,2.38,1.93,2,1.42,1.41,1.42,1.62,1.85,1.86,1.1,1.09,5.0,2.3,2.29,2.27,,4.17,3.34,2.36
<5,,Married,2.35,2.34,2.37,1.94,2,1.41,1.4,1.41,1.61,1.84,1.85,,1.08,1.02,2.31,2.29,2.28,2.29,4.17,3.36,5.0
<5,female,Married,2.37,2.35,2.36,1.94,2,1.41,1.39,1.4,1.59,1.45,1.21,1.14,1.06,1.01,2.31,0.79,2.29,2.29,4.69,3.37,5.0
<5,female,Married,5.0,2.37,2.37,1.95,2,1.4,1.39,1.4,1.42,1.81,1.18,1.13,1.05,,2.32,0.79,2.29,2.3,4.69,3.38,5.0
<5,female,Married,2.41,2.38,2.39,1.96,2,1.4,1.38,1.4,1.41,1.46,1.17,1.08,1.03,1.0,5.0,0.78,2.3,2.31,4.7,2.36,5.0
<5,female,Married,2.41,2.39,2.41,1.97,2,1.4,1.38,1.39,1.41,1.41,1.14,1.03,1.02,1.0,1.01,0.76,2.31,2.32,4.71,2.37,5.0
<5,male,Married,2.41,2.4,2.07,2.33,2,1.38,1.37,1.39,1.77,1.4,1.04,1.02,1.01,1.0,1.01,0.76,2.31,2.33,4.72,2.39,5.0
>10,,Married,2.4,2.42,2.12,2.33,2,1.38,1.37,1.39,1.68,1.39,1.02,1.01,1.0,0.99,1.0,0.76,2.32,2.34,4.73,2.4,2.45
>10,female,Married,2.41,2.43,2.04,1.79,2,1.36,1.36,1.53,1.67,1.38,1.0,0.99,0.99,0.99,1.0,0.76,2.33,2.35,4.73,2.41,2.47
>10,male,Married,2.41,2.45,2.11,1.79,2,1.36,1.36,1.52,1.73,1.36,0.99,0.98,0.97,0.98,1.0,,2.33,2.35,4.73,,2.45
>10,,Married,2.42,2.47,2.11,1.42,2,1.35,1.36,1.51,1.72,1.35,0.97,0.96,0.96,0.98,1.0,0.77,2.34,2.36,3.49,3.5,2.48
>10,male,Married,2.43,2.49,2.14,1.41,2,1.35,1.36,1.5,1.71,1.72,0.95,0.94,0.95,0.97,0.99,0.77,2.34,4.29,3.5,5.0,2.5
>10,male,Married,2.44,2.51,2.14,1.4,2,1.34,1.36,1.49,1.69,1.7,0.93,0.92,0.93,0.97,0.98,0.77,2.36,4.3,3.52,5.0,2.47
>10,male,Married,2.45,2.52,2.06,1.4,2,1.34,1.37,1.57,1.68,1.69,0.91,0.9,0.91,0.96,0.98,0.78,5.0,,3.54,5.0,2.53
<5,male,Married,2.53,2.54,2.07,1.39,1,1.33,1.42,1.56,1.66,3.56,0.89,0.88,0.89,0.98,0.98,0.78,5.0,4.33,3.56,5.0,2.55
>10,female,Married,2.55,2.57,2.08,1.38,1,1.33,1.34,1.65,1.65,1.66,0.87,0.86,0.88,0.94,0.8,0.78,5.0,4.8,3.58,2.59,2.57
<5,male,Married,2.57,2.61,2.11,1.38,2,1.32,1.33,1.64,1.63,0.88,0.85,0.84,0.85,0.93,0.79,0.79,5.0,4.8,3.58,5.0,2.58
>10,female,Married,2.59,2.64,2.44,1.38,1,1.32,1.33,1.62,1.62,1.64,0.83,0.82,0.83,0.92,0.8,0.79,5.0,4.38,3.6,3.66,2.6
>10,male,Married,2.61,2.66,2.44,1.38,1,1.32,1.33,1.61,1.21,0.84,0.81,0.8,0.81,0.92,0.8,0.79,5.0,4.4,3.62,5.0,2.62
<5,female,Married,2.63,4.41,2.45,1.37,2,1.31,1.32,1.59,1.2,1.63,0.79,0.79,0.79,0.96,0.8,0.79,0.82,4.41,3.63,5.0,2.64
>10,male,Married,2.64,2.65,2.46,1.37,1,1.31,1.33,1.59,1.19,1.61,0.78,0.77,0.78,0.9,0.81,0.8,5.0,4.42,3.64,5.0,2.65
>10,male,Married,2.64,2.65,2.16,1.38,2,1.32,1.34,1.59,1.59,1.6,0.78,0.77,0.78,0.89,0.81,0.8,,4.41,3.64,5.0,2.66
>10,female,Married,2.64,2.65,2.16,1.38,2,1.32,1.33,1.59,1.59,1.61,0.79,0.77,0.78,0.85,0.9,0.79,0.8,4.41,3.68,3.64,2.66
>10,,Married,2.64,2.65,2.46,1.38,2,1.32,1.33,1.59,1.59,1.63,0.79,0.78,0.79,0.85,0.9,0.79,0.8,4.4,3.64,3.71,2.65
>10,,Married,2.64,2.64,2.46,1.39,2,1.32,1.33,1.49,1.59,5,0.79,0.78,0.79,0.85,0.81,0.79,0.8,4.4,3.7,3.63,2.66
>10,female,Married,2.64,2.64,2.46,1.88,2,1.32,1.33,1.49,1.59,5,0.79,0.78,0.79,0.85,0.9,0.79,0.8,,3.64,3.68,2.65
>10,male,Married,2.64,2.64,2.46,1.88,2,1.32,1.33,1.49,1.59,5,0.79,0.78,0.78,0.89,0.91,0.79,0.8,4.41,3.7,3.65,2.65
>10,male,Married,2.64,2.64,2.48,1.88,2,1.32,1.33,1.49,1.59,5,0.79,0.78,0.78,0.89,0.82,0.79,0.8,4.41,3.7,3.63,2.65
>10,male,Married,2.55,2.64,2.49,1.88,2,1.32,1.33,1.6,1.59,1.61,0.79,0.78,0.79,0.89,0.9,0.79,0.8,4.41,3.69,3.63,2.66
>10,male,Married,2.54,2.64,2.28,1.89,2,1.32,1.32,1.6,1.59,1.61,0.79,0.78,0.78,0.85,0.9,0.79,0.79,4.41,5.0,3.63,5.0
>10,male,Married,2.55,2.64,2.28,2.26,2,1.32,1.33,1.6,1.59,1.61,0.79,,0.78,0.84,0.9,0.79,0.79,4.41,5.0,3.63,5.0
<5,female,Married,2.55,2.64,2.28,2.26,2,1.33,1.33,1.6,1.59,1.61,0.79,0.78,0.78,0.85,0.84,0.8,0.79,4.41,5.0,3.63,5.0
>10,male,Married,2.54,2.64,2.18,2.26,2,1.33,1.33,1.43,1.59,1.61,0.79,0.78,0.78,0.89,0.9,0.82,0.79,5.0,4.85,,5.0
>10,male,Married,2.54,2.64,2.2,2.49,2,1.33,1.33,1.43,1.59,1.61,0.79,0.78,0.78,0.89,0.89,0.82,0.79,5.0,5.0,3.63,5.0
<5,female,Married,2.54,2.64,2.18,2.49,2,1.33,1.33,1.35,1.6,1.61,0.8,0.78,0.78,0.84,0.9,0.83,0.79,5.0,4.84,3.63,5.0
<5,female,Married,2.55,2.64,2.27,2.49,2,1.33,1.33,1.35,1.6,1.61,0.8,0.78,0.78,0.88,0.89,0.8,0.79,5.0,4.84,3.63,5.0
>10,male,Married,2.55,2.64,2.18,2.49,2,1.34,1.32,1.34,1.6,1.64,0.8,0.78,0.78,0.88,0.89,0.8,0.79,5.0,4.84,,5.0
>10,female,Married,2.64,2.64,2.5,1.9,2,1.34,1.33,1.34,1.6,1.64,0.81,0.78,0.78,0.84,0.81,0.8,0.78,0.81,4.84,3.62,5.0
<5,male,Married,2.64,2.64,2.19,1.89,2,1.35,1.33,1.34,1.6,1.2,0.8,0.78,0.78,0.84,0.81,0.8,0.78,0.8,4.84,3.62,5.0
>10,male,Married,2.64,2.64,2.65,1.89,2,1.35,1.33,1.34,1.6,1.2,0.86,0.79,0.78,0.88,0.81,0.79,0.78,0.8,4.85,3.62,5.0
<5,male,Married,2.64,2.64,2.65,1.89,2,1.34,1.33,1.34,1.6,1.2,0.88,0.81,0.78,0.88,0.81,0.79,0.78,0.79,4.85,3.62,5.0
<5,male,Married,2.66,2.64,2.65,1.9,2,1.34,1.33,1.34,1.6,1.19,0.9,0.86,0.78,0.88,0.81,0.79,0.78,0.79,4.85,3.62,5.0
<5,female,Married,2.65,2.64,3.57,1.9,2,1.34,1.33,1.34,1.46,1.2,0.91,0.79,0.78,0.88,5.0,0.79,0.78,0.78,4.85,3.62,5.0
<5,female,Married,2.65,2.64,2.67,2.22,2,1.35,1.33,1.34,1.48,1.2,0.81,0.79,0.78,,0.89,,0.78,0.78,5.0,3.62,5.0
<5,,Married,2.65,2.64,2.66,2.2,2,1.35,1.33,1.35,1.44,1.2,0.81,0.79,0.78,0.88,0.81,0.79,0.78,0.78,5.0,3.63,5.0
<5,male,Married,2.65,2.64,2.67,2.22,2,1.36,1.34,1.38,1.61,1.21,1.62,0.79,0.78,5.0,0.87,0.9,0.77,5.0,5.0,3.62,3.69
<5,male,Married,2.66,2.64,2.65,2.19,3,1.36,1.34,1.36,1.37,1.61,0.82,0.79,0.78,0.89,0.87,5.0,0.78,0.79,5.0,3.63,3.62
<5,female,Married,2.66,2.64,2.64,2.2,3,1.37,1.34,1.35,1.36,1.61,1.62,0.83,0.78,0.87,0.87,,0.8,0.77,5.0,3.65,3.62
<5,female,Married,2.66,2.64,2.64,2.51,2,4.85,1.35,1.35,1.36,1.61,1.62,0.85,0.78,0.87,0.85,0.88,0.79,0.77,0.79,3.64,3.62
<5,male,Married,5.0,2.65,2.64,2.53,2,4.84,1.35,1.35,1.36,1.61,1.62,0.86,0.78,,0.85,5.0,0.78,0.77,0.78,5.0,3.62
<5,male,Married,5.0,2.66,2.64,2.65,2,4.84,1.37,1.35,1.36,1.61,1.21,0.92,0.8,0.87,0.84,0.89,0.78,0.76,0.78,4.41,3.62
<5,male,Married,3.67,5.0,2.64,2.65,2,1.91,1.38,1.35,1.36,1.61,1.2,0.92,0.81,0.87,0.86,0.8,0.77,0.76,0.77,4.42,3.62
<5,?,Married,2.68,2.66,2.64,2.65,2,1.91,1.36,1.35,1.42,1.38,1.2,0.92,0.78,0.87,0.86,0.86,0.77,0.76,0.77,5.0,3.62
<5,male,Married,2.68,2.66,2.64,2.67,2,1.91,1.36,1.35,1.36,1.61,1.2,0.81,0.78,0.8,0.82,0.86,0.77,0.76,0.82,5.0,3.63
<5,,Married,3.64,2.67,2.65,2.66,2,1.91,1.37,1.36,1.36,1.5,1.2,1.64,0.78,5.0,0.86,0.86,0.86,0.76,0.76,5.0,3.62
<5,male,Married,3.62,2.67,2.65,2.65,2,1.91,1.37,1.36,1.36,1.41,1.21,1.63,0.78,0.8,0.87,0.82,0.87,0.76,0.76,5.0,3.67
<5,female,Married,3.61,2.68,2.65,2.65,3,1.91,1.37,1.36,1.36,1.47,1.21,5.0,0.87,5.0,0.82,0.85,0.86,0.76,0.75,0.77,4.87
<5,female,Single,3.61,5.0,2.66,2.65,2,1.41,1.38,1.37,1.36,1.38,1.62,1.44,0.86,0.79,0.8,0.84,0.86,0.76,0.75,0.76,4.85
<5,male,Single,3.61,5.0,2.67,2.65,2,1.42,1.62,1.38,1.36,1.37,1.4,1.44,0.88,0.77,0.79,0.84,0.85,0.76,0.75,0.76,4.85
<5,female,Single,3.61,5.0,5.0,,2,1.92,1.39,1.41,1.36,1.37,1.39,1.21,0.87,0.77,0.79,0.84,5.0,0.75,,0.75,4.85
<5,female,Single,3.61,5.0,5.0,2.65,2,1.93,1.39,1.38,1.37,1.38,1.39,1.21,1.65,0.76,0.88,0.84,0.85,0.75,0.74,0.75,4.86
<5,female,Single,3.62,5.0,5.0,2.66,3,1.93,1.4,1.38,1.37,1.41,1.4,1.21,1.65,0.76,0.79,0.84,0.84,0.75,0.74,0.81,5.0
<5,female,Single,2.73,3.62,2.68,2.59,3,2.53,1.41,1.38,1.37,1.41,1.62,1.21,1.64,,0.78,0.88,0.84,0.76,0.74,0.75,5.0
<5,male,Single,4.85,3.62,2.69,2.67,2,2.54,1.42,1.39,1.37,1.38,1.5,1.43,1.64,0.75,0.86,0.84,0.83,0.78,0.74,0.74,5.0
<5,male,Single,5.0,3.62,5.0,2.67,3,2.54,1.93,1.95,1.38,1.38,1.39,1.43,1.65,0.75,0.77,0.8,0.83,0.79,0.75,0.74,0.75
<5,female,Single,4.85,3.62,5.0,2.67,3,2.54,1.93,1.41,1.39,1.38,1.39,1.42,1.63,0.75,,0.79,0.81,0.79,0.78,0.74,0.75
<5,male,Married,4.85,3.62,5.0,2.68,2,1.96,1.42,1.95,1.41,1.37,1.39,1.42,1.63,0.74,0.76,0.78,0.8,0.76,0.75,0.73,0.75
<5,female,Single,0.77,3.62,5.0,5.0,3,2.55,1.42,1.71,1.43,1.38,1.39,1.41,1.63,0.74,0.75,0.77,0.79,0.76,0.74,0.73,0.74
<5,female,Single,0.76,3.62,5.0,2.7,3,2.63,1.43,1.7,1.38,1.38,1.39,1.42,1.63,0.74,0.75,0.77,0.8,0.76,0.74,0.73,0.74
<5,female,Single,0.76,3.63,5.0,2.69,3,2.56,1.43,,1.39,1.38,1.39,1.61,1.62,0.74,0.75,0.78,0.79,0.76,0.74,0.73,0.74
<5,female,Single,4.43,3.63,3.68,2.69,3,2.64,1.43,1.41,1.39,1.38,1.4,1.52,1.62,0.74,0.75,5.0,0.78,0.76,0.75,0.73,0.74
5-10,male,Single,0.78,4.87,3.62,2.7,2,2.64,1.44,1.42,1.4,1.38,1.39,1.59,1.62,0.74,0.76,,0.79,0.76,0.76,0.73,0.74
>10,female,Married,0.75,4.89,3.62,5.0,2,2.65,1.45,1.95,1.4,1.38,1.39,1.41,1.62,0.74,0.74,0.78,0.81,0.77,0.83,0.73,0.73
>10,female,Married,0.75,5.0,3.62,2.7,2,2.66,1.45,1.95,1.4,1.38,1.39,1.41,1.62,0.74,0.73,0.78,0.84,0.77,0.83,0.73,0.73
>10,,Single,0.75,4.87,3.62,2.71,2,2.66,1.45,1.95,1.4,1.38,1.39,1.41,1.62,0.74,0.74,0.78,0.84,0.77,0.84,0.73,0.73
>10,female,Single,0.75,5.0,3.63,2.7,3,2.65,1.44,1.95,1.4,1.38,1.38,1.41,1.62,0.74,0.74,0.78,0.81,0.77,5.0,,0.74
>10,male,Single,0.76,5.0,3.63,2.7,2,2.65,1.44,1.95,1.39,1.38,1.39,1.41,1.62,0.74,0.74,5.0,0.82,0.76,0.84,0.73,0.74
5-10,female,Single,0.76,4.87,3.62,2.1,2,2.65,1.44,1.95,1.4,1.38,1.39,1.41,1.62,0.73,0.74,0.79,0.84,0.76,0.84,0.73,0.74
>10,female,Single,0.76,5.0,3.63,2.07,2,2.65,1.44,1.95,1.39,1.38,1.39,1.41,1.62,0.73,0.74,5.0,0.84,0.77,0.83,0.74,0.74
>10,female,Single,0.77,5.0,3.63,2.07,2,2.65,1.43,1.94,1.39,1.37,1.38,1.42,1.61,0.73,0.74,5.0,0.83,0.78,0.84,0.74,0.75
>10,female,Single,0.77,5.0,3.64,2.05,3,2.65,1.43,1.94,1.38,1.37,1.37,1.39,1.6,,0.73,5.0,0.85,0.78,0.84,0.75,0.75
>10,female,Single,0.78,4.87,3.65,2.17,3,2.64,1.41,1.93,1.37,1.35,1.36,1.38,1.59,0.72,0.73,0.76,0.84,0.79,0.86,0.76,0.76
>10,male,Single,0.79,4.87,2.2,2.2,3,2.64,1.41,1.93,1.36,1.34,1.34,1.36,1.58,0.72,0.72,0.74,0.85,0.8,0.81,0.77,0.78
>10,male,Single,0.81,,3.68,5.0,3,2.63,1.92,1.92,1.34,1.33,1.33,1.35,1.56,0.72,0.72,0.75,0.87,0.82,0.87,0.79,0.79
>10,male,Single,0.82,4.88,2.19,2.11,3,2.54,1.91,1.91,1.33,1.31,1.31,1.34,1.55,0.71,0.72,5.0,0.87,0.84,0.87,0.81,0.81
>10,male,Single,0.84,3.76,2.22,2.73,3,2.53,1.9,1.91,1.31,1.29,1.29,1.32,1.53,0.7,0.71,0.74,0.88,0.85,0.88,0.82,0.83
>10,male,Single,0.86,4.88,2.21,2.73,3,2.53,1.34,1.9,1.29,1.28,1.28,1.3,1.51,0.7,0.71,0.73,0.89,0.87,0.89,0.84,0.84
>10,female,Married,0.88,,2.23,2.74,3,2.52,1.32,4.88,1.27,1.26,1.26,1.28,1.49,0.69,0.72,,0.91,0.89,0.9,0.86,0.86
>10,female,Married,0.9,0.94,2.24,2.75,3,2.52,1.87,4.89,1.26,1.24,1.24,1.27,1.48,0.69,0.71,,0.92,0.9,0.91,0.88,0.88
>10,female,Single,0.91,0.96,2.26,2.75,3,2.61,1.29,4.9,1.24,1.22,1.22,1.27,1.45,0.68,0.7,5.0,0.93,0.91,0.92,0.9,0.9
>10,female,Single,0.93,0.98,2.24,2.75,3,2.5,1.27,1.59,1.22,1.2,1.2,1.28,1.44,0.67,0.7,5.0,0.94,0.92,5.0,0.92,0.92
>10,?,Single,,1.0,1.01,2.76,3,2.5,1.84,1.58,1.2,1.18,1.18,1.3,1.42,0.67,0.69,5.0,0.95,0.93,0.94,0.93,0.94
>10,female,Single,0.98,3.89,1.03,2.76,3,2.49,1.83,1.56,1.18,1.16,1.16,1.22,1.4,0.66,,5.0,5.0,0.94,0.96,0.95,0.95
>10,female,Single,0.99,2.27,5.0,2.77,3,2.48,1.82,1.56,1.16,1.14,1.14,1.28,1.38,0.66,0.67,,5.0,0.95,0.97,0.97,0.97
>10,female,Single,1.02,2.25,3.87,2.78,3,2.48,1.81,5.0,1.14,1.12,1.13,1.36,1.36,0.65,0.67,0.72,5.0,0.97,0.98,0.99,1.0
<5,?,Single,1.04,2.27,3.88,2.79,3,2.47,1.79,5.0,1.12,1.1,1.11,,1.34,0.65,0.66,0.71,5.0,0.98,0.99,1.01,1.02
>10,,Married,1.07,2.2,3.91,2.79,3,2.47,1.15,5.0,1.1,1.08,1.09,1.11,1.32,0.64,0.65,0.71,5.0,0.99,1.01,1.03,1.04
<5,female,Single,1.09,5.0,3.92,2.8,3,2.46,1.13,1.81,1.08,1.06,1.07,1.2,1.3,0.63,0.65,0.72,5.0,1.0,1.02,1.05,1.06
<5,female,Married,1.11,5.0,3.95,2.8,3,2.45,1.77,1.8,1.06,1.04,1.05,1.12,1.28,0.62,0.64,,5.0,1.01,5.0,1.07,1.08
<5,female,Married,1.13,5.0,5.0,2.81,3,2.45,1.76,5.0,1.04,1.03,1.03,1.08,1.26,0.62,0.64,,5.0,1.03,1.05,1.09,1.1
<5,male,Married,1.14,3.98,5.0,2.81,3,2.45,1.76,5.0,1.02,1.01,1.01,,1.25,0.61,0.63,0.65,5.0,1.03,5.0,1.11,1.16
<5,female,Single,1.16,4.0,4.03,2.82,3,2.44,1.05,4.93,1.0,0.98,0.99,1.07,1.23,,0.62,5.0,5.0,1.05,1.07,1.13,1.14
<5,male,Single,1.18,4.02,4.05,2.83,3,2.44,1.04,1.28,0.98,0.97,0.97,1.0,1.21,0.6,0.61,0.74,0.65,1.06,1.07,1.15,1.16
<5,female,Single,1.2,4.04,4.07,5.0,3,2.44,1.02,4.94,0.97,0.95,0.95,1.0,1.19,0.59,0.6,0.63,0.64,1.07,1.08,1.17,1.17
<5,female,Single,1.22,4.04,4.08,5.0,3,2.44,1.73,4.94,0.95,0.93,0.94,0.96,1.17,0.59,0.61,0.67,0.64,1.08,1.09,1.18,1.19
<5,,Single,1.21,4.95,4.05,2.85,3,1.76,1.73,5.0,0.95,0.93,0.92,0.94,1.16,0.58,0.59,0.61,5.0,1.08,5.0,1.19,1.19
<5,?,Married,1.21,4.7,1.27,5.0,3,2.44,1.73,5.0,4.95,0.93,0.92,0.94,1.16,0.58,0.58,0.6,5.0,1.08,5.0,1.2,1.19
<5,,Single,1.2,4.69,1.26,5.0,3,2.44,1.73,5.0,5.0,0.93,0.92,0.94,1.16,0.59,0.58,0.6,5.0,1.09,5.0,1.19,1.19
<5,female,Single,1.2,1.23,4.1,5.0,3,2.44,1.73,4.96,4.94,0.95,0.92,0.94,1.16,0.59,0.58,0.6,5.0,1.08,5.0,1.2,1.19
<5,female,Single,1.2,4.7,1.26,5.0,3,2.44,1.73,5.0,5.0,0.95,0.92,0.94,1.16,0.59,0.58,0.6,5.0,1.08,5.0,1.2,1.19
<5,male,Single,1.2,4.7,1.26,5.0,3,2.44,1.73,5.0,4.95,0.94,0.92,0.94,1.16,0.58,0.58,0.6,5.0,1.08,5.0,1.2,1.19
<5,,Single,1.2,1.24,1.25,5.0,3,2.44,1.73,5.0,5.0,0.93,0.92,0.94,1.16,0.59,0.58,0.6,5.0,1.08,5.0,1.2,1.19
<5,female,Single,1.21,1.24,1.26,5.0,5,2.44,1.73,5.0,4.96,0.94,0.92,0.93,1.16,0.58,0.58,0.6,5.0,1.09,5.0,1.2,1.19
<5,,Single,1.21,1.24,1.27,5.0,3,2.44,1.73,4.95,4.94,0.95,0.91,0.93,1.15,0.58,0.58,,5.0,1.09,5.0,1.2,1.2
<5,female,Single,1.21,1.25,1.27,5.0,3,2.44,1.72,4.96,4.94,0.94,0.91,0.92,1.15,0.58,0.58,0.59,5.0,1.1,5.0,1.24,1.2
<5,male,Single,1.23,1.26,1.27,5.0,3,2.43,1.72,4.95,4.94,0.94,0.9,0.91,1.14,0.58,0.57,,4.7,5.0,5.0,1.22,1.21
<5,female,Single,1.24,1.27,1.29,5.0,5,2.43,1.71,4.95,4.94,0.9,0.89,0.9,1.13,0.57,0.57,0.59,4.7,5.0,5.0,1.23,1.22
<5,female,Single,1.25,1.27,1.29,5.0,3,2.43,1.71,4.95,4.95,0.9,0.87,0.89,1.11,0.57,0.57,0.58,0.73,5.0,5.0,1.24,1.24
<5,female,Married,1.26,1.29,1.31,5.0,5,2.43,1.7,5.0,1.02,0.89,0.86,0.87,0.9,0.57,0.56,0.58,0.74,,5.0,1.27,1.25
<5,female,Married,,1.3,1.32,5.0,3,2.43,1.7,5.0,1.01,0.92,0.85,0.86,0.88,0.57,0.56,0.57,0.7,,5.0,1.3,1.26
<5,male,Married,1.28,1.31,1.34,5.0,5,2.43,1.7,1.72,1.0,0.85,0.83,0.84,0.87,0.56,0.55,0.57,0.72,5.0,,5.0,1.28
<5,female,Married,1.29,1.32,1.35,5.0,5,2.42,1.7,1.71,1.0,0.83,0.82,0.83,0.86,0.56,,0.56,0.71,5.0,5.0,5.0,1.28
<5,male,Married,1.3,1.33,4.14,5.0,5,2.42,1.69,5.0,0.99,0.82,0.81,,0.84,0.56,0.55,0.56,0.59,5.0,,1.37,1.3
<5,male,Single,1.31,1.34,4.14,5.0,5,2.42,1.69,5.0,0.98,0.81,0.81,0.82,0.84,0.55,0.54,0.56,0.59,5.0,5.0,1.34,1.3
<5,female,Single,1.31,4.76,4.14,5.0,5,2.42,1.69,5.0,0.98,0.81,0.81,0.82,0.84,0.55,0.54,0.56,0.59,5.0,5.0,5.0,1.3
<5,male,Single,1.31,4.76,4.14,5.0,5,2.42,1.69,5.0,0.99,0.82,0.81,0.82,0.84,0.55,0.54,0.55,0.67,5.0,5.0,1.33,1.3
<5,male,Single,1.31,1.33,4.14,5.0,5,2.43,1.69,5.0,0.99,0.82,0.81,0.82,0.84,0.54,0.54,0.55,0.67,5.0,5.0,1.33,1.3
<5,male,Single,1.31,4.76,4.14,5.0,5,2.43,1.69,5.0,0.99,0.82,0.81,0.82,0.84,0.54,0.54,0.55,0.66,5.0,5.0,1.31,1.3
<5,female,Single,1.31,4.76,4.14,,5,2.42,1.69,5.0,0.99,0.82,0.81,0.82,0.84,0.54,0.54,0.55,0.67,0.62,5.0,1.31,1.3
<5,male,Single,1.31,4.76,4.14,5.0,5,2.43,1.69,5.0,0.99,0.82,0.81,0.82,0.84,0.54,0.53,0.55,0.66,0.61,5.0,1.31,1.3
<5,,Married,1.3,4.77,4.76,5.0,3,2.46,1.7,5.0,0.99,0.82,0.81,0.84,1.05,0.54,0.53,0.55,0.65,0.61,5.0,1.31,1.3
<5,male,Single,1.32,4.76,4.21,5.0,3,2.45,1.7,0.88,5.0,0.82,0.81,0.83,0.85,0.54,0.53,0.55,0.59,0.6,5.0,1.31,1.3
<5,male,Single,1.3,4.76,4.18,5.0,3,2.45,1.7,5.0,5.0,0.82,0.81,0.83,0.84,0.54,0.53,,0.57,0.6,5.0,1.31,1.3
<5,female,Single,1.33,4.76,4.95,5.0,5,2.46,1.7,1.71,5.0,0.82,0.81,0.83,0.84,0.54,0.53,0.55,0.57,0.6,5.0,1.31,1.3
<5,female,Single,1.32,4.76,4.15,5.0,5,2.67,1.7,1.7,5.0,0.83,0.81,0.82,0.85,0.54,0.53,0.55,0.57,0.6,5.0,1.31,1.3
<5,female,Single,1.3,5.0,4.15,4.76,5,2.87,1.71,0.88,1.72,0.83,0.81,0.82,0.86,0.54,0.53,0.55,0.64,0.59,5.0,1.32,1.3
<5,male,Single,1.3,4.77,4.15,4.16,3,2.87,2.01,1.58,1.72,0.84,0.81,0.81,0.83,0.55,0.53,,0.59,0.58,5.0,5.0,1.3
<5,female,Single,1.3,5.0,4.95,4.16,3,2.87,2.43,1.56,1.72,0.84,0.81,0.81,0.83,1.42,0.53,0.54,0.6,0.58,5.0,5.0,1.3
<5,female,Single,1.3,5.0,4.79,4.17,5,2.46,2.43,1.7,1.72,1,0.81,0.81,0.82,1.1,0.53,0.54,0.6,0.57,5.0,5.0,1.3
<5,?,Single,1.3,1.31,4.96,4.19,5,2.88,2.43,1.7,1.73,5,0.82,0.81,0.82,3.45,0.53,0.53,0.6,0.72,5.0,5.0,5.0
<5,male,Single,1.29,1.31,4.77,4.19,5,2.87,2.38,1.7,5.0,0.84,0.82,0.81,0.82,0.71,0.54,0.53,0.55,0.7,5.0,5.0,5.0
<5,female,Single,1.29,1.3,4.77,4.15,5,2.87,1.73,1.7,5.0,1.01,0.82,0.81,0.82,0.69,0.58,0.52,0.54,0.69,5.0,5.0,1.31
<5,male,Single,1.3,1.31,4.77,4.15,5,2.88,2.44,1.71,1.72,0.84,0.82,0.81,0.82,0.68,0.52,0.52,0.54,0.66,,5.0,1.31
<5,male,Single,1.3,3.0,4.79,4.16,5,2.88,2.44,1.72,1.71,1,0.82,0.81,0.82,0.68,0.52,0.51,0.53,0.66,4.76,5.0,1.31
<5,male,Single,1.3,5.0,4.79,4.96,5,2.88,2.45,1.72,1.56,1,0.82,0.81,0.84,0.68,0.52,0.51,0.53,0.63,4.75,5.0,1.31
<5,male,Single,1.3,1.31,5.0,4.2,4,2.89,2.45,1.73,1.56,5,0.82,0.81,0.81,0.71,0.52,0.51,,0.64,4.76,5.0,1.32
<5,?,Single,1.3,1.3,4.03,4.18,5,2.9,2.69,2.45,1.56,5,0.83,0.81,0.81,0.55,0.58,0.51,0.52,0.59,4.75,5.0,5.0
<5,female,Single,1.31,1.3,3.04,4.79,4,2.97,2.72,2.04,1.71,4.98,0.83,0.81,0.81,,1.07,0.51,0.52,0.58,0.72,5.0,5.0
<5,?,Single,1.36,1.3,2.99,4.78,4,5.0,2.43,2.45,1.71,1.73,0.9,0.85,0.81,0.87,0.52,0.52,0.52,0.54,0.72,5.0,5.0
<5,male,Single,1.31,1.3,1.32,1.34,5,5.0,2.89,2.45,1.71,5,0.94,0.81,0.8,0.57,0.53,0.53,0.51,0.53,0.72,5.0,5.0
<5,male,Single,1.31,1.3,1.31,4.78,4,5.0,2.89,2.46,1.71,5,0.84,0.81,0.8,0.86,0.67,0.52,0.5,0.52,0.65,5.0,5.0
<5,female,Single,1.31,1.3,1.33,4.79,4,5.0,2.89,2.46,1.72,5,0.83,0.81,0.8,0.86,0.66,0.5,0.0,0.51,0.65,5.0,5.0
<5,male,Single,1.31,1.3,5.0,4.79,5,5.0,2.89,2.46,1.73,1.74,0.83,0.81,0.8,0.86,0.66,0.5,,0.51,0.62,4.75,5.0
<5,male,Single,1.31,,1.35,4.79,5,5.0,2.9,2.46,1.73,1.57,0.84,0.82,0.8,,0.66,0.51,0.0,0.51,0.68,4.76,5.0
<5,female,Single,1.32,1.31,1.31,4.79,5,5.0,2.9,2.49,2.05,1.57,1.0,0.85,0.81,1.02,,3.4,0.0,,0.57,0.55,5.0
<5,male,Single,1.33,1.31,1.31,1.33,5,5.0,2.91,2.64,2.46,1.57,4.98,0.91,0.81,1.01,0.54,3.42,0.0,0.51,0.57,0.54,0.59
<5,male,Single,1.33,5.0,1.31,1.32,5,5.0,2.91,2.93,2.46,1.57,1.74,0.85,0.81,0.86,1.02,3.4,0.51,0.5,0.52,0.54,0.57
<5,male,Single,0.59,1.32,1.31,1.32,5,5.0,2.99,4.81,1.74,1.72,1.74,1.01,0.83,0.84,0.87,1.67,0.59,0.0,0.51,0.54,0.57
<5,male,Single,0.59,1.32,1.31,1.32,5,5.0,5.0,2.92,2.47,1.73,5.0,5.0,0.81,0.83,1.01,0.52,3.17,0.0,0.5,0.63,0.57
<5,male,Single,0.58,1.32,1.31,1.32,5,5.0,5.0,2.91,2.47,1.73,5.0,0.83,0.8,0.83,1.01,0.65,0.0,0.0,0.0,0.61,0.56
<5,male,Single,1.34,1.32,1.31,1.42,5,4.21,2.94,2.92,2.47,1.73,1.75,5.0,0.8,0.82,1.01,0.64,0.0,0.0,0.0,0.52,4.76
<5,,Single,1.37,1.33,1.32,1.33,5,4.21,5.0,2.92,2.49,1.74,1.43,5.0,0.81,0.83,1.0,0.65,0.0,0.0,0.5,0.56,0.54
<5,female,Single,0.58,1.34,1.32,1.32,5,4.2,5.0,2.92,2.93,1.75,0.89,5.0,0.82,0.84,0.85,1.02,3.39,0.0,0.0,0.56,0.71
<5,male,Single,0.57,5.0,1.32,1.32,5,4.22,5.0,2.93,2.92,2.47,1.56,1.77,0.84,0.81,0.83,1.01,5.0,0.0,0.0,0.51,0.53
<5,male,Single,5.0,5.0,1.33,1.32,1,4.22,5.0,5.0,5.0,2.47,1.57,5.0,5.0,0.8,0.82,1.0,3.43,0.0,0.0,0.0,0.67
<5,female,Single,5.0,5.0,5.0,1.32,1,4.21,5.0,5.0,2.48,2.47,1.58,5.0,5.0,0.8,0.82,1.0,0.64,0.0,0.0,0.0,0.63
<5,male,Married,5.0,5.0,1.33,1.32,1,4.25,5.0,5.0,2.5,1.75,1.59,0.84,5.0,0.79,0.82,1.0,0.63,0.0,0.0,0.0,0.61
<5,male,Single,1.38,5.0,1.33,1.32,1,5.0,5.0,5.0,2.93,2.48,1.73,1.76,5.0,0.79,0.81,0.99,0.63,0.0,0.0,0.0,0.6
<5,male,Single,0.53,5.0,1.34,1.33,5,5.0,5.0,5.0,2.93,2.48,1.73,1.59,5.0,0.79,0.8,0.99,0.62,0.0,,0.0,0.5
<5,male,Single,0.52,5.0,1.34,1.33,1,5.0,5.0,5.0,2.94,2.48,1.74,1.74,5.0,0.82,0.84,0.99,0.62,0.0,0.0,0.0,0.0
<5,male,Single,0.51,0.57,1.35,1.33,1,5.0,5.0,5.0,2.94,2.48,1.74,1.43,5.0,0.78,0.82,0.83,0.5,0.0,0.0,0.0,0.55
<5,male,Single,0.51,0.56,5.0,1.34,1,5.0,4.27,5.0,2.95,2.75,1.75,1.56,5.0,0.78,0.79,0.98,0.5,0.0,0.0,0.0,0.55
<5,female,Married,0.5,0.55,5.0,1.35,1,4.84,4.77,5.0,5.0,3.39,1.79,,1.76,0.77,0.79,0.81,0.51,0.0,0.0,0.0,0.0
<5,male,Married,0.5,0.54,5.0,1.35,1,4.83,1.41,5.0,5.0,3.4,2.48,1.59,1.76,,0.78,0.81,0.51,0.0,0.0,0.0,0.0
<5,female,Married,0.0,5.0,5.0,1.35,1,4.84,1.41,5.0,5.0,2.51,1.75,1.74,1.75,0.77,0.78,0.8,0.83,0.0,0.0,0.0,0.0
>10,female,Married,0.0,0.53,5.0,1.35,1,4.84,4.23,5.0,5.0,2.94,2.48,1.74,5.0,0.77,0.77,0.8,0.97,0.61,0.0,0.0,0.0
>10,male,Married,0.5,0.53,5.0,1.35,1,4.85,4.79,5.0,5.0,2.94,1.76,1.74,5.0,0.77,0.77,0.8,0.82,0.0,,0.0,0.0
>10,male,Married,0.55,0.53,5.0,1.35,1,4.84,4.79,5.0,5.0,2.94,2.48,1.74,5.0,0.76,0.77,0.91,0.82,0.0,0.0,0.0,0.0
>10,female,Married,0.5,0.53,5.0,1.35,1,4.84,4.24,5.0,5.0,2.94,2.48,1.74,5.0,0.76,0.77,0.91,0.82,0.0,0.0,0.0,0.0
>10,?,Married,0.56,0.53,5.0,1.35,1,4.84,4.23,5.0,5.0,2.94,1.76,1.74,5.0,0.76,0.77,0.8,0.83,0.0,0.0,0.0,0.0
>10,,Married,0.56,0.53,5.0,1.35,1,4.84,4.24,5.0,5.0,2.94,1.75,1.73,5.0,0.76,0.77,0.8,0.82,0.0,0.0,0.0,0.0
>10,male,Married,0.51,0.53,5.0,1.35,1,4.84,4.23,5.0,5.0,2.94,1.75,1.73,5.0,0.76,0.77,0.91,0.97,0.0,0.0,0.0,0.0
>10,female,Married,0.56,0.54,5.0,1.35,1,4.83,4.22,5.0,5.0,2.93,1.75,1.73,5.0,0.76,0.77,0.91,0.82,0.0,0.0,0.0,0.0
>10,female,Married,0.57,5.0,5.0,1.36,1,4.83,4.22,5.0,5.0,2.92,2.46,1.72,5.0,0.76,0.76,0.86,0.81,0.0,0.0,0.0,0.0
>10,male,Married,0.58,0.57,5.0,1.36,1,4.83,4.22,5.0,5.0,2.91,1.73,1.71,5.0,0.75,0.76,0.87,0.81,0.51,0.0,0.0,0.0
>10,female,Married,0.6,0.56,5.0,1.36,1,4.83,4.21,5.0,5.0,2.9,1.72,1.7,5.0,0.75,0.76,0.79,0.81,0.52,0.0,0.0,0.0
>10,male,Married,0.61,0.58,5.0,1.37,1,5.0,1.42,5.0,5.0,2.89,1.7,1.68,5.0,0.75,0.75,0.78,0.99,0.53,0.51,0.5,0.51
<5,male,Married,0.63,0.59,1.21,1.38,1,5.0,4.23,5.0,5.0,2.88,1.69,1.67,5.0,0.74,0.75,0.77,0.99,0.55,0.53,0.52,0.53
<5,?,Married,0.65,0.61,1.23,1.38,1,5.0,1.43,5.0,5.0,2.41,1.67,1.65,5.0,0.73,0.74,0.76,1.0,0.56,0.54,0.53,0.54
<5,,Married,0.66,0.63,1.24,1.39,1,5.0,1.43,5.0,5.0,2.85,1.65,1.63,5.0,0.73,0.73,0.76,1.0,0.58,0.56,0.55,0.56
<5,male,Married,0.6,0.65,1.25,1.4,1,5.0,1.45,5.0,5.0,2.83,1.63,1.62,5.0,0.72,0.73,0.75,0.78,0.59,0.58,0.57,0.58
<5,female,Married,0.62,5.0,1.27,1.4,1,5.0,1.44,,5.0,2.81,1.62,1.59,5.0,0.71,0.72,0.74,0.77,0.61,0.59,,0.59
<5,female,Married,0.63,5.0,1.28,1.41,1,5.0,4.17,5.0,5.0,2.33,1.6,1.57,1.59,0.71,0.71,0.73,0.76,0.63,0.61,0.6,0.61
>10,female,Married,0.65,5.0,1.3,1.41,1,5.0,1.46,5.0,5.0,5,1.58,1.56,1.57,0.7,0.7,0.73,0.76,0.65,0.63,0.62,0.63
<5,male,Married,0.66,5.0,1.31,1.42,1,5.0,1.46,5.0,5.0,2.29,1.56,1.54,1.56,0.69,0.7,,0.74,0.67,0.65,0.64,0.65
<5,male,Married,0.68,5.0,1.33,1.43,1,5.0,1.47,5.0,5.0,2.27,1.56,1.53,1.54,0.68,0.69,0.79,0.75,0.68,0.66,0.65,0.66
<5,male,Single,0.69,5.0,1.34,1.43,1,5.0,4.14,5.0,5.0,5,2.25,1.51,2.26,0.68,0.68,0.77,0.73,0.7,0.68,0.67,0.68
<5,male,Married,0.71,5.0,1.35,1.44,1,5.0,4.15,5.0,5.0,2.25,2.23,1.5,1.51,0.67,0.68,0.77,0.73,0.71,0.7,0.68,0.69
>10,?,Married,0.72,5.0,1.36,1.45,1,5.0,4.13,5.0,5.0,2.24,2.22,1.48,1.49,0.67,0.68,0.78,0.72,0.72,0.71,0.69,0.7
>10,,Married,0.72,5.0,1.37,1.38,1,5.0,4.13,5.0,5.0,2.23,2.21,1.48,1.48,0.66,0.67,0.78,0.72,0.73,0.72,0.7,0.72
>10,?,Married,0.72,5.0,1.37,1.38,1,5.0,4.13,5.0,5.0,2.23,2.21,1.48,1.48,0.66,0.67,0.79,0.72,0.73,0.72,0.7,0.72
>10,female,Married,0.72,5.0,1.37,1.38,1,5.0,4.13,5.0,5.0,2.23,2.21,1.48,1.48,0.66,0.67,0.79,0.78,0.74,0.72,0.7,0.71
>10,female,Married,0.72,5.0,1.37,1.38,1,5.0,4.13,5.0,5.0,2.23,2.21,1.48,1.47,0.66,0.67,0.79,0.72,0.73,0.72,0.7,0.72
>10,male,Married,0.72,5.0,1.37,1.38,1,5.0,4.13,5.0,5.0,2.23,2.21,1.47,1.47,0.66,0.67,0.7,0.72,0.73,0.72,0.7,0.74
>10,female,Married,0.73,5.0,1.37,1.39,1,5.0,4.13,5.0,5.0,2.23,2.21,1.47,1.47,0.66,0.67,0.79,0.71,0.74,0.73,0.71,0.72
>10,male,Married,0.73,5.0,1.37,1.38,1,5.0,4.13,5.0,5.0,5,2.2,1.47,1.47,0.66,0.67,,0.71,0.74,0.73,0.71,0.72
<5,?,Married,0.73,5.0,1.37,1.39,1,5.0,4.13,5.0,5.0,5,2.2,1.47,1.47,0.66,0.67,0.7,0.71,0.74,0.73,0.71,0.72
>10,male,Married,0.73,5.0,1.38,1.39,1,5.0,4.13,5.0,5.0,5,2.2,1.47,1.47,0.66,0.67,0.79,1.07,1.07,0.73,0.71,0.74
<5,female,Married,0.73,5.0,1.38,1.39,1,5.0,4.13,5.0,5.0,2.23,2.2,1.46,1.46,0.66,0.67,0.69,0.88,0.75,0.73,0.71,0.72
>10,male,Married,0.73,4.87,1.38,1.39,1,5.0,4.13,5.0,5.0,5,2.2,1.47,1.46,0.66,0.67,0.69,0.8,0.75,0.73,0.71,0.72
>10,male,Married,0.74,4.87,1.38,1.39,1,5.0,4.13,5.0,5.0,5,2.2,1.47,1.46,0.66,0.67,0.69,0.81,1.07,0.74,0.71,0.72
>10,male,Married,0.74,4.86,1.38,1.39,1,5.0,4.14,5.0,5.0,5,2.2,,1.46,0.66,0.67,0.69,0.8,1.07,0.74,0.72,0.72
>10,female,Married,0.73,4.86,1.38,1.39,1,5.0,4.15,5.0,5.0,5,2.2,1.47,1.46,0.66,0.67,0.68,0.8,0.75,0.74,0.72,0.72
>10,female,Married,0.74,0.77,1.38,1.4,1,5.0,4.15,5.0,5.0,5,2.19,1.77,1.46,0.66,,0.68,0.88,0.75,0.75,0.72,0.72
>10,male,Married,0.74,0.77,1.38,1.39,1,5.0,4.15,5.0,5.0,5,2.19,1.47,1.46,0.66,0.66,0.68,0.88,0.76,0.75,0.72,0.72
>10,female,Married,0.74,0.77,1.39,1.4,1,5.0,4.15,5.0,5.0,5,2.19,1.47,1.45,0.65,0.66,0.68,1.07,,0.75,0.72,0.73
>10,male,Married,0.75,0.78,1.39,1.4,1,5.0,4.14,5.0,5.0,5,2.19,1.46,1.45,0.65,0.67,0.69,0.8,1.07,0.75,0.72,0.73
>10,male,Married,0.75,0.78,1.39,1.4,1,5.0,4.12,5.0,5.0,5,2.19,1.46,1.45,0.65,0.66,0.75,0.71,0.77,0.8,0.73,0.73
<5,male,Married,0.75,0.78,1.39,1.4,1,5.0,4.12,5.0,5.0,5,2.19,1.46,1.45,0.65,0.66,0.75,0.71,0.77,0.8,0.73,0.73
<5,male,Married,0.75,4.87,1.39,1.4,1,5.0,4.12,5.0,5.0,5,2.18,1.45,1.44,0.65,0.66,0.68,0.9,0.76,0.81,0.73,0.74
<5,male,Married,0.76,0.78,1.4,1.41,1,5.0,4.12,5.0,5.0,5,2.18,1.45,1.44,0.65,0.66,0.68,0.9,0.77,0.76,0.74,0.74
>10,male,Married,0.76,5.0,1.4,1.41,1,5.0,4.11,5.0,5.0,5,2.17,1.44,1.43,0.65,0.65,0.68,0.8,0.79,0.82,0.74,0.75
,,Married,0.77,5.0,1.41,1.42,1,5.0,4.11,5.0,5.0,5,2.17,1.73,1.43,0.65,0.65,0.67,0.8,0.8,0.78,0.75,0.75
<5,male,Married,0.78,5.0,1.41,1.42,1,5.0,4.11,5.0,5.0,5,2.16,1.73,1.42,0.64,0.64,0.67,0.8,0.8,1.11,0.76,0.76
<5,female,Married,0.78,1.06,1.42,1.43,1,5.0,4.11,5.0,5.0,5,2.16,1.72,1.41,0.64,0.64,0.66,0.8,0.8,1.12,0.76,0.76
<5,male,Married,0.78,0.83,1.42,1.44,1,5.0,4.11,5.0,5.0,5,2.15,1.72,1.4,0.64,0.64,0.66,0.8,1.1,1.12,0.77,0.77
<5,male,Married,0.79,0.84,1.43,1.5,5,5.0,4.11,5.0,5.0,5,2.14,1.71,1.39,0.64,0.64,0.65,0.8,1.1,1.12,0.78,0.78
<5,female,Married,0.8,0.84,1.44,5.0,5,5.0,4.11,5.0,5.0,5,2.13,1.7,1.38,0.64,0.63,0.65,0.8,1.11,1.12,0.8,0.79
>10,female,Married,0.81,0.85,1.45,5.0,5,5.0,4.1,5.0,5.0,5,2.12,1.68,1.37,,0.63,0.64,0.81,0.85,1.13,,0.8
<5,female,Married,0.83,0.86,1.46,5.0,5,5.0,4.11,5.0,5.0,5,2.11,1.38,1.35,0.63,0.62,0.64,0.81,0.86,1.13,0.87,0.82
<5,male,Married,0.84,0.87,1.48,5.0,5,5.0,4.09,5.0,5.0,5,2.09,1.36,1.34,0.62,0.62,0.63,0.81,0.88,1.14,0.84,0.83
<5,male,Married,0.86,0.89,1.49,1.5,5,5.0,4.08,5.0,5.0,5,2.07,1.34,1.32,0.62,0.61,0.63,0.67,0.9,1.15,0.86,0.85
<5,female,Married,0.88,0.9,1.51,1.54,5,5.0,4.07,5.0,5.0,5,2.05,1.33,1.31,0.63,0.61,0.62,0.83,0.92,1.16,0.88,0.87
<5,male,Married,0.9,0.92,1.52,1.53,5,5.0,4.06,5.0,5.0,5,2.03,1.31,1.29,0.63,0.61,0.62,0.76,,1.17,0.9,0.89
>10,?,Married,,0.94,1.54,1.56,2,5.0,4.05,5.0,5.0,5,2.02,,1.27,0.61,0.6,,0.77,0.95,1.18,0.92,0.91
5-10,,Married,0.93,0.96,1.55,5.0,2,5.0,4.04,5.0,5.0,5,2.0,1.92,1.25,0.6,0.6,0.61,0.86,0.98,,0.94,0.92
5-10,male,Married,0.95,0.98,1.56,5.0,2,5.0,4.03,5.0,5.0,5,1.98,1.9,1.23,0.6,0.59,0.61,0.87,1.01,1.21,0.96,0.94
>10,female,Married,0.97,1.0,1.58,1.61,2,5.0,4.02,5.0,5.0,5,1.96,1.88,1.22,0.6,0.59,0.6,0.63,1.01,1.23,,0.96
5-10,male,Single,0.99,1.02,1.6,1.63,2,5.0,4.01,5.0,5.0,5,1.94,1.86,1.2,0.63,0.58,,0.63,0.66,1.24,1.01,0.98
5-10,female,Single,1.01,1.04,1.61,1.64,2,5.0,4.0,5.0,5.0,5,1.92,1.84,1.18,0.58,0.58,0.59,0.75,0.9,1.26,1.03,1.0
5-10,male,Single,1.03,1.06,1.63,5.0,2,5.0,4.0,5.0,5.0,5,1.91,1.82,1.16,0.61,0.58,0.58,0.62,0.91,1.27,1.06,1.02
5-10,female,Single,1.05,1.08,1.64,1.68,2,5.0,3.98,5.0,5.0,5,1.87,1.8,1.15,0.58,0.57,0.58,5.0,0.92,1.28,1.07,1.04
5-10,female,Single,1.07,1.1,1.66,5.0,2,5.0,3.97,5.0,5.0,5,1.87,1.78,1.13,0.57,0.57,0.58,0.61,0.93,1.3,1.09,1.06
5-10,male,Single,1.09,1.12,1.67,5.0,2,5.0,3.97,5.0,5.0,5,1.85,1.76,1.11,0.57,0.56,0.57,5.0,0.94,1.31,1.11,1.08
5-10,female,Single,1.11,1.14,1.69,5.0,2,5.0,3.96,5.0,5.0,5,1.83,1.74,1.1,0.57,0.56,0.57,0.6,0.95,1.33,1.12,1.1
>10,female,Single,1.13,1.16,1.7,5.0,2,5.0,3.95,5.0,5.0,5,1.81,1.72,1.08,0.56,0.55,0.57,0.59,0.96,1.34,1.16,1.12
<5,female,Single,1.15,1.18,1.72,1.74,5,5.0,3.94,5.0,5.0,5,1.78,1.7,1.07,0.56,0.55,0.56,0.59,0.98,1.36,,1.14
<5,female,Single,1.17,1.2,1.73,5.0,2,5.0,3.93,5.0,5.0,5,1.76,1.68,1.74,0.56,0.54,0.56,0.59,0.99,1.37,1.18,1.16
<5,,Single,1.19,1.22,1.75,1.79,2,5.0,3.92,5.0,5.0,5,1.74,1.66,1.35,0.55,0.54,,0.58,0.91,1.28,1.19,1.18
<5,female,Single,1.21,1.24,1.76,,2,5.0,3.92,5.0,5.0,5,1.71,1.64,1.34,0.54,0.54,0.55,0.58,1.01,1.32,1.24,1.2
<5,female,Single,1.23,1.26,1.28,5.0,2,5.0,4.58,5.0,5.0,5,1.69,1.62,1.69,0.54,0.53,0.54,0.67,1.03,1.29,1.24,1.22
<5,,Single,1.25,1.27,1.8,1.84,2,5.0,4.57,5.0,5.0,5,1.67,1.6,1.35,0.54,0.53,0.54,0.68,1.04,1.28,,1.24
<5,male,Single,1.27,1.29,1.32,5.0,2,5.0,3.89,5.0,5.0,1.72,1.66,1.58,1.65,0.53,0.53,,0.67,1.06,1.07,1.27,1.26
<5,?,Single,1.28,1.31,1.34,5.0,2,5.0,3.89,5.0,5.0,5,1.64,1.56,1.22,0.53,0.53,0.53,0.65,1.08,1.08,1.29,1.28
<5,male,Single,1.31,1.85,1.84,5.0,2,5.0,4.54,5.0,5.0,5,1.62,1.56,1.2,0.53,0.52,,0.56,,1.09,1.31,1.3
<5,female,Single,1.33,1.36,1.85,5.0,2,5.0,3.86,5.0,5.0,5,1.62,1.59,1.18,0.53,0.52,0.53,0.55,0.59,,1.33,1.32
<5,female,Single,1.35,1.37,1.4,5.0,2,5.0,3.85,5.0,5.0,1.62,1.58,1.57,1.16,0.52,0.52,0.52,0.55,0.58,1.12,1.35,1.34
<5,male,Single,1.37,1.39,1.42,5.0,2,5.0,3.84,5.0,5.0,1.6,1.56,1.55,0.88,0.52,0.52,0.52,0.63,0.57,1.45,1.37,1.36
<5,female,Single,1.39,1.41,1.43,1.92,2,5.0,3.83,5.0,5.0,1.58,1.54,1.53,1.53,,0.51,0.52,0.65,0.57,1.15,1.4,1.38
<5,,Single,1.41,1.43,1.45,5.0,2,5.0,3.83,5.0,5.0,1.59,1.52,1.45,1.51,0.52,0.51,0.52,0.63,0.57,1.16,1.41,1.4
<5,male,Single,1.42,1.44,1.47,5.0,3,5.0,3.82,5.0,5.0,1.55,1.51,1.43,1.49,0.51,0.51,0.51,0.64,0.57,1.17,1.42,1.42
<5,female,Single,1.44,1.46,1.49,5.0,2,3.2,3.82,5.0,5.0,5,1.5,1.42,1.48,0.51,0.51,0.51,0.54,0.57,1.18,1.44,1.43
<5,male,Single,1.44,1.47,1.95,1.95,3,3.19,3.82,5.0,5.0,5,1.49,1.48,1.47,0.51,0.5,0.51,0.53,0.56,1.19,1.45,1.44
<5,male,Single,1.45,1.47,1.48,1.95,2,3.19,4.51,5.0,5.0,5,1.49,1.48,1.47,0.51,0.5,0.51,0.53,0.55,1.18,1.21,1.43
<5,female,Single,1.44,1.47,1.48,1.95,2,3.19,3.82,5.0,5.0,5,1.49,1.48,1.48,0.51,0.5,0.51,0.61,0.55,1.18,1.2,1.43
<5,,Single,1.44,1.47,1.48,1.95,2,3.19,3.82,5.0,5.0,1.55,1.49,1.48,1.48,0.51,0.5,,0.54,0.55,1.18,1.2,1.43
<5,female,Single,1.44,1.47,1.48,1.95,2,5.0,3.82,5.0,5.0,1.56,1.49,1.48,1.48,0.51,0.5,0.51,0.61,0.55,1.18,1.2,1.43
<5,female,Single,1.44,1.48,1.49,1.95,2,3.2,3.82,5.0,5.0,1.55,1.49,1.49,1.48,0.51,0.5,0.51,0.6,0.55,0.6,1.44,1.43
<5,female,Single,1.44,1.48,1.95,1.95,2,3.2,3.83,5.0,5.0,1.56,1.49,1.49,1.48,0.51,0.5,0.51,0.57,0.55,0.6,1.45,1.43
<5,male,Single,1.43,1.48,1.95,1.95,2,3.2,4.48,5.0,5.0,5,1.49,1.49,1.48,0.51,0.0,,0.55,0.54,0.6,1.46,1.43
<5,female,Single,1.43,1.46,1.96,1.95,2,3.19,3.21,5.0,5.0,5,1.49,1.5,1.48,0.52,0.0,0.5,0.55,0.54,0.59,1.45,1.44
<5,female,Single,1.43,1.45,5.0,1.95,2,3.19,3.21,5.0,5.0,1.55,1.49,1.52,1.48,0.52,0.0,0.0,0.57,0.54,0.59,1.47,1.44
<5,female,Single,1.43,1.45,5.0,1.95,2,3.19,3.21,3.83,5.0,1.56,1.49,1.52,1.48,0.53,0.0,0.0,0.52,0.53,1.18,1.45,1.43
<5,,Single,1.43,,1.97,1.95,2,3.19,3.91,3.83,5.0,5,1.5,1.5,1.48,0.57,0.0,0.0,0.51,0.67,1.18,1.19,1.44
<5,male,Single,1.43,1.44,1.47,1.5,2,3.19,3.21,4.49,5.0,5,1.53,1.51,1.48,0.59,0.0,0.0,0.51,0.66,0.96,1.19,1.43
<5,male,Single,1.43,1.44,1.46,1.49,5,3.19,3.21,3.84,5.0,5,1.5,1.49,1.42,0.6,0.0,0.0,0.5,0.66,5.0,1.18,1.44
<5,female,Single,1.43,1.44,1.46,1.49,5,3.2,3.21,3.83,5.0,5,1.5,1.49,1.41,0.6,0.0,,0.0,0.66,1.49,,1.44
<5,female,Single,1.43,1.44,1.47,1.49,5,3.2,3.21,3.83,5.0,5,1.51,1.49,1.47,0.6,0.0,0.0,0.0,,1.49,1.17,1.44
<5,male,Married,1.43,1.45,1.46,1.48,2,3.2,3.21,3.84,5.0,5,1.54,1.49,1.47,0.61,0.0,,0.0,0.66,1.49,1.17,1.44
<5,?,Married,1.43,1.45,1.97,1.96,5,3.2,3.92,3.84,5.0,5,1.53,1.49,1.47,0.62,0.0,0.0,0.0,0.67,1.5,,1.44
<5,?,Married,1.43,1.45,1.47,1.49,5,3.2,3.21,3.83,5.0,5,1.53,1.49,1.47,0.62,0.0,0.0,0.0,0.64,5.0,1.17,1.44
<5,female,Single,1.43,1.45,1.97,1.96,2,3.2,3.21,3.83,5.0,5,1.53,1.49,1.47,,0.0,,0.0,0.64,5.0,1.17,1.44
<5,female,Married,1.43,1.45,1.47,1.49,2,3.2,5.0,3.83,5.0,5,1.56,1.49,1.47,0.62,0.0,0.0,0.0,0.52,1.61,1.17,1.44
<5,male,Married,1.43,1.45,1.47,1.96,2,3.2,5.0,3.83,5.0,5,1.53,1.49,1.47,0.62,0.0,0.0,0.0,0.64,1.61,1.17,1.44
<5,male,Married,1.43,1.45,5.0,1.96,5,3.2,3.21,3.83,5.0,5,1.53,1.49,1.47,0.61,0.0,0.0,0.0,0.65,1.61,1.17,1.44
<5,,Married,1.43,1.45,1.98,1.96,2,3.2,5.0,3.83,5.0,5,1.56,1.49,1.47,0.61,0.0,0.0,0.0,0.64,1.49,1.17,1.44
<5,male,Married,1.43,1.45,1.98,1.96,5,3.2,5.0,3.83,5.0,5,1.57,1.49,1.47,0.61,0.0,0.0,0.0,0.68,1.5,1.17,1.44
<5,female,Married,1.43,1.45,1.65,1.96,5,3.2,5.0,3.83,5.0,5,1.56,1.49,1.47,0.61,0.0,0.0,0.0,0.64,1.5,1.17,1.44
<5,?,Married,1.43,1.45,1.66,1.96,5,3.2,5.0,3.83,5.0,5,1.56,1.49,1.47,0.64,0.0,0.0,0.0,0.64,1.5,1.17,1.44
<5,female,Married,1.44,1.45,1.66,1.96,5,3.2,3.92,3.83,5.0,5,1.54,1.5,1.47,0.64,0.0,0.0,0.0,0.6,1.63,1.17,1.45
<5,female,Married,1.44,1.46,1.66,1.96,5,3.2,5.0,3.83,5.0,5,1.53,1.48,1.46,0.63,0.0,,0.0,0.52,1.63,1.17,1.45
<5,female,Married,1.45,1.46,1.69,1.97,5,3.2,5.0,3.82,5.0,5,1.54,1.48,1.46,0.62,0.0,0.0,0.0,0.52,1.52,1.18,1.46
<5,male,Married,1.45,1.47,1.73,1.98,2,3.2,5.0,3.82,5.0,5,1.52,1.48,1.45,0.62,0.0,0.0,0.0,0.64,5.0,1.19,1.47
<5,female,Married,1.46,1.47,1.73,1.98,2,3.2,5.0,3.82,5.0,5,1.5,1.46,1.45,0.66,0.0,0.0,0.5,0.52,5.0,1.12,1.47
<5,male,Married,1.47,1.48,1.68,1.99,2,3.2,5.0,3.82,5.0,5,1.5,1.45,1.44,0.65,0.0,0.0,0.0,0.58,0.78,1.13,1.48
<5,female,Married,1.48,1.49,1.52,1.99,2,3.2,5.0,3.81,5.0,5,1.49,1.44,1.44,0.65,0.0,0.0,0.0,0.59,0.54,0.59,1.49
<5,male,Married,1.49,1.49,1.52,2.0,2,3.2,5.0,3.81,5.0,5,1.48,1.43,1.43,0.65,0.5,0.0,0.0,0.58,0.54,0.59,1.51
<5,male,Married,1.5,,1.53,2.01,2,3.19,3.21,4.46,5.0,5,1.47,1.43,1.43,0.66,0.51,0.0,0.0,0.56,0.73,0.58,1.52
<5,female,Married,1.51,1.51,1.53,2.01,2,3.2,5.0,5.0,5.0,5,1.47,1.42,1.42,0.67,0.51,0.0,0.0,0.53,0.74,0.58,1.53
<5,male,Married,1.52,,1.54,2.02,2,3.2,5.0,3.78,3.8,5,1.47,1.41,1.41,0.7,0.51,0.0,0.0,0.52,0.71,0.58,1.55
<5,?,Married,1.53,1.53,1.55,5.0,2,3.2,5.0,,3.78,5,1.45,1.4,1.41,0.55,0.52,0.5,0.0,0.52,0.73,1.04,1.27
<5,male,Married,1.54,1.54,1.55,5.0,2,3.2,3.19,3.77,3.77,5,5.0,1.39,1.4,0.55,0.52,0.5,0.0,0.53,0.73,1.06,1.27
<5,female,Married,1.55,1.55,1.56,5.0,2,3.22,3.19,3.77,3.76,5,5.0,1.42,1.42,0.72,0.6,0.53,0.5,0.52,1.63,1.11,1.28
<5,male,Married,1.56,1.56,1.57,,2,3.25,3.19,4.42,3.75,5,5.0,1.41,1.41,0.55,0.61,0.54,0.5,0.52,1.64,1.12,1.29
<5,female,Married,1.57,1.57,1.59,5.0,2,3.27,3.18,5.0,3.74,5,5.0,1.4,1.37,0.57,0.6,0.55,0.51,0.52,1.66,1.13,1.3
<5,male,Married,1.59,1.59,1.6,1.62,2,3.26,3.18,4.42,3.73,5,5.0,1.38,1.37,0.56,0.59,0.54,0.51,0.52,0.74,1.11,1.32
<5,male,Married,1.61,1.6,1.62,5.0,2,3.26,3.18,4.42,3.72,5,5.0,1.36,1.36,0.57,0.6,0.53,0.51,0.53,1.69,1.35,1.33
<5,male,Married,1.62,1.62,1.63,,2,3.26,3.17,4.4,3.71,5,2.02,1.35,1.34,0.57,0.54,,0.52,0.53,0.74,1.36,1.35
<5,female,Married,1.64,1.63,1.65,5.0,2,3.26,3.17,4.4,3.7,5,2.01,1.33,1.33,0.58,0.56,0.53,0.52,0.54,0.71,,1.37
<5,female,Married,1.42,1.65,1.66,1.69,2,3.26,3.16,4.38,3.69,5,1.98,1.31,1.31,0.59,0.55,0.54,0.53,0.54,0.74,0.94,1.38
<5,male,Married,1.42,1.67,1.68,1.71,2,3.25,3.16,4.38,3.68,5,1.96,1.29,1.29,0.59,0.56,0.54,0.53,0.55,0.68,0.95,1.4
<5,female,Married,1.44,1.69,1.7,1.73,2,3.25,3.15,3.68,3.66,5,5.0,1.27,1.27,0.6,0.57,0.55,0.54,0.55,,0.97,1.42
<5,male,Married,1.45,1.7,1.72,1.74,2,3.25,3.15,4.38,3.65,5,5.0,1.27,1.25,0.6,0.57,0.55,0.55,0.56,0.71,0.98,1.44
<5,male,Married,1.47,1.72,1.74,1.76,2,3.28,3.14,4.38,3.63,5,5.0,1.7,1.23,0.61,0.58,0.56,0.55,0.56,0.72,1.0,1.45
<5,male,Married,1.49,1.74,1.76,1.78,2,3.26,3.13,4.35,3.62,5,1.88,1.68,1.22,0.61,0.58,0.57,0.56,0.57,0.74,1.02,1.47
<5,male,Married,1.51,1.76,1.77,1.81,2,3.25,3.13,4.35,3.61,5,5.0,1.66,1.2,0.85,0.59,0.57,0.56,0.58,0.77,1.06,1.49
<5,female,Married,1.53,1.78,1.79,5.0,2,3.14,3.12,3.6,3.59,5,1.84,1.64,1.18,0.84,0.59,0.58,0.57,0.58,0.77,1.53,1.51
<5,male,Single,1.55,1.8,1.81,5.0,5,3.15,3.12,3.58,3.58,5,5.0,1.62,1.16,0.84,0.6,0.58,0.58,0.59,5.0,1.54,1.53
<5,?,Single,1.57,1.82,1.83,5.0,5,3.25,3.11,3.57,3.56,5,1.8,1.6,1.14,,0.6,0.59,0.58,0.6,5.0,1.56,1.55
<5,female,Single,1.59,1.84,1.85,5.0,3,3.12,3.11,3.55,3.55,5,1.79,1.58,1.12,0.81,0.61,0.6,0.59,0.6,0.85,1.58,1.57
<5,female,Single,1.61,1.86,1.87,5.0,5,3.25,3.1,3.54,3.54,5,1.77,1.56,1.1,0.65,0.62,0.61,0.6,0.61,1.95,1.6,1.59
<5,?,Single,1.62,1.88,1.89,2.86,5,3.11,3.1,3.52,3.52,5,1.74,,1.09,0.79,0.62,0.61,0.6,0.61,1.96,1.63,1.61
<5,male,Single,1.64,1.9,1.92,2.87,5,3.12,3.09,3.5,3.52,5,1.73,1.52,1.07,0.78,0.63,0.62,0.61,0.62,2.87,1.65,1.63
<5,female,Single,1.66,1.91,1.93,2.88,5,3.1,3.08,3.49,3.5,5,1.71,1.5,1.05,0.78,0.64,0.62,0.61,0.63,5.0,1.67,1.65
<5,female,Single,,1.94,5.0,2.9,5,3.11,3.08,3.48,3.49,5,1.7,1.48,1.03,0.78,0.64,0.63,0.62,0.63,2.02,1.69,1.67
<5,male,Single,1.71,1.95,1.97,,5,3.1,3.07,3.46,5.0,5,5.0,1.46,1.01,0.78,0.66,0.67,0.63,0.64,5.0,5.0,1.69
<5,male,Single,1.72,1.97,1.99,5.0,5,3.09,3.07,3.45,5.0,5,5.0,1.44,0.99,0.87,0.65,0.63,0.63,0.64,2.06,1.73,1.71
<5,female,Single,1.74,1.99,2.01,2.93,5,3.1,3.06,3.44,5.0,5,5.0,1.42,0.97,0.86,0.66,0.63,0.64,0.65,2.08,1.75,1.73
<5,female,Single,1.76,2.01,2.03,5.0,5,3.07,3.06,3.43,5.0,5,5.0,1.41,0.95,1.06,0.67,0.63,0.64,0.65,5.0,5.0,1.75
<5,female,Single,1.78,2.03,2.05,5.0,5,3.08,3.05,3.42,5.0,5,5.0,1.39,0.93,0.7,0.67,0.63,0.65,0.66,5.0,1.79,1.77
<5,female,Single,1.8,2.05,2.07,5.0,3,3.06,3.05,3.4,5.0,5,5.0,1.37,0.88,0.84,0.67,0.64,0.65,0.67,5.0,5.0,1.79
<5,female,Single,1.82,2.07,2.08,5.0,3,3.08,3.04,3.39,5.0,5,5.0,1.35,0.86,0.83,0.68,0.64,0.66,0.68,2.99,1.3,1.81
<5,male,Single,1.84,2.09,2.11,3.0,3,3.08,3.04,3.38,5.0,5,5.0,1.33,0.84,1.02,0.69,0.64,0.67,0.68,3.01,5.0,1.82
<5,male,Single,1.86,2.11,2.12,3.02,3,3.07,3.03,3.37,5.0,5,5.0,1.31,0.82,0.7,0.7,,0.67,0.69,5.0,5.0,1.84
<5,female,Single,1.88,2.13,2.15,5.0,3,3.07,3.03,3.36,5.0,5,5.0,1.29,0.79,1.0,0.72,0.65,0.66,0.69,5.0,1.6,1.86
<5,male,Single,1.89,2.14,2.16,3.05,3,3.04,3.02,3.34,5.0,5,5.0,1.27,0.78,0.99,0.71,0.66,0.66,0.7,5.0,5.0,1.88
<5,male,Single,1.91,2.16,2.17,5.0,3,3.08,3.02,3.34,3.34,5,5.0,5.0,0.76,0.98,0.68,,0.66,0.7,5.0,1.27,1.9
<5,male,Single,1.92,2.16,2.17,3.06,3,3.26,3.02,3.34,3.34,5,1.46,5.0,0.76,0.98,0.68,,0.66,0.69,5.0,5.0,1.71
<5,male,Single,2.18,2.16,2.17,5.0,3,3.27,3.02,3.34,5.0,5,1.46,5.0,0.76,0.72,0.68,0.66,0.65,0.68,5.0,0.75,1.69
<5,male,Single,,,2.17,5.0,3,3.27,3.02,3.34,3.34,5,1.46,5.0,0.76,0.72,0.68,0.66,0.65,0.68,5.0,0.75,1.7
<5,male,Single,2.18,2.15,2.17,5.0,3,3.27,3.02,3.34,3.34,5,1.46,5.0,0.76,0.98,0.68,0.66,0.65,0.68,5.0,5.0,1.7
<5,male,Single,2.17,2.15,2.17,2.2,3,3.27,3.02,3.34,3.34,5,1.46,5.0,0.76,0.98,0.68,0.66,0.65,0.68,5.0,5.0,1.62
<5,female,Single,2.17,2.15,2.17,2.2,5,3.27,3.02,3.35,3.34,5,1.46,5.0,0.76,0.98,0.68,0.66,0.65,0.67,5.0,5.0,1.7
<5,male,Single,2.16,2.15,2.17,,3,3.27,3.02,3.04,3.34,4.06,1.46,5.0,0.76,0.97,0.69,0.66,0.65,0.67,3.06,5.0,1.63
<5,female,Single,2.17,2.15,2.17,5.0,3,3.27,3.02,3.04,3.34,4.06,1.46,5.0,0.76,0.97,0.68,0.66,0.65,0.67,3.05,5.0,1.62
>10,?,Married,2.16,2.15,2.17,5.0,3,3.26,3.02,4.16,3.34,4.06,1.46,5.0,0.77,0.97,0.71,0.66,0.65,0.67,3.05,0.74,1.63
>10,female,Married,1.91,2.15,2.32,5.0,3,3.27,3.02,4.16,3.35,4.06,1.46,5.0,0.77,0.97,0.72,0.66,0.65,0.66,5.0,0.74,1.62
>10,male,Married,1.9,2.15,2.32,5.0,3,3.27,3.02,4.16,5.0,4.06,1.46,5.0,4.27,0.97,0.72,,0.65,0.66,0.84,0.74,1.62
>10,male,Married,1.9,2.15,2.23,5.0,5,3.27,3.02,4.15,3.34,4.06,1.46,5.0,4.26,0.97,,0.66,0.65,0.66,5.0,0.74,1.63
>10,female,Married,1.9,2.16,5.0,5.0,5,3.27,3.02,4.16,3.35,4.06,1.46,5.0,4.27,0.97,0.71,0.66,0.64,0.65,5.0,0.74,1.62
<5,male,Married,0.78,2.16,2.17,5.0,5,3.27,3.02,4.16,3.34,4.06,1.46,5.0,5.0,0.85,0.75,0.66,0.64,0.65,5.0,0.74,1.62
<5,female,Married,0.78,2.16,2.17,5.0,5,3.27,3.02,4.16,3.34,4.06,1.46,5.0,4.27,0.84,0.8,0.66,0.64,0.65,5.0,0.74,1.9
<5,male,Married,0.78,2.16,2.17,5.0,5,3.27,3.02,4.18,3.34,4.06,1.46,5.0,4.27,0.83,0.78,0.66,0.65,0.65,0.78,0.74,1.62
<5,female,Married,0.79,2.16,2.18,5.0,5,3.27,3.03,5.0,3.34,4.06,1.46,5.0,4.27,0.83,0.78,0.66,0.65,0.65,,0.74,1.91
<5,female,Married,0.79,2.17,2.18,5.0,5,3.27,3.02,5.0,3.33,4.05,1.45,5.0,5.0,0.83,0.74,0.66,0.65,0.66,5.0,5.0,1.91
<5,male,Married,0.79,2.18,2.18,5.0,5,3.27,3.02,5.0,3.33,4.05,1.44,5.0,4.26,0.82,0.78,0.67,0.65,0.66,0.81,5.0,1.64
<5,male,Married,0.8,2.18,2.19,5.0,5,3.27,3.01,4.15,3.32,4.04,1.43,5.0,5.0,0.82,0.8,0.68,0.66,0.66,5.0,0.99,1.93
<5,male,Married,0.8,2.2,2.21,5.0,5,3.27,3.01,3.37,3.31,4.04,1.42,5.0,5.0,0.82,0.8,0.68,0.66,0.67,5.0,0.75,1.66
<5,female,Married,0.81,2.21,2.22,5.0,5,3.27,3.01,3.36,3.3,4.04,1.41,5.0,5.0,0.81,0.8,0.69,,0.68,,1.01,1.95
<5,female,Single,1.97,2.22,2.23,5.0,5,3.26,3.0,3.34,3.28,4.03,1.39,5.0,5.0,0.8,0.81,0.7,0.67,0.72,5.0,1.02,1.97
<5,female,Married,0.82,2.24,2.25,5.0,5,3.26,2.99,4.12,3.28,4.02,1.38,,5.0,0.79,0.72,0.71,0.69,0.71,5.0,5.0,1.99
<5,male,Single,0.83,2.25,2.27,5.0,5,3.26,2.98,4.12,3.26,4.02,1.36,5.0,5.0,0.79,0.79,0.71,0.69,0.7,5.0,5.0,2.01
<5,male,Single,2.02,2.27,5.0,5.0,4,3.26,2.97,4.11,3.26,4.01,1.34,5.0,5.0,0.79,0.79,0.72,0.7,0.71,5.0,5.0,2.02
<5,male,Single,2.04,2.29,2.41,5.0,4,3.26,2.96,4.11,4.12,4,1.32,5.0,4.2,0.78,0.79,0.72,0.71,0.72,5.0,1.09,2.05
<5,female,Single,2.06,2.31,5.0,5.0,4,3.26,2.96,4.1,5.0,4,1.3,5.0,1.1,0.78,0.93,0.74,0.72,0.76,5.0,5.0,1.56
<5,female,Single,2.08,2.32,5.0,5.0,4,3.26,2.95,4.11,5.0,3.99,1.28,5.0,1.07,0.92,0.76,0.76,0.72,0.75,5.0,5.0,2.08
<5,female,Single,2.1,2.34,5.0,5.0,4,3.26,2.94,4.09,3.22,3.98,1.27,5.0,1.06,0.9,0.77,0.76,0.73,0.75,5.0,5.0,2.1
<5,male,Single,2.12,2.36,2.46,5.0,4,3.26,2.93,4.09,3.18,3.98,1.25,5.0,1.04,0.89,0.77,0.76,0.74,0.75,5.0,5.0,2.12
<5,female,Single,2.13,2.37,2.49,5.0,4,3.26,2.93,4.08,3.19,3.99,1.23,5.0,1.02,0.88,0.76,0.76,0.74,0.76,5.0,5.0,1.58
<5,female,Single,2.14,2.38,5.0,5.0,4,3.26,2.92,,3.18,3.98,1.22,5.0,1.01,0.87,0.75,0.77,0.74,0.77,5.0,1.75,1.55
<5,male,Single,2.15,2.39,2.4,5.0,5,3.26,2.93,4.09,3.15,3.97,5.0,5.0,1.01,0.84,0.74,0.75,0.74,0.76,5.0,1.75,1.56
<5,male,Single,2.14,2.39,2.39,5.0,5,3.27,2.93,2.96,3.15,3.97,5.0,5.0,1.01,0.83,0.74,0.75,0.74,0.76,0.77,1.09,5.0
<5,male,Single,2.14,2.39,2.39,5.0,5,3.27,2.93,2.93,2.95,3.97,5.0,5.0,1.01,0.84,0.74,,0.74,0.75,0.77,5.0,5.0
<5,female,Single,2.14,2.39,2.39,5.0,5,3.27,2.93,2.93,2.95,3.97,5.0,5.0,1.01,0.87,0.74,0.75,0.74,0.75,0.77,1.08,1.47
<5,female,Single,2.14,2.39,2.39,5.0,5,3.27,2.93,2.94,2.95,3.98,5.0,,1.01,0.87,0.74,0.75,0.74,0.75,0.78,1.08,5.0
<5,female,Single,1.91,2.39,2.39,5.0,5,3.27,2.93,2.93,2.95,3.97,5.0,5.0,1.01,0.83,0.74,0.75,0.73,0.75,0.78,1.09,1.56
<5,male,Single,1.92,2.39,2.39,5.0,5,3.27,2.93,2.93,2.95,3.97,4.86,5.0,1.01,0.83,0.74,0.75,0.73,0.75,0.77,5.0,5.0
5-10,male,Single,1.91,,2.39,5.0,5,3.27,2.93,2.93,2.95,2.05,4.86,5.0,1.01,0.89,0.74,0.74,0.73,0.75,0.77,5.0,1.42
5-10,male,Single,1.91,2.45,2.39,5.0,5,3.27,2.93,2.93,2.95,2.05,3.99,5.0,1.01,,0.74,0.75,0.73,0.75,0.76,5.0,5.0
5-10,female,Single,1.91,2.46,2.39,5.0,5,3.27,2.94,2.93,3.16,2.05,4.0,5.0,1.02,0.83,0.74,0.75,0.73,0.75,0.76,5.0,5.0
5-10,female,Single,1.87,5.0,2.39,5.0,5,3.27,2.94,2.93,3.16,2.04,4.86,5.0,1.01,0.89,0.74,0.75,0.73,0.74,0.76,1.7,5.0
5-10,female,Single,1.86,2.46,2.39,5.0,5,3.27,2.94,2.93,3.16,2.04,4.85,5.0,1.02,0.89,0.73,0.75,0.73,0.74,0.76,1.7,5.0
5-10,female,Single,1.87,2.47,2.39,5.0,5,3.27,2.94,2.93,3.16,2.04,4.85,5.0,1.02,0.89,0.73,0.75,0.73,0.74,0.76,1.7,5.0
5-10,male,Single,1.87,2.47,2.4,5.0,5,3.27,2.94,2.93,2.95,2.04,4.85,5.0,1.01,0.89,0.73,0.75,0.73,0.75,0.76,1.71,5.0
5-10,male,Single,1.88,5.0,2.4,5.0,5,3.27,3.29,2.93,2.95,2.04,4.84,5.0,1.01,0.89,0.73,0.76,0.74,0.75,0.77,1.71,5.0
>10,male,Single,1.93,5.0,2.41,5.0,5,3.27,2.93,2.92,2.94,2.03,3.98,5.0,1.0,0.89,0.74,0.77,,0.76,0.77,1.71,5.0
>10,,Single,1.89,5.0,2.41,5.0,4,3.27,2.93,2.92,2.94,2.02,3.97,5.0,0.99,0.88,0.74,0.9,0.74,0.76,0.78,5.0,5.0
>10,male,Single,1.91,2.49,2.42,5.0,5,3.27,2.92,2.91,3.13,2.01,3.96,5.0,0.98,0.88,0.74,0.81,0.75,0.77,0.78,5.0,5.0
>10,male,Single,1.97,2.51,2.44,5.0,5,3.26,2.91,2.9,3.11,2,3.95,5.0,0.96,0.88,0.74,0.92,0.76,0.78,0.79,5.0,1.41
>10,male,Single,1.94,5.0,2.45,5.0,5,3.26,2.91,2.9,2.91,1.98,4.78,5.0,0.95,0.88,0.74,0.92,0.76,0.78,0.8,1.76,1.42
>10,male,Single,1.95,2.53,2.47,5.0,5,3.26,2.9,2.89,2.9,1.97,3.95,5.0,0.94,0.88,0.74,,0.77,0.79,,5.0,1.43
>10,female,Single,,2.55,2.5,5.0,5,3.26,2.89,2.88,2.89,1.95,3.93,5.0,0.95,0.88,0.87,0.74,0.78,0.79,0.82,0.86,5.0
<5,?,Single,1.99,2.56,2.51,5.0,5,3.26,2.88,2.87,2.88,1.94,3.92,5.0,0.94,0.87,0.86,,0.79,0.79,0.83,0.85,5.0
<5,female,Single,2.01,2.59,2.53,5.0,5,3.25,3.28,2.86,2.87,1.92,3.92,0.93,0.93,0.88,0.84,0.74,0.81,0.8,0.84,0.86,1.48
<5,female,Single,2.03,2.6,2.54,5.0,5,3.26,3.27,2.85,2.86,1.9,3.92,0.9,5.0,0.87,0.85,0.74,0.82,0.81,0.85,0.89,5.0
<5,male,Single,2.05,2.62,2.56,2.57,5,3.25,3.27,2.84,2.85,1.88,3.9,0.88,5.0,0.87,0.78,0.73,0.83,0.82,0.84,5.0,5.0
<5,female,Single,2.07,2.65,2.57,5.0,5,3.25,3.27,2.83,2.84,1.86,3.88,5.0,0.94,0.87,0.77,0.74,0.84,0.82,0.84,0.9,1.42
<5,female,Single,2.09,5.0,2.58,5.0,5,3.25,2.83,2.82,2.83,1.85,3.88,1.01,0.82,0.87,0.77,0.74,0.85,0.83,0.85,5.0,5.0
<5,?,Single,2.11,5.0,2.6,2.61,5,3.25,2.83,2.81,2.82,1.83,3.87,5.0,0.81,0.87,0.77,0.75,0.85,0.84,0.85,1.14,5.0
<5,?,Single,2.12,5.0,2.61,2.62,5,3.25,2.83,2.8,2.81,1.82,3.86,0.98,0.8,0.87,0.77,0.75,0.86,0.85,0.86,0.9,0.92
<5,female,Single,2.13,2.85,2.62,2.63,5,3.25,2.82,2.79,2.81,1.81,3.86,0.96,0.79,0.0,0.86,,0.86,0.86,0.87,5.0,0.92
<5,female,Single,1.99,2.85,2.62,2.63,5,3.25,2.8,2.79,2.82,1.8,3.86,0.81,0.78,0.0,0.86,0.85,0.86,0.86,0.87,0.89,0.92
<5,male,Single,1.99,2.84,2.62,2.63,5,3.25,2.81,2.79,2.83,1.81,3.86,0.81,0.79,0.0,0.85,0.85,0.86,0.86,0.87,0.89,0.92
<5,female,Single,1.98,2.84,2.62,2.63,5,3.25,2.81,2.79,2.82,1.81,3.86,0.81,0.79,0.0,0.85,0.85,0.86,0.85,0.86,0.89,0.92
<5,male,Single,1.98,2.84,2.62,2.63,5,3.25,2.81,2.8,2.82,1.81,3.86,0.81,0.79,0.0,0.85,0.85,0.86,0.85,0.86,0.89,0.91
<5,female,Single,1.91,2.84,2.62,2.63,5,3.25,2.81,2.79,2.82,1.81,3.86,0.81,0.79,0.0,0.85,0.85,0.86,,0.86,0.89,0.92
<5,male,Single,1.91,2.83,2.62,2.63,5,3.25,2.81,2.79,2.82,1.81,3.86,0.81,0.79,0.0,0.85,0.85,0.76,0.85,0.86,,0.92
<5,male,Single,1.91,2.41,2.61,2.63,5,3.25,2.81,2.79,2.81,1.81,3.86,0.82,0.79,0.0,0.85,0.84,0.75,0.85,0.86,0.89,5.0
<5,male,Single,1.91,2.41,2.61,2.63,5,3.25,2.8,2.8,2.81,1.81,3.86,0.96,0.79,0.0,0.86,0.83,0.75,0.85,0.86,0.89,5.0
<5,female,Married,1.6,2.41,2.61,5.0,5,3.26,2.81,2.8,2.97,1.81,3.86,0.96,0.79,0.0,0.86,0.82,0.75,0.85,0.86,5.0,5.0
<5,male,Married,1.65,2.4,2.61,5.0,5,3.26,2.81,2.8,2.99,1.81,3.86,0.96,0.79,0.0,0.86,0.82,0.75,,0.87,5.0,5.0
<5,female,Married,1.6,2.4,2.62,5.0,5,3.26,2.81,2.8,2.83,1.81,3.86,0.96,0.79,0.0,0.85,0.82,0.74,0.85,0.87,4.31,5.0
<5,female,Married,1.6,2.4,2.62,5.0,5,3.26,2.82,2.8,2.8,5,3.86,0.96,0.79,0.0,0.86,0.82,0.74,0.85,0.86,4.3,5.0
<5,female,Married,1.59,2.41,2.63,5.0,5,3.26,2.82,2.8,2.8,2.99,3.86,4.6,0.79,0.0,0.86,0.76,0.74,0.85,0.86,4.3,5.0
<5,female,Married,1.59,2.4,2.63,5.0,5,3.26,2.82,2.8,2.8,2.83,0.87,3.89,0.79,0.0,0.87,0.75,0.74,0.85,0.85,0.9,5.0
<5,?,Single,1.59,2.4,2.63,2.63,5,3.27,2.82,2.81,2.8,2.98,0.87,3.88,0.8,3.33,0.85,0.82,0.73,0.85,0.85,0.87,5.0
<5,male,Married,0.92,2.4,2.63,2.62,5,3.27,3.26,2.82,2.8,2.82,3.87,3.87,5.0,2.16,0.85,0.75,0.73,0.85,0.85,0.86,5.0
<5,?,Single,0.91,2.4,2.64,2.63,5,3.27,3.27,2.82,2.8,2.82,3.87,3.87,5.0,,0.85,,0.73,0.85,0.85,0.86,5.0
<5,male,Single,0.9,2.4,2.69,2.63,3,3.28,3.27,2.82,2.81,2.82,1.82,3.88,5.0,2.16,0.85,0.84,,0.85,0.84,0.85,5.0
<5,female,Single,0.9,2.14,2.69,2.63,3,3.87,3.27,2.83,2.81,2.82,1.82,0.83,5.0,0.78,0.0,0.84,0.73,0.85,0.84,0.85,0.88
<5,male,Single,0.9,2.14,2.85,2.63,5,2.16,3.27,2.83,2.81,2.83,1.81,3.88,5.0,0.78,0.0,0.84,0.83,0.85,0.84,0.85,0.88
<5,female,Single,5.0,2.41,2.41,2.63,5,2.16,3.27,2.83,2.81,3.03,1.81,3.87,0.97,0.78,0.0,0.84,0.81,0.84,0.84,0.85,0.87
<5,male,Single,5.0,5.0,2.41,2.62,5,2.16,3.28,2.83,2.81,3.01,1.81,3.88,5.0,0.77,0.0,0.87,0.75,0.73,0.84,0.85,0.88
<5,male,Single,5.0,1.71,2.41,2.64,3,3.3,3.28,2.84,2.82,2.82,1.82,3.88,5.0,0.77,0.0,0.84,0.74,0.72,0.84,0.84,0.88
<5,female,Single,0.92,1.6,2.4,2.64,5,5.0,3.28,2.84,2.82,2.82,3.35,3.88,5.0,0.76,0.0,0.84,0.73,0.71,0.84,0.84,5.0
<5,male,Single,0.92,1.61,2.41,2.66,3,5.0,3.28,2.85,2.82,2.82,1.82,1.83,5.0,0.89,0.85,0.83,0.74,0.71,0.84,0.84,0.9
<5,male,Single,0.9,5.0,2.41,2.66,3,5.0,3.29,3.29,3.31,2.82,2.83,3.89,3.88,0.76,0.85,0.83,0.73,0.71,0.84,0.83,0.85
>10,male,Single,0.9,0.9,2.14,2.71,3,5.0,3.29,3.29,3.31,2.82,2.83,1.83,3.88,0.75,0.78,0.83,0.82,0.71,0.83,0.83,0.84
>10,female,Single,0.86,0.89,2.14,2.85,3,5.0,3.3,3.29,2.84,2.82,2.83,1.82,3.88,0.75,0.77,0.0,0.82,0.71,0.83,0.83,0.84
>10,female,Single,0.86,5.0,2.41,2.42,3,5.0,3.3,3.29,2.83,2.82,2.99,1.82,3.89,0.75,0.76,0.0,0.82,0.81,0.72,0.83,0.84
>10,female,Single,0.85,5.0,2.42,2.42,3,5.0,2.18,3.29,2.84,2.82,2.99,1.82,3.89,0.75,0.76,0.0,0.82,0.8,0.71,0.83,0.86
>10,female,Single,0.86,5.0,2.42,2.42,3,5.0,2.18,3.29,2.83,2.82,2.99,1.82,3.89,0.75,0.76,0.0,0.82,,0.71,0.83,0.88
>10,male,Single,0.86,,2.42,2.42,3,5.0,2.18,3.29,2.83,2.82,2.99,1.82,5.0,0.75,0.76,0.0,0.82,0.81,0.72,0.83,0.86
>10,male,Single,0.86,5.0,2.42,2.42,3,5.0,2.18,3.29,2.83,2.82,2.99,1.82,5.0,0.75,0.76,0.0,0.82,0.81,0.84,0.83,0.86
>10,female,Single,0.86,5.0,2.42,2.42,3,5.0,2.18,3.29,2.83,2.82,2.99,1.82,5.0,0.75,0.76,0.0,0.82,0.81,0.85,0.83,0.86
>10,male,Single,0.86,5.0,2.42,2.42,3,5.0,2.18,,2.83,2.82,2.99,1.82,5.0,0.75,0.76,0.0,0.82,0.81,0.73,0.83,0.89
>10,male,Single,0.86,5.0,2.42,2.42,3,5.0,2.18,3.29,2.83,2.82,2.99,1.82,3.88,0.75,0.76,0.0,0.82,0.81,0.72,0.83,0.87
>10,female,Single,0.86,5.0,2.42,2.42,3,5.0,2.18,3.29,2.83,2.82,2.99,1.82,5.0,0.75,0.76,0.0,0.82,0.81,0.71,0.83,0.91
>10,female,Single,0.86,5.0,2.42,2.42,3,5.0,2.18,3.29,2.83,2.82,2.99,1.82,5.0,0.75,0.76,0.0,0.82,0.81,0.71,0.83,0.88
>10,female,Single,0.86,5.0,2.42,2.42,3,5.0,2.18,3.29,2.83,2.82,2.99,1.82,5.0,0.75,0.76,0.0,0.82,0.81,0.72,0.83,0.9
>10,male,Single,0.86,5.0,2.42,2.42,3,5.0,2.18,3.29,2.83,2.82,2.99,1.82,3.88,0.75,0.76,0.0,0.82,0.8,0.71,0.83,0.87
>10,female,Single,1.08,5.0,2.42,2.42,3,5.0,2.18,3.29,2.83,2.82,2.99,1.82,3.88,0.75,0.76,,0.82,0.79,0.71,0.83,0.86
>10,female,Single,0.91,5.0,2.42,2.42,3,5.0,2.18,3.29,2.83,2.82,2.97,1.81,3.88,,0.75,0.0,0.82,0.78,0.71,0.83,0.88
>10,male,Single,0.87,5.0,2.43,2.42,3,5.0,2.18,3.29,2.83,2.81,2.98,1.81,3.87,0.74,0.75,0.0,0.82,0.79,0.71,0.84,0.88
<5,male,Single,0.87,5.0,1.62,2.43,3,5.0,2.18,3.28,2.82,2.81,2.83,1.81,3.87,0.74,0.75,0.0,0.83,0.79,0.72,0.84,0.86
<5,,Single,0.88,5.0,1.62,2.43,3,5.0,2.17,3.28,2.82,2.8,2.81,1.8,3.87,0.74,0.75,0.0,0.83,0.79,0.72,0.85,0.9
<5,male,Single,0.93,5.0,1.63,2.44,3,5.0,3.28,3.27,2.81,2.8,2.8,1.79,3.86,0.73,0.74,0.0,0.83,0.74,0.73,0.85,0.9
<5,female,Single,0.92,5.0,1.64,2.44,3,5.0,3.28,3.27,2.8,2.79,2.79,1.78,3.85,0.73,0.74,0.86,0.84,0.74,0.73,0.87,0.87
<5,female,Single,0.92,5.0,1.67,2.46,3,5.0,3.27,3.26,2.8,2.78,2.78,1.77,3.84,0.73,0.74,0.87,0.85,0.8,0.74,0.87,0.88
<5,female,Single,0.94,5.0,1.68,2.46,3,5.0,2.17,3.26,2.79,2.77,2.77,1.77,3.84,0.72,0.73,0.88,0.85,0.77,0.75,0.88,0.89
<5,male,Single,0.94,5.0,1.71,2.47,3,5.0,2.17,3.25,3.26,2.76,2.76,2.9,3.83,0.72,0.73,0.76,,0.77,0.76,0.87,0.89
>10,female,Single,0.92,5.0,1.69,2.47,3,5.0,2.16,3.24,2.78,2.75,2.75,,3.82,0.72,,0.74,0.87,0.77,0.77,0.87,0.91
>10,male,Single,0.98,5.0,1.7,2.48,3,5.0,2.16,3.24,2.76,2.74,2.74,2.88,5.0,,0.72,0.73,0.0,0.78,0.78,0.88,0.92
,female,Single,0.93,5.0,1.71,2.49,3,5.0,2.15,3.23,2.75,2.73,2.73,2.87,3.81,0.71,0.71,0.73,0.0,0.79,0.79,0.89,0.92
>10,male,Single,0.94,5.0,1.82,2.5,3,5.0,2.15,3.22,2.73,2.71,2.71,2.85,3.8,0.71,0.71,0.73,0.0,0.81,0.81,0.9,0.93
>10,male,Single,0.95,5.0,5.0,2.51,3,5.0,2.14,3.21,2.71,2.7,2.7,2.84,3.79,0.7,0.7,0.72,0.0,0.89,0.9,0.91,0.94
>10,male,Single,0.96,5.0,1.85,2.53,3,5.0,2.74,3.19,2.7,2.68,2.68,2.82,3.77,0.7,0.7,0.71,0.0,0.83,0.91,0.92,0.95
>10,female,Single,0.97,5.0,5.0,2.54,3,5.0,2.74,3.18,2.68,2.67,2.67,2.83,5.0,0.69,0.69,0.71,0.94,0.85,0.92,0.93,0.96
>10,female,Single,0.98,5.0,5.0,2.55,3,5.0,3.19,3.18,2.67,2.65,2.65,2.68,5.0,0.69,0.69,0.71,3.19,0.93,0.93,0.94,0.96
>10,female,Single,0.99,1.04,5.0,2.56,3,5.0,2.15,3.17,2.66,2.64,2.65,2.66,5.0,0.68,0.68,0.7,3.18,0.77,0.94,0.95,0.98
>10,male,Single,1.0,1.05,5.0,2.57,3,5.0,2.15,3.16,2.65,2.63,2.63,2.65,5.0,0.68,0.68,0.69,3.18,0.77,0.95,0.96,1.03
>10,male,Single,1.06,5.0,5.0,2.57,3,5.0,2.14,3.15,2.64,2.62,2.62,2.64,5.0,0.68,0.68,0.69,0.72,0.76,0.96,0.97,0.99
>10,male,Single,1.02,5.0,1.92,2.58,3,5.0,3.15,3.14,2.63,2.6,2.61,2.74,5.0,,0.67,0.69,0.73,0.0,0.97,0.98,1.0
>10,male,Single,1.03,5.0,5.0,2.59,3,5.0,3.14,3.13,3.14,2.59,2.59,2.72,5.0,0.67,0.67,,0.0,0.0,0.98,0.92,1.01
>10,,Single,1.04,1.28,1.17,2.61,3,5.0,2.09,3.12,3.12,5,2.58,2.71,5.0,0.67,0.66,0.68,0.72,0.0,0.99,0.93,1.09
>10,female,Single,1.06,1.1,1.18,2.62,3,5.0,3.12,3.11,3.11,5,2.56,2.57,5.0,0.66,0.66,0.67,3.15,0.0,1.01,0.95,1.1
>10,female,Single,1.13,1.12,1.98,2.63,3,5.0,2.11,3.09,3.09,5,2.54,2.55,5.0,0.66,0.66,0.67,0.7,,0.94,0.96,1.12
>10,female,Single,1.15,1.19,2.0,2.65,3,5.0,3.1,3.08,3.09,2.54,2.52,2.53,5.0,0.66,0.55,0.66,0.7,0.0,0.95,0.98,1.08
>10,female,Single,1.16,1.14,5.0,2.66,3,5.0,2.07,3.07,3.07,3.19,2.5,2.52,1.49,0.65,0.65,0.66,0.69,0.0,0.97,0.99,1.1
>10,female,Single,1.18,1.21,5.0,2.67,3,5.0,3.07,3.06,3.06,3.18,2.48,2.5,1.48,0.65,0.64,0.65,0.53,0.0,1.07,1.01,1.11
>10,male,Single,1.2,1.24,5.0,2.68,3,5.0,2.08,3.05,3.05,5,2.47,2.48,1.46,0.64,0.64,0.65,0.57,0.0,1.08,1.02,1.12
>10,female,Single,1.22,1.25,5.0,2.7,3,5.0,2.05,3.03,3.05,5,2.45,2.46,1.43,0.64,0.63,,0.68,0.51,0.52,1.04,1.12
>10,male,Single,1.24,1.27,1.32,2.72,3,5.0,2.04,3.02,3.02,5,2.43,2.44,5.0,0.64,0.63,0.64,3.12,0.53,0.53,1.06,1.14
>10,female,Single,1.26,1.22,5.0,2.81,3,5.0,2.04,3.01,3.01,5,2.41,2.42,1.4,0.63,0.63,0.64,3.11,0.54,0.54,1.08,1.15
>10,female,Single,1.19,1.3,5.0,2.83,3,5.0,3.01,2.99,3.0,5,2.39,2.4,1.96,0.63,0.62,0.63,,0.56,0.55,1.1,1.17
>10,male,Single,1.21,1.32,1.35,2.75,3,5.0,2.05,,2.98,5,2.37,2.38,1.36,0.62,0.62,0.63,0.67,0.57,0.57,1.12,1.18
>10,male,Single,1.22,1.34,1.37,3.2,3,5.0,2.98,2.97,2.97,5,2.35,2.36,1.35,0.61,0.61,0.63,0.67,0.58,0.58,0.6,1.19
>10,female,Single,1.24,1.27,1.39,3.21,3,5.0,2.96,2.95,2.96,5,2.33,2.34,1.32,0.61,0.61,0.62,0.65,0.6,0.59,0.61,1.21
>10,,Single,1.25,1.29,1.41,2.83,3,5.0,2.95,2.94,2.95,2.33,2.31,2.33,1.31,0.61,0.6,0.62,0.64,0.62,0.61,0.62,1.23
>10,male,Single,1.27,1.4,1.42,2.84,3,5.0,2.94,2.93,2.93,5,2.29,2.31,1.29,0.6,0.6,0.61,0.64,0.63,0.62,0.63,1.25
>10,male,Single,1.28,1.42,1.44,3.24,3,5.0,2.93,2.92,2.92,2.29,2.27,2.29,1.27,0.6,0.6,,0.65,0.65,0.64,,1.26
>10,female,Single,1.41,1.44,1.46,5.0,3,5.0,2.12,2.9,2.91,2.26,2.25,2.27,1.25,0.6,0.59,0.6,0.64,0.66,0.65,0.66,0.69
>10,male,Single,1.43,1.46,1.48,2.85,3,5.0,3.45,2.89,2.89,2.24,2.23,2.25,1.24,0.59,0.59,0.6,0.64,0.68,0.67,0.68,0.71
>10,male,Single,1.45,1.49,1.53,2.86,3,5.0,2.96,2.88,2.88,2.22,2.21,2.23,1.22,0.59,0.58,0.59,0.63,0.69,0.68,0.69,0.72
>10,,Single,0.75,1.53,1.54,2.87,3,5.0,3.43,2.86,2.87,2.2,2.19,1.99,1.2,0.58,0.58,0.59,0.62,0.66,0.7,0.71,0.74
>10,male,Single,0.78,0.8,1.56,2.9,3,5.0,3.41,2.85,2.88,2.18,2.17,1.97,1.18,0.58,0.57,0.59,0.61,0.72,0.71,0.72,1.48
>10,female,Single,0.8,1.57,1.58,5.0,3,5.0,3.4,2.84,2.85,2.16,2.16,1.95,1.16,0.57,0.56,0.58,0.6,0.65,0.72,0.74,0.77
>10,male,Single,1.53,1.56,1.6,4.06,3,5.0,2.84,2.82,2.84,2.14,2.14,1.93,1.14,0.56,0.56,0.58,1.68,0.65,0.74,0.75,0.78
>10,male,Single,1.55,5.0,1.62,5.0,5,5.0,2.19,2.81,2.83,2.12,2.12,1.91,1.13,0.56,0.56,2.18,5.0,0.77,0.75,0.77,0.79
>10,female,Single,0.83,5.0,1.65,5.0,3,5.0,2.16,2.8,5.0,2.1,2.1,1.89,1.11,0.56,0.55,0.56,1.7,0.78,0.77,0.78,0.81
5-10,,Single,0.85,0.88,5.0,5.0,3,5.0,2.14,2.79,5.0,2.09,2.08,1.87,1.09,0.55,0.55,0.56,0.59,0.79,0.78,0.79,0.82
>10,,Single,0.87,5.0,2.99,5.0,3,5.0,2.83,2.78,2.81,2.07,2.06,1.85,1.08,0.55,0.55,0.56,5.0,0.82,0.8,0.81,0.84
5-10,,Single,1.63,5.0,3.0,5.0,5,5.0,2.78,2.77,5.0,2.05,2.04,1.83,1.05,0.54,0.54,0.55,0.58,0.82,0.81,0.82,0.85
5-10,female,Single,0.9,5.0,3.01,5.0,5,5.0,2.77,2.75,2.06,2.03,2.02,2.04,1.04,0.54,0.54,0.55,0.58,0.84,0.83,0.84,0.87
<5,female,Single,0.91,5.0,3.02,5.0,5,5.0,2.75,2.74,2.04,2.01,2.0,2.02,1.03,0.53,0.53,0.55,0.58,0.62,0.84,0.85,0.88
<5,female,Single,0.93,5.0,3.04,5.0,5,1.89,2.74,2.73,2.01,1.99,1.98,2.0,1.01,0.53,0.53,0.54,0.63,0.87,0.85,0.87,0.9
<5,male,Single,0.94,5.0,3.05,4.12,5,1.89,2.73,2.72,1.99,1.97,1.97,1.98,0.99,0.52,0.52,,0.57,0.61,0.87,0.88,0.91
<5,male,Single,0.95,5.0,3.06,4.13,5,1.89,2.72,2.71,1.97,1.96,1.95,1.96,2.09,0.52,0.52,0.53,0.57,0.9,0.88,0.89,0.92
<5,female,Single,0.96,,3.08,4.13,5,1.89,2.7,2.7,1.95,1.94,1.93,1.94,2.07,0.51,0.51,0.53,0.57,0.94,0.9,0.91,0.94
<5,female,Single,0.98,5.0,3.09,4.14,5,1.89,2.7,2.69,1.94,1.92,1.91,1.92,2.05,0.51,0.51,0.52,0.59,0.59,0.91,0.92,0.95
5-10,female,Single,0.98,5.0,3.1,4.15,5,1.93,2.69,2.68,2.71,1.91,1.9,1.91,2.05,0.51,0.5,0.51,0.59,,0.92,0.93,0.95
5-10,female,Single,0.98,5.0,5.0,5.0,5,1.89,2.7,2.69,2.71,1.91,1.9,1.91,1.93,0.51,0.5,0.51,0.55,0.93,0.92,0.93,0.95
5-10,female,Single,0.97,5.0,3.11,5.0,5,1.89,2.71,2.69,2.7,5,1.9,1.91,1.94,0.51,0.5,0.51,0.55,0.92,0.92,0.93,0.95
5-10,male,Single,0.97,5.0,3.11,5.0,5,1.89,2.7,2.69,2.7,1.91,1.9,1.91,1.93,0.51,0.5,0.51,0.55,0.92,0.92,0.93,0.95
5-10,female,Single,0.97,5.0,5.0,5.0,5,1.89,2.09,2.68,2.7,1.91,1.9,1.91,1.93,0.51,0.5,,0.54,0.93,0.92,0.93,0.95
5-10,female,Single,0.98,,3.11,5.0,5,1.89,2.7,2.68,2.7,1.9,1.9,1.91,1.92,0.51,0.5,0.51,0.55,0.93,0.92,0.93,0.95
5-10,male,Single,0.98,5.0,3.11,4.15,5,1.93,2.7,2.68,2.7,1.9,1.89,1.9,1.92,0.5,0.0,0.51,0.54,0.93,0.92,0.94,0.96
5-10,female,Single,0.99,5.0,5.0,4.16,5,1.93,2.69,2.67,2.69,1.89,1.88,1.89,1.91,0.5,0.0,0.51,0.54,0.94,0.93,0.94,0.96
5-10,female,Single,1.0,,5.0,4.16,5,1.93,2.68,2.67,5.0,1.88,1.87,1.88,1.9,0.5,0.0,0.5,0.54,0.95,0.94,0.95,0.97
5-10,male,Single,1.01,5.0,5.0,4.17,5,5.0,2.68,2.66,5.0,1.88,1.86,1.87,1.89,,0.0,0.5,0.54,0.96,0.95,0.96,0.98
5-10,,Single,1.02,5.0,3.15,4.17,5,1.89,2.66,2.65,5.0,1.86,1.84,1.85,1.87,0.0,0.0,0.0,0.53,0.97,0.96,0.97,1.0
5-10,female,Single,1.03,5.0,3.17,4.18,5,1.88,2.65,2.64,5.0,1.86,1.83,1.84,1.86,0.0,0.0,0.0,0.53,0.98,0.98,0.98,1.0
5-10,female,Single,1.04,5.0,3.18,4.19,5,1.88,2.64,2.63,5.0,1.84,1.81,,1.84,0.0,0.0,0.0,0.53,1.0,0.99,,1.02
5-10,male,Single,1.06,5.0,5.0,5.0,5,1.88,2.64,2.62,5.0,1.82,1.79,1.8,1.82,0.0,0.0,0.0,0.58,1.01,1.0,1.01,1.03
<5,male,Single,1.07,5.0,5.0,5.0,5,1.87,2.62,2.61,5.0,1.8,1.78,1.79,1.81,0.0,0.0,,0.58,0.62,1.01,1.02,1.04
<5,male,Single,1.08,5.0,3.21,4.21,5,1.88,2.62,2.6,5.0,1.77,1.76,1.77,1.8,0.0,0.0,0.0,0.59,0.62,1.02,1.03,1.06
<5,male,Single,1.09,5.0,3.22,4.22,5,1.88,2.61,2.6,2.63,1.76,1.75,1.76,1.78,,0.0,0.0,0.59,0.62,1.03,1.04,1.06
<5,female,Single,1.1,5.0,5.0,4.22,5,1.87,2.6,1.79,2.61,1.75,1.74,1.75,1.77,0.0,0.0,0.0,0.61,0.54,1.04,,1.73
<5,male,Single,1.95,5.0,5.0,4.23,5,1.87,2.6,1.78,5.0,1.74,1.73,1.74,1.75,0.0,0.0,0.0,0.6,0.54,1.05,1.16,1.09
<5,?,Single,1.12,5.0,3.25,4.23,5,1.87,2.59,1.77,2.64,1.72,1.72,1.74,1.75,0.0,0.0,0.0,0.61,0.53,1.06,1.76,1.75
<5,male,Single,1.12,5.0,5.0,4.24,5,1.87,2.59,1.76,3.87,1.72,1.71,1.75,1.73,0.0,0.0,,0.62,0.53,1.07,1.1,1.75
<5,female,Single,1.12,5.0,5.0,4.24,5,1.87,2.05,1.75,2.6,1.71,1.7,1.72,1.83,0.0,0.0,0.0,0.0,1.08,1.08,1.08,1.61
<5,male,Single,1.12,5.0,5.0,4.23,5,1.87,2.05,1.76,2.59,1.71,1.7,1.72,1.83,0.0,0.0,0.0,0.0,0.52,1.07,1.09,1.61
<5,female,Single,1.12,5.0,5.0,4.24,5,1.87,2.05,1.76,2.59,1.72,1.71,1.72,1.83,0.0,0.0,0.0,0.0,0.52,1.07,1.08,1.75
<5,male,Single,1.81,5.0,5.0,4.24,5,1.87,2.05,1.76,2.59,1.72,1.71,1.72,1.84,0.0,0.0,0.0,0.0,0.52,1.07,1.08,1.75
<5,female,Single,1.81,5.0,5.0,4.23,5,1.87,2.6,1.76,2.59,1.72,1.71,1.72,1.84,0.0,0.0,0.0,0.0,0.52,1.07,1.07,1.59
<5,female,Single,1.81,5.0,5.0,4.24,5,1.88,2.05,1.76,2.59,1.72,1.71,1.72,1.76,0.0,0.0,0.0,0.0,0.51,1.07,1.07,1.75
<5,female,Single,1.6,5.0,5.0,4.24,5,1.9,2.05,1.77,2.59,1.72,1.71,1.72,1.84,0.0,0.0,0.0,0.0,0.51,1.07,1.07,1.75
<5,female,Single,1.6,5.0,5.0,4.25,5,5.0,2.05,1.76,2.58,1.72,1.71,1.72,1.75,0.0,0.0,,0.0,0.51,1.07,1.07,1.75
5-10,male,Single,1.78,5.0,5.0,5.0,5,1.9,2.05,1.77,2.59,1.72,1.71,1.72,1.49,0.0,,0.0,4.24,0.5,1.07,1.07,1.75
5-10,male,Single,1.59,5.0,5.0,5.0,5,1.91,2.06,1.77,2.59,1.72,1.71,1.72,1.49,,0.0,0.0,0.54,0.5,0.56,1.07,1.75
5-10,female,Single,1.59,5.0,5.0,3.26,5,5.0,2.01,1.77,2.59,1.73,1.71,1.71,1.49,,0.0,0.0,0.51,0.0,0.55,1.07,1.09
5-10,male,Single,1.59,,1.84,,5,5.0,2.01,1.78,2.59,1.73,1.71,1.71,1.49,0.0,,0.0,0.51,0.0,1.07,1.07,1.08
5-10,male,Single,1.78,1.98,1.83,5.0,5,5.0,2.01,1.78,2.59,1.73,1.71,1.71,1.49,0.0,0.0,0.0,0.51,0.0,1.08,1.07,1.08
5-10,,Single,1.78,1.98,1.83,3.26,5,5.0,2.01,1.78,2.59,1.72,1.71,1.71,1.49,0.0,0.0,0.0,0.51,0.0,1.08,1.07,1.08
5-10,male,Single,1.78,1.15,1.83,3.26,5,5.0,2.01,1.78,2.59,1.72,1.71,1.71,1.49,0.0,0.0,0.0,0.51,0.0,1.07,1.06,1.08
5-10,male,Single,1.78,1.98,1.83,3.26,5,5.0,2.01,1.78,2.59,1.73,1.71,1.71,1.72,0.0,0.0,0.0,0.51,0.0,1.08,1.06,1.08
5-10,?,Single,1.78,5.0,1.83,3.26,5,5.0,2.01,1.78,2.59,1.72,1.71,1.71,1.5,0.0,0.0,0.0,0.51,0.0,,1.07,1.08
5-10,female,Single,1.78,1.15,1.84,3.26,5,5.0,2.01,1.78,2.59,1.72,1.71,1.71,1.49,0.0,0.0,0.0,0.51,0.0,1.08,1.07,1.09
5-10,female,Single,1.78,1.15,1.83,3.26,5,5.0,2.01,1.78,2.59,1.72,1.71,1.71,1.49,0.0,0.0,0.0,0.51,0.0,1.07,1.07,1.09
5-10,,Single,1.78,1.82,1.83,3.26,5,5.0,2.01,1.78,2.59,1.72,1.71,1.71,1.49,0.0,0.0,0.0,0.51,0.0,1.07,1.06,1.08
5-10,female,Single,1.78,1.98,1.83,3.26,5,5.0,2.01,1.78,2.59,1.72,1.71,1.71,1.49,,0.0,0.0,0.51,0.0,1.07,1.07,1.08
5-10,?,Single,1.78,1.82,1.83,3.26,5,5.0,2.01,1.78,2.61,1.72,1.71,1.71,1.5,0.0,0.0,0.0,0.51,0.0,1.08,,1.08
5-10,male,Single,1.78,1.81,1.83,3.26,5,5.0,2.01,1.78,2.59,1.73,1.71,1.71,1.73,0.0,0.0,0.0,0.51,0.0,,1.06,1.08
5-10,female,Single,1.78,1.82,1.83,3.27,5,5.0,1.96,1.78,2.59,1.72,1.71,1.71,1.73,0.0,0.0,0.0,0.5,0.0,1.07,1.07,1.08
5-10,female,Single,1.78,1.15,1.83,3.27,5,5.0,1.96,1.78,2.59,1.72,1.71,1.71,1.49,0.0,0.0,0.0,0.5,0.0,1.08,1.06,1.08
5-10,female,Single,1.11,1.15,1.83,3.26,5,5.0,1.96,2.58,2.59,1.72,1.71,1.71,1.72,0.0,0.0,0.0,0.0,0.0,1.08,1.07,1.08
5-10,male,Single,1.77,1.15,1.84,3.27,5,5.0,1.98,2.59,2.58,1.72,1.71,1.71,1.72,0.0,0.0,0.0,0.0,0.0,1.08,1.07,1.08
5-10,female,Single,1.77,1.15,1.84,3.26,5,5.0,2.01,1.78,2.59,1.72,1.71,1.71,1.72,0.0,0.0,0.0,0.0,0.0,1.08,1.07,1.08
5-10,,Single,1.11,1.15,1.83,3.26,5,5.0,2.01,2.59,2.58,1.72,1.71,1.71,1.72,0.0,0.0,0.0,0.0,0.0,1.08,1.07,1.08
5-10,male,Single,1.77,1.14,1.84,3.26,5,5.0,2.01,2.58,2.59,1.72,1.71,1.71,1.72,0.0,0.0,0.0,0.0,0.0,1.08,1.07,1.08
5-10,male,Single,1.77,1.14,1.84,3.27,5,5.0,1.98,2.58,2.58,1.72,1.71,1.71,1.72,0.0,,,0.0,0.0,,1.07,1.08
5-10,male,Single,1.11,1.15,1.84,3.26,5,5.0,2.0,1.78,2.58,1.72,1.71,1.7,1.72,0.0,,0.0,0.0,0.0,1.56,1.07,1.08
5-10,female,Single,1.11,1.15,5.0,3.27,5,5.0,2.0,1.77,2.58,1.73,1.7,1.7,1.71,0.0,0.0,0.0,0.0,0.0,1.56,1.07,1.09
5-10,male,Single,1.11,1.99,5.0,3.27,5,5.0,2.0,1.77,2.57,5,1.7,1.69,1.7,0.0,0.0,0.0,0.0,0.0,1.57,1.08,1.09
5-10,male,Single,1.12,1.99,5.0,3.28,4,5.0,2.0,1.76,2.57,5,1.69,1.68,1.69,1.78,0.0,0.0,0.0,0.0,5.0,1.08,1.1
5-10,female,Single,1.13,2.0,5.0,3.29,4,5.0,1.96,1.75,2.56,5,1.68,1.67,1.69,0.0,0.0,0.0,0.0,0.0,5.0,1.09,1.11
5-10,male,Single,1.13,2.02,5.0,3.3,4,5.0,1.95,1.75,2.56,2.57,1.67,1.67,1.68,1.76,0.0,0.0,0.0,0.0,1.11,1.1,1.11
5-10,male,Single,1.14,2.03,5.0,5.0,4,5.0,1.76,,2.55,5,1.66,1.66,1.67,1.75,0.0,0.0,0.0,0.63,1.12,1.11,1.12
5-10,female,Single,1.14,,5.0,5.0,4,5.0,1.75,2.54,2.54,1.67,1.66,1.65,1.65,1.81,0.0,0.0,0.0,0.64,1.13,1.12,1.14
5-10,female,Single,1.15,2.06,5.0,5.0,4,5.0,1.95,2.54,2.53,1.67,1.65,1.64,1.65,1.8,0.0,0.0,0.0,0.65,1.14,1.12,1.83
5-10,male,Single,1.16,2.07,5.0,5.0,4,5.0,1.92,2.53,2.53,1.65,1.63,1.63,1.63,3.11,0.0,0.0,0.0,4.27,1.15,1.13,1.63
5-10,male,Single,1.17,2.07,5.0,5.0,4,5.0,1.9,2.52,2.52,1.64,1.62,1.62,1.63,0.0,0.0,0.0,0.0,1.63,1.16,1.14,1.16
5-10,male,Single,1.85,2.08,5.0,5.0,4,5.0,1.88,2.52,2.51,1.63,1.61,1.61,1.62,,0.0,0.0,0.0,1.94,1.18,1.15,1.17
5-10,male,Single,1.66,2.08,5.0,3.35,4,5.0,1.88,2.51,1.68,1.62,1.6,1.6,1.61,0.0,0.0,0.0,0.0,4.29,5.0,1.16,1.18
5-10,female,Single,1.67,2.09,5.0,5.0,4,5.0,1.88,1.69,1.67,1.61,1.59,1.59,1.6,0.0,0.0,0.0,0.0,4.29,1.93,1.17,1.21
5-10,?,Single,1.68,2.1,5.0,5.0,4,5.0,1.87,1.68,1.66,1.6,1.58,1.58,1.58,0.0,0.0,0.0,0.0,,0.69,1.18,1.22
5-10,female,Single,1.69,2.11,5.0,5.0,4,5.0,1.86,1.66,1.65,1.59,1.57,1.57,1.59,3.08,0.0,0.0,0.0,4.3,0.69,1.19,1.2
5-10,female,Single,1.32,2.11,5.0,5.0,4,5.0,1.86,1.66,1.64,1.59,1.56,1.56,1.57,1.72,0.0,0.0,0.0,4.31,0.51,1.2,1.24
5-10,male,Single,1.7,2.12,5.0,5.0,4,5.0,1.67,1.65,1.63,1.58,1.56,1.55,1.55,1.66,0.0,0.0,0.0,4.32,0.51,1.21,1.24
5-10,female,Single,1.33,2.13,5.0,5.0,4,5.0,1.85,2.48,1.63,1.57,1.55,1.54,1.56,0.65,0.0,0.0,0.0,0.0,0.71,1.22,1.23
<5,male,Single,1.26,2.14,5.0,5.0,5,5.0,1.85,2.47,1.62,1.57,1.54,1.53,1.54,0.63,0.0,0.0,0.0,0.0,0.71,1.23,1.23
<5,male,Single,1.26,2.15,5.0,5.0,4,5.0,1.84,2.47,1.61,1.56,1.53,1.52,1.53,0.62,0.0,0.0,0.0,0.0,0.51,1.28,1.24
<5,male,Single,1.27,2.16,5.0,5.0,4,5.0,1.84,2.46,1.6,1.56,1.52,1.51,1.52,0.62,0.0,0.0,0.0,0.0,0.51,,1.25
<5,male,Single,1.27,2.18,5.0,5.0,4,5.0,1.84,2.48,1.59,2.47,1.51,1.5,1.5,0.61,0.0,0.0,0.0,0.0,0.51,1.26,1.26
<5,male,Single,1.28,2.18,5.0,5.0,4,5.0,1.83,2.44,1.58,2.45,1.5,1.49,1.49,,0.0,0.0,0.0,0.0,0.51,1.27,1.27
<5,female,Single,1.29,2.2,5.0,5.0,4,5.0,1.83,2.47,1.57,2.45,1.49,1.48,1.48,0.51,0.0,0.0,0.0,0.0,0.51,1.28,1.28
<5,male,Single,1.3,2.21,5.0,5.0,4,5.0,1.83,2.43,1.56,2.44,1.48,1.47,1.47,0.62,0.0,0.0,0.0,0.0,0.51,1.29,1.29
<5,female,Single,1.31,2.22,5.0,5.0,5,5.0,1.83,1.85,1.55,2.43,1.47,1.46,1.46,0.51,0.0,0.0,0.0,0.0,0.51,1.3,1.3
<5,male,Single,1.32,2.22,5.0,5.0,5,5.0,1.82,1.84,2.39,2.42,1.46,1.45,1.45,0.51,0.0,,0.0,0.0,0.51,1.32,1.31
<5,male,Single,1.33,2.23,5.0,5.0,5,5.0,1.82,1.83,2.38,2.42,1.45,1.44,1.44,0.52,0.0,0.0,0.0,0.0,0.51,1.33,1.32
<5,male,Single,1.34,1.37,5.0,5.0,4,5.0,1.81,1.83,2.38,2.39,1.44,1.43,1.42,0.51,0.0,0.0,0.0,0.0,0.51,1.36,1.33
<5,male,Single,1.35,1.37,1.42,5.0,4,5.0,1.81,1.83,2.37,2.39,1.43,1.42,1.41,0.52,0.0,0.0,0.0,0.0,5.0,1.65,1.34
<5,male,Single,1.36,1.38,1.41,5.0,4,5.0,1.81,1.82,2.36,2.37,1.42,1.41,1.41,0.52,0.0,0.0,0.0,0.0,4.39,5.0,1.35
<5,male,Single,1.37,1.39,1.42,5.0,4,5.0,1.81,1.82,2.35,1.87,1.41,1.4,1.4,0.52,0.0,0.0,0.0,,2.38,1.67,1.36
<5,female,Single,1.38,1.4,1.42,5.0,4,5.0,1.8,1.82,2.35,2.36,1.41,1.39,1.39,0.52,0.0,0.0,0.0,0.0,5.0,1.68,1.37
<5,female,Single,1.39,1.41,1.43,5.0,5,1.81,1.8,1.81,2.34,1.88,1.4,1.38,1.38,0.53,0.0,0.0,0.0,0.0,5.0,0.85,1.38
<5,male,Single,1.4,1.41,1.44,5.0,5,1.81,1.8,1.81,2.33,2.34,1.39,1.38,1.37,0.53,0.5,0.0,0.0,0.0,5.0,0.85,1.38
<5,male,Single,1.41,1.42,1.45,5.0,5,1.81,1.79,1.81,2.32,1.87,1.41,1.37,1.36,0.53,0.51,0.0,0.0,0.0,5.0,0.86,1.39
<5,male,Single,1.41,1.43,1.46,5.0,5,1.8,1.79,1.8,2.32,1.85,1.59,1.37,1.35,0.54,0.52,0.51,0.0,0.5,4.43,0.58,1.4
<5,male,Single,1.42,1.44,1.47,5.0,5,1.8,1.79,1.8,1.85,1.87,1.58,1.35,1.34,,0.52,0.0,0.0,0.0,5.0,0.87,1.41
<5,male,Single,1.43,1.45,1.47,3.56,5,1.8,1.79,1.8,2.3,1.84,5.0,1.34,1.33,0.55,,0.5,0.0,0.5,4.44,0.58,1.42
<5,,Single,1.44,1.47,1.49,5.0,5,1.79,1.78,1.79,1.82,1.84,5.0,1.33,1.32,0.55,0.52,0.5,0.0,0.5,5.0,0.89,1.43
<5,female,Single,1.46,2.19,1.5,3.57,5,1.79,1.78,1.79,2.28,2.29,5.0,1.33,1.31,1.52,0.52,0.5,0.0,0.51,5.0,0.9,1.44
<5,male,Single,1.47,2.2,1.5,5.0,5,1.79,1.78,1.79,2.28,1.83,5.0,1.31,1.3,1.51,0.52,0.51,0.0,0.51,5.0,0.91,1.45
<5,male,Single,1.48,2.2,1.52,5.0,5,1.78,1.77,1.78,2.27,2.27,5.0,1.3,1.29,1.47,0.53,,0.5,0.51,5.0,0.92,1.46
<5,female,Single,1.6,2.21,1.53,5.0,5,1.78,1.77,1.78,2.26,2.26,1.31,1.29,1.28,1.34,0.53,0.51,0.5,0.51,5.0,0.93,1.48
<5,female,Married,1.57,2.21,5.0,,5,1.78,1.77,1.78,2.25,2.26,1.29,1.28,1.27,0.57,0.54,0.51,0.51,0.51,5.0,0.95,1.49
<5,female,Married,1.54,2.22,5.0,5.0,5,1.78,1.76,1.77,2.24,2.24,1.28,1.27,1.26,1.32,0.54,0.52,0.51,0.52,5.0,0.96,1.5
<5,?,Married,1.55,2.23,5.0,5.0,5,1.77,1.76,1.77,2.23,2.23,1.27,1.25,1.24,1.3,0.55,,0.52,0.52,5.0,0.58,1.52
<5,male,Married,1.54,2.27,5.0,5.0,5,1.77,1.75,1.76,2.22,2.22,1.27,1.24,1.23,0.59,0.55,0.53,0.52,0.53,5.0,0.58,1.53
<5,male,Married,1.56,2.28,5.0,5.0,5,1.76,1.74,1.75,2.2,2.2,5.0,1.22,1.21,0.59,0.56,,0.53,,5.0,0.59,1.55
<5,female,Married,1.57,2.29,5.0,5.0,2,1.75,1.74,1.75,1.83,2.19,5.0,1.21,1.19,0.6,0.56,0.54,0.53,0.54,5.0,0.59,1.57
<5,female,Married,1.59,2.31,5.0,5.0,2,1.75,1.73,1.75,1.81,2.17,5.0,1.19,1.18,0.6,,0.55,0.54,0.55,5.0,0.6,1.58
<5,male,Married,1.6,2.33,5.0,1.68,5,1.74,1.72,1.76,1.78,2.16,5.0,1.17,1.16,1.38,0.58,0.55,0.55,0.55,5.0,0.61,1.6
<5,female,Married,1.62,2.34,5.0,1.7,2,1.73,1.72,1.76,1.77,2.14,2.16,1.16,1.14,1.36,0.59,0.56,0.55,0.56,5.0,0.61,1.63
>10,?,Married,0.68,2.36,2.6,5.0,2,1.72,1.71,1.73,1.77,2.12,2.15,1.14,1.13,1.35,0.59,0.57,0.56,0.57,5.0,0.62,1.64
<5,female,Married,0.69,2.38,2.61,5.0,5,1.71,1.7,1.73,2.11,2.11,1.14,1.13,1.11,1.16,1.94,0.58,0.57,0.58,5.0,4.55,1.67
<5,male,Single,0.7,2.4,2.62,5.0,5,1.71,1.69,1.72,1.75,2.09,1.12,5.0,1.09,1.03,0.61,0.59,0.58,0.58,5.0,4.56,1.68
<5,male,Married,,2.42,5.0,5.0,5,1.7,1.68,1.7,1.73,2.07,1.1,5.0,1.07,1.02,1.33,0.6,0.58,0.59,5.0,4.57,1.7
<5,male,Married,0.71,2.44,2.67,1.8,5,1.69,1.67,1.68,1.78,2.05,1.08,1.07,1.05,1.01,0.63,0.61,0.6,0.6,5.0,4.58,1.18
<5,female,Single,0.71,2.47,2.68,5.0,5,1.69,1.66,1.69,1.69,2.04,1.06,1.05,1.03,1.01,0.64,0.62,0.6,0.61,5.0,4.59,1.2
<5,female,Single,0.72,2.49,2.7,5.0,5,1.67,1.65,1.66,1.69,2.02,1.04,1.03,1.01,1.27,0.64,0.63,0.61,0.62,5.0,0.68,1.78
<5,female,Married,0.73,2.5,2.72,1.86,5,1.67,1.65,1.65,1.67,1.71,1.03,1.01,1.0,1.26,0.66,0.63,0.62,0.63,5.0,4.62,1.24
<5,?,Married,0.74,2.52,2.73,5.0,5,1.66,1.64,,1.66,1.98,1.01,0.99,0.98,1.25,0.67,,0.63,0.64,5.0,0.69,1.27
<5,female,Married,0.74,2.53,2.73,5.0,5,1.65,1.63,1.63,1.65,1.97,0.99,0.97,0.96,1.24,0.68,0.65,0.64,0.64,5.0,4.64,1.27
<5,male,Married,0.75,2.55,2.75,5.0,5,1.64,1.62,1.62,1.63,1.95,0.97,0.95,0.94,1.21,0.69,0.66,0.65,0.65,5.0,4.65,0.74
<5,male,Married,0.77,2.57,2.78,5.0,5,1.64,1.61,1.6,1.62,1.93,0.96,0.93,0.92,1.19,0.7,0.67,0.66,0.66,5.0,4.66,1.31
<5,male,Married,1.89,2.61,2.76,5.0,5,1.63,1.6,1.59,1.61,1.91,0.94,0.92,0.9,1.18,0.71,0.68,0.66,0.67,5.0,4.67,1.33
<5,female,Single,1.91,2.64,2.78,5.0,5,1.62,1.59,1.59,1.6,1.89,0.92,0.9,0.88,1.17,0.72,0.69,0.67,0.68,0.69,4.68,1.35
<5,male,Married,1.93,2.66,2.8,5.0,5,1.62,1.57,1.57,1.58,1.88,0.9,0.88,0.86,1.16,0.73,0.7,0.68,0.69,0.71,4.69,1.37
<5,female,Married,0.8,2.65,2.81,5.0,5,1.6,1.56,1.56,1.57,1.86,0.88,0.86,0.85,1.15,0.74,0.71,0.69,0.7,0.72,0.78,1.39
<5,female,Married,0.8,,2.83,5.0,5,1.6,1.55,1.55,1.56,1.84,0.87,0.85,0.83,1.14,0.75,,0.7,0.72,0.75,4.71,0.78
<5,female,Married,0.81,2.68,2.85,5.0,5,1.58,1.54,1.54,1.56,1.83,0.85,0.83,0.81,1.13,0.76,0.73,0.71,0.72,0.74,0.76,0.79
<5,male,Single,0.82,2.7,2.86,5.0,5,5.0,1.53,1.53,1.55,1.81,0.84,0.82,0.8,1.13,0.77,0.73,0.72,0.73,0.75,4.73,1.45
<5,female,Single,0.82,2.7,2.87,5.0,5,5.0,1.53,1.53,1.54,1.8,1.82,0.81,0.79,0.84,0.94,0.74,0.72,0.73,0.75,0.8,0.81
<5,female,Single,0.82,2.72,2.87,5.0,5,1.56,1.53,1.53,1.54,1.8,1.82,0.84,0.79,1.16,1.16,0.75,0.73,0.72,0.74,0.82,0.8
<5,?,Married,2.01,2.73,2.87,2.89,5,1.57,1.56,1.53,1.54,1.57,1.81,0.84,0.8,1.17,1.16,1.18,0.72,0.72,0.73,0.76,0.78
<5,female,Single,2.01,2.72,2.86,2.89,5,1.57,1.55,1.53,1.54,1.57,1.82,5.0,0.82,1.16,1.19,1.18,0.72,0.72,0.73,0.76,0.78
<5,female,Single,2.01,2.72,2.87,2.89,5,5.0,1.55,1.53,1.54,1.56,1.82,1.62,0.8,1.17,1.19,1.18,0.73,,0.73,0.75,0.78
<5,male,Single,2.01,2.72,2.86,2.89,5,1.57,1.56,1.53,1.54,1.57,1.82,5.0,0.82,1.17,1.19,1.18,0.73,0.72,0.73,0.75,0.78
<5,female,Single,2.01,2.73,2.86,2.89,5,1.57,1.55,1.53,1.54,1.58,1.82,1.62,0.8,0.83,1.18,1.17,0.73,,,0.75,0.78
<5,male,Single,1.49,2.73,2.86,2.89,5,1.57,1.55,1.53,1.54,1.56,1.59,1.6,0.83,1.16,1.16,1.18,0.72,0.72,0.73,0.75,0.78
<5,male,Single,1.47,2.73,2.87,2.89,5,1.57,1.55,1.53,1.54,1.56,1.59,,0.82,0.82,1.16,,0.72,0.72,0.73,0.75,0.77
<5,female,Single,1.47,2.73,2.87,2.89,5,1.57,1.54,1.53,1.54,1.56,1.59,1.62,0.79,0.81,1.13,0.75,0.72,0.71,0.72,0.75,0.77
<5,female,Single,1.46,2.73,2.87,2.89,5,1.57,1.54,1.53,1.54,1.56,1.59,0.81,0.79,0.81,1.13,0.75,0.72,0.71,0.72,0.74,0.77
<5,male,Single,0.79,2.74,2.87,5.0,5,1.58,1.54,1.53,1.56,1.56,1.82,0.81,0.79,0.81,1.12,0.75,0.72,0.71,0.72,0.74,0.77
<5,male,Single,1.46,2.03,2.87,5.0,5,1.58,1.55,1.54,1.54,1.57,1.84,0.81,0.79,0.8,1.11,0.75,0.72,0.71,0.72,0.74,0.76
<5,male,Single,0.81,2.02,2.81,5.0,5,1.59,1.56,1.54,1.54,1.56,1.58,1.63,0.79,0.8,0.78,0.74,0.72,0.71,0.72,0.74,0.76
<5,male,Single,1.45,2.02,2.72,2.88,5,5.0,1.56,1.54,1.54,1.58,1.81,1.83,0.79,0.81,0.78,0.75,0.72,0.71,0.74,5.0,4.75
<5,male,Single,1.45,2.02,2.72,2.88,5,1.62,1.56,1.54,1.54,1.56,0.87,1.83,0.79,1.56,0.78,0.75,0.72,0.71,0.71,0.73,4.76
<5,female,Single,0.77,0.86,2.72,2.88,5,1.6,1.58,1.55,1.54,1.56,1.81,1.83,0.8,0.81,0.79,,0.73,0.71,0.71,0.72,0.77
<5,female,Married,0.76,0.85,2.72,2.88,5,1.61,1.57,1.55,1.54,1.55,0.88,1.61,5.0,0.78,0.83,1.14,0.73,0.71,0.7,0.72,0.75
<5,male,Single,0.76,2.02,2.74,2.88,5,1.63,1.58,1.57,1.54,1.55,1.58,1.62,5.0,0.78,1.14,1.17,1.16,,0.7,0.71,0.74
<5,female,Single,0.76,1.47,2.73,2.88,5,1.61,1.58,1.56,1.54,1.55,1.58,,5.0,0.78,0.81,1.14,0.73,0.71,0.7,0.71,0.73
<5,,Single,0.75,0.8,2.73,2.88,5,1.62,1.58,1.56,1.55,1.56,1.57,1.61,5.0,0.77,1.15,1.13,1.17,0.7,0.7,,0.73
<5,female,Single,0.75,0.79,2.03,2.88,5,1.64,1.59,1.56,1.55,1.57,1.57,1.83,5.0,0.78,0.79,1.1,0.73,0.7,0.7,0.7,0.73
<5,male,Single,0.74,1.46,2.03,2.72,5,5.0,1.6,1.57,1.55,1.57,1.58,1.61,5.0,,,1.09,0.9,0.7,0.69,0.7,0.72
<5,female,Single,0.74,0.78,2.02,2.73,5,5.0,1.61,1.58,1.55,1.56,1.58,1.61,5.0,0.77,1.17,1.09,0.85,0.7,0.69,0.7,0.74
<5,female,Single,0.73,0.79,2.02,2.72,3,5.0,4.76,1.58,1.56,1.56,1.58,1.61,1.84,0.77,0.78,0.83,0.75,0.71,0.69,0.69,0.74
<5,female,Single,0.73,0.78,2.02,2.73,3,5.0,4.77,5.0,1.56,1.55,1.57,1.6,1.83,0.76,0.82,1.13,0.83,0.71,0.69,0.69,0.72
<5,female,Single,0.74,0.76,2.03,2.73,3,5.0,1.62,5.0,1.59,1.55,1.57,1.6,1.83,0.76,0.77,1.13,0.82,0.72,0.7,0.69,0.71
>10,male,Single,0.73,0.75,2.03,2.74,3,5.0,1.62,5.0,1.56,1.56,1.57,1.59,1.83,0.76,0.77,0.79,0.82,0.71,0.7,0.69,0.7
5-10,female,Single,0.73,0.75,2.03,2.74,3,5.0,1.62,5.0,1.56,1.56,1.56,1.59,1.61,0.75,0.77,1.13,0.82,0.71,0.7,0.69,0.7
5-10,female,Single,0.72,0.75,1.47,2.75,3,5.0,1.61,,1.57,1.56,1.56,1.6,1.83,0.75,0.76,1.18,0.75,0.71,0.7,0.69,0.69
>10,,Single,0.71,0.74,1.47,2.75,3,5.0,1.62,1.6,1.57,1.56,1.56,1.81,1.83,0.75,0.76,1.15,0.75,0.71,0.69,0.69,0.69
<5,female,Single,0.71,0.75,1.47,2.75,3,5.0,1.62,1.6,1.57,1.56,1.56,1.81,1.82,0.75,0.76,1.15,1.08,0.71,0.7,0.69,0.69
<5,male,Single,0.72,0.75,1.47,2.75,3,5.0,1.61,1.6,1.56,1.55,1.56,1.81,3.91,0.75,0.75,0.79,1.08,0.72,0.7,0.69,0.7
<5,male,Single,0.72,0.76,1.48,2.76,3,5.0,1.61,1.59,1.56,1.55,1.56,,1.81,0.75,0.75,1.79,,0.72,0.71,0.7,0.7
<5,male,Single,0.73,0.76,0.81,2.76,3,5.0,1.6,1.58,1.55,1.54,1.55,1.58,1.81,0.74,0.75,0.77,1.08,0.73,0.71,0.71,0.71
5-10,?,Single,0.74,0.77,0.81,2.06,3,5.0,1.59,1.58,1.54,1.53,1.54,1.78,1.81,0.74,0.74,0.77,1.08,0.74,0.72,0.71,0.72
5-10,female,Married,0.75,0.77,1.5,2.07,3,5.0,1.59,1.57,1.53,1.52,1.54,1.78,1.8,0.73,0.74,0.76,1.09,0.75,0.73,0.72,0.73
5-10,male,Single,0.75,0.78,1.51,2.07,3,5.0,1.58,5.0,1.53,1.52,1.52,1.77,1.84,0.73,0.74,0.76,1.09,0.76,0.74,0.73,0.74
>10,male,Single,0.76,0.79,1.51,2.08,3,5.0,1.58,5.0,1.52,1.51,1.52,1.76,1.77,0.73,0.73,0.75,0.81,0.76,0.74,0.73,0.74
5-10,?,Single,0.76,0.8,1.52,2.08,3,5.0,1.57,5.0,1.52,1.5,1.51,1.56,1.76,0.72,0.73,0.75,1.09,0.77,0.75,0.74,0.75
5-10,female,Single,0.78,0.81,1.53,2.09,3,5.0,1.56,5.0,1.51,1.49,1.51,1.56,1.75,0.72,0.73,0.76,0.82,0.78,0.76,0.75,0.76
>10,female,Single,0.79,0.82,1.54,2.1,3,5.0,1.56,5.0,1.5,1.48,1.49,1.55,1.74,0.72,0.72,0.75,0.77,0.79,0.77,0.76,0.77
>10,female,Single,0.8,0.83,1.55,2.11,3,5.0,1.55,5.0,1.49,1.47,1.49,1.72,1.73,0.71,0.72,0.73,0.76,0.8,0.78,0.77,0.78
5-10,female,Single,0.81,5.0,1.55,2.12,3,5.0,1.54,5.0,1.47,1.46,1.47,1.49,1.71,0.71,0.71,0.73,0.76,0.82,0.8,0.79,0.82
>10,female,Single,0.84,5.0,1.57,2.13,3,5.0,5.0,5.0,1.46,1.44,1.45,1.48,1.69,0.7,0.71,0.73,0.75,0.83,0.82,0.8,0.83
5-10,female,Single,0.86,,1.58,2.14,3,5.0,5.0,5.0,1.44,1.43,1.43,1.45,1.68,0.69,0.71,0.72,0.74,,0.83,0.82,0.84
>10,female,Single,0.87,0.91,1.6,2.15,3,5.0,5.0,5.0,1.43,1.41,1.41,1.44,1.66,0.69,0.71,0.71,1.19,0.87,0.85,0.83,0.87
5-10,female,Single,0.89,5.0,1.61,2.16,2,5.0,5.0,5.0,1.41,1.4,1.4,1.42,1.64,0.68,0.7,0.71,0.73,0.88,0.86,0.85,0.87
5-10,male,Single,0.91,5.0,1.63,2.18,3,5.0,5.0,5.0,1.39,1.38,1.38,1.41,1.62,0.68,0.69,0.71,0.73,0.9,0.88,0.87,0.89
5-10,female,Single,0.93,5.0,1.65,2.19,3,5.0,5.0,5.0,1.37,1.36,1.36,1.6,1.61,0.67,0.68,0.7,0.72,0.92,0.9,0.89,0.91
5-10,female,Single,0.94,5.0,1.66,2.2,3,5.0,5.0,5.0,1.36,1.34,1.34,1.43,1.59,0.66,0.68,0.69,0.71,0.94,0.92,0.9,0.91
>10,female,Single,0.97,5.0,1.68,2.22,3,5.0,1.42,5.0,1.34,1.32,1.32,1.37,1.57,0.66,0.67,0.69,0.71,0.96,0.94,0.92,0.94
5-10,,Single,0.98,5.98,1.7,2.23,3,5.0,5.0,5.0,1.32,1.3,1.31,1.35,1.55,0.65,0.66,0.68,0.7,0.98,0.96,0.94,0.96
>10,female,Single,1.0,5.0,1.71,2.25,3,5.0,5.0,5.0,1.31,1.29,1.29,1.34,1.53,0.65,0.66,0.67,0.69,0.99,0.98,0.96,0.97
>10,female,Single,1.02,5.0,1.73,2.26,3,5.0,5.0,5.0,1.28,1.27,1.27,1.51,1.51,0.64,,,0.69,1.01,1.0,0.98,0.99
>10,female,Single,1.04,2.29,1.75,2.27,3,5.0,1.31,5.0,1.26,1.25,1.25,1.49,1.49,0.63,0.65,0.66,0.69,1.03,1.02,1.0,1.03
>10,female,Single,1.06,2.31,1.77,2.29,3,5.0,1.29,5.0,1.24,1.23,1.23,,1.47,0.63,0.64,0.65,0.68,1.05,1.03,1.02,1.34
>10,?,Single,1.08,2.32,2.3,2.3,3,5.0,1.27,5.0,1.22,1.21,1.21,1.45,1.45,0.62,0.63,0.65,0.67,1.07,1.05,1.04,1.12
>10,female,Single,1.1,1.13,2.32,2.32,3,5.0,1.25,5.0,1.2,1.19,1.19,1.43,1.43,0.62,0.63,0.65,0.67,1.09,1.07,1.06,1.08
>10,female,Single,1.12,2.35,2.33,2.33,3,5.0,5.0,5.0,1.18,1.17,1.19,1.41,1.41,,0.62,0.64,0.66,1.11,1.09,1.08,1.13
>10,?,Single,1.14,2.36,2.35,2.35,3,5.0,5.0,5.0,1.16,1.15,1.16,1.39,1.39,0.6,0.61,0.63,0.65,1.13,1.11,1.1,1.18
<5,female,Single,1.16,2.38,2.36,2.36,3,5.0,5.0,5.0,1.14,1.13,1.13,1.37,1.38,0.6,0.61,0.62,0.65,,1.13,1.12,1.13
>10,female,Single,1.18,5.0,2.38,2.38,3,5.0,1.17,5.0,1.12,1.11,1.11,1.35,1.36,0.59,0.6,0.62,0.64,1.17,1.15,1.14,1.42
>10,female,Single,1.48,1.51,2.39,2.39,3,5.0,3.92,5.0,1.1,1.09,1.1,1.33,1.34,0.58,0.59,0.61,0.64,1.19,1.17,1.15,1.18
>10,female,Single,5.0,1.52,2.4,2.4,3,5.0,1.13,5.0,1.08,1.07,1.1,1.31,1.32,0.58,0.59,0.6,0.63,1.2,1.19,1.17,1.2
>10,female,Single,2.64,1.52,2.42,2.42,3,5.0,1.11,5.0,1.07,1.05,1.08,1.3,1.3,0.57,0.58,0.6,0.62,1.22,1.21,1.19,1.22
>10,male,Single,1.26,1.27,2.43,2.43,3,5.0,1.09,5.0,1.05,1.03,1.04,,1.28,0.57,0.57,0.59,0.61,1.24,1.22,1.21,1.24
<5,?,Single,1.28,1.28,2.45,2.45,3,5.0,1.08,2.67,1.03,1.01,1.02,1.26,1.26,0.56,0.57,0.58,0.61,1.26,1.24,1.23,1.25
>10,female,Single,1.29,1.3,2.46,2.46,3,5.0,1.06,5.0,1.01,1,1.0,,1.24,0.55,0.56,0.58,0.6,,1.26,1.24,1.27
<5,female,Single,1.3,1.32,2.47,2.48,3,5.0,1.04,2.67,0.99,0.98,0.99,1.22,1.22,0.55,0.56,0.57,0.6,1.29,1.27,1.26,1.29
<5,female,Single,1.32,1.34,2.49,2.49,3,5.0,1.02,1.01,0.97,0.96,0.98,1.2,1.2,0.54,0.55,0.57,0.59,1.31,1.29,1.28,1.3
<5,male,Single,1.34,1.63,2.5,1.41,3,5.0,1.0,5.0,0.95,0.94,0.94,1.18,1.18,0.53,0.54,0.56,0.58,1.33,1.31,1.3,1.32
<5,,Single,1.36,1.42,2.52,2.52,3,5.0,0.98,5.0,0.94,0.92,0.93,1.17,1.16,0.53,0.54,3.22,0.57,1.35,1.33,1.32,1.34
<5,female,Single,1.38,1.41,2.53,2.54,3,5.0,0.97,2.66,0.92,0.9,0.91,1.15,1.14,0.52,0.53,0.56,0.57,1.37,1.35,1.34,1.38
<5,male,Single,1.4,1.42,2.55,1.47,3,5.0,0.95,5.0,0.9,0.89,0.89,1.13,1.12,0.52,0.53,,0.56,1.39,1.37,1.35,1.36
5-10,male,Single,1.41,1.44,2.56,,3,5.0,0.94,5.0,0.89,0.87,0.87,1.12,1.11,0.51,0.52,0.55,0.56,1.4,1.38,1.37,1.39
<5,male,Single,1.4,1.44,1.45,2.57,3,5.0,5.0,5.0,0.88,0.87,0.86,0.89,1.1,0.51,0.51,0.53,0.55,1.42,1.4,1.38,1.38
>10,male,Single,1.39,1.63,1.45,2.57,3,5.0,5.0,5.0,0.89,0.87,0.86,0.88,1.09,0.5,0.5,0.52,0.55,1.42,1.41,1.38,1.38
>10,male,Single,1.39,1.62,1.44,2.57,3,5.0,5.0,5.0,5.0,0.87,0.86,0.88,1.09,0.5,0.5,0.52,1.56,1.58,1.41,1.38,1.38
>10,female,Single,1.39,1.45,1.43,2.57,3,5.0,5.0,2.67,5.0,0.87,0.86,0.88,1.09,0.51,0.5,0.52,5.0,0.59,1.41,1.38,1.38
>10,female,Single,1.39,1.46,1.43,2.57,3,5.0,5.0,5.0,5.0,0.88,0.86,0.88,1.09,0.51,0.5,0.52,0.64,0.85,1.42,1.38,1.37
>10,female,Single,1.39,1.62,1.44,2.57,3,5.0,5.0,5.0,5.0,0.87,0.86,0.88,1.09,0.51,0.5,0.52,1.56,0.85,1.41,1.38,1.37
>10,female,Single,1.39,1.43,1.43,2.57,3,5.0,5.0,5.0,5.0,0.88,0.87,0.88,1.09,0.52,0.5,0.51,0.64,0.84,1.41,1.38,1.38
>10,?,Single,1.39,1.41,1.43,2.57,3,5.0,5.0,5.0,5.0,0.9,0.87,0.88,1.09,0.51,0.5,0.51,0.55,0.84,1.42,1.38,1.38
<5,female,Single,1.38,1.42,1.43,2.57,3,5.0,5.0,5.0,5.0,0.92,0.87,0.88,1.1,0.5,0.0,0.51,0.55,0.83,1.42,1.38,1.37
<5,female,Single,1.38,1.4,1.43,2.57,3,5.0,5.0,5.0,5.0,0.88,0.87,0.88,1.1,0.5,0.0,0.51,1.6,0.83,1.48,1.38,1.37
<5,male,Single,1.38,1.4,1.43,2.57,3,3.22,3.9,5.0,5.0,0.88,0.87,0.88,0.9,0.5,0.0,0.5,1.59,0.57,1.48,1.38,1.37
<5,female,Single,1.38,1.4,1.43,2.57,3,3.21,3.87,5.0,5.0,0.88,0.87,0.88,0.9,0.5,0.0,,2.72,0.56,1.48,1.39,1.37
<5,female,Single,1.38,1.42,1.43,2.57,3,3.21,3.87,5.0,1.17,0.88,0.87,0.87,0.9,0.5,0.0,0.5,0.53,0.56,1.48,1.41,1.37
<5,male,Single,1.38,1.41,1.43,2.57,3,3.21,3.88,5.0,1.17,0.88,0.87,0.87,0.9,0.5,0.0,0.5,3.25,0.56,1.48,1.39,1.37
<5,male,Single,1.38,1.41,1.43,2.57,3,3.21,5.0,0.93,1.17,0.88,0.87,0.87,0.9,0.5,0.0,0.5,0.53,0.82,1.43,1.41,1.37
<5,,Single,1.38,1.41,1.43,2.57,3,3.21,5.0,0.93,1.17,0.88,0.87,0.87,0.9,0.5,0.0,0.5,0.52,0.82,1.43,1.38,1.37
<5,?,Single,1.38,5.0,5.0,2.57,3,3.22,5.0,5.0,1.17,0.88,0.87,0.87,1.1,0.5,0.0,0.0,0.52,0.82,1.42,1.38,1.37
<5,male,Single,1.38,1.6,2.11,2.57,3,3.21,5.0,5.0,1.16,0.88,0.87,0.87,0.9,0.5,0.0,0.5,0.52,0.55,1.42,1.38,1.37
<5,?,Single,1.38,1.59,5.0,2.58,3,3.21,3.91,0.94,1.17,0.88,0.87,0.87,0.9,0.0,0.0,0.5,0.53,0.54,0.59,1.38,1.37
<5,female,Single,1.38,1.47,5.0,1.46,3,3.21,3.23,0.94,1.17,0.88,0.87,0.88,0.9,,0.0,0.0,0.57,0.54,0.59,1.38,1.37
<5,female,Single,1.38,1.41,1.42,1.45,3,3.21,5.0,0.94,5.0,0.89,0.87,0.88,0.91,0.5,0.0,0.0,0.54,0.53,0.59,1.39,1.37
<5,female,Single,1.38,1.41,1.42,1.45,3,3.21,3.23,5.0,5.0,0.89,0.87,0.87,0.91,0.5,0.0,0.0,0.54,0.53,0.59,1.4,1.37
<5,?,Single,1.37,1.39,1.42,1.44,3,3.21,5.0,5.0,5.0,5,0.87,0.87,1.1,0.51,0.0,0.0,0.51,0.52,1.54,1.42,1.37
<5,male,Single,1.37,1.39,1.42,1.44,3,3.21,3.22,5.0,5.0,5,0.87,0.87,0.89,0.52,0.0,0.0,0.5,1.44,1.56,1.42,1.37
<5,male,Single,1.37,1.39,1.42,1.43,3,3.21,3.22,5.0,5.0,5,0.88,0.87,0.89,0.57,0.0,0.0,0.0,1.44,0.82,1.41,1.37
<5,female,Single,1.37,1.38,1.41,1.43,3,3.21,3.22,5.0,5.0,5,0.88,0.87,0.88,0.6,0.0,0.0,0.0,1.55,0.81,1.41,1.38
<5,female,Single,1.37,1.38,1.43,1.42,3,3.22,5.0,5.0,5.0,5,0.88,0.87,0.88,0.59,0.0,0.0,0.0,1.46,0.81,1.4,1.42
<5,female,Single,1.37,1.38,1.42,1.42,3,3.22,5.0,5.0,5.0,0.9,0.88,0.87,0.88,0.52,0.0,0.0,0.0,1.55,0.81,1.4,1.38
<5,female,Single,1.37,,1.42,1.42,3,3.22,5.0,5.0,5.0,5,0.88,0.87,0.88,0.58,0.0,0.0,0.0,0.51,0.81,1.4,1.38
<5,male,Single,1.37,1.4,1.42,2.61,3,3.22,5.0,5.0,5.0,1.18,0.88,0.87,0.88,0.59,0.0,0.0,0.0,0.0,0.53,1.4,1.38
<5,male,Single,1.37,,1.42,5.0,1,3.22,3.23,5.0,5.0,1.19,0.88,0.87,0.87,0.52,0.0,0.0,0.0,0.0,0.52,,1.38
<5,?,Single,1.37,1.37,1.39,5.0,3,3.22,3.23,5.0,5.0,5,0.88,0.87,0.87,0.51,0.0,,0.0,0.0,0.52,1.42,1.39
<5,female,Single,1.37,1.37,1.39,5.0,3,3.22,3.23,5.0,5.0,5,0.89,0.87,0.87,0.51,0.0,0.0,0.0,0.0,5.0,1.42,1.39
<5,female,Single,1.38,1.37,1.39,1.41,1,3.22,3.23,5.0,5.0,5,1.04,0.88,0.87,0.51,0.58,0.0,0.0,0.0,1.48,0.8,1.42
<5,female,Single,1.39,1.37,1.39,1.41,1,3.22,3.23,3.25,5.0,5,5.0,0.92,0.86,0.52,0.0,0.0,0.0,0.0,3.26,0.8,1.47
<5,female,Single,1.42,1.37,1.38,1.41,1,3.22,3.23,3.26,5.0,5,0.9,0.88,0.87,1.08,0.0,0.0,0.0,0.0,1.48,0.8,1.47
<5,male,Single,1.38,,1.38,1.4,2,2.62,3.24,5.0,5.0,5,0.89,0.88,0.87,1.09,0.0,,0.0,0.0,1.57,0.53,1.41
<5,male,Single,0.57,1.37,1.38,1.58,1,2.61,3.24,5.0,5.0,5,0.9,0.88,0.86,1.09,0.0,0.0,0.0,0.0,1.58,0.51,1.42
<5,male,Single,0.56,1.37,1.4,1.57,5,2.62,3.23,5.0,5.0,5,0.9,0.88,0.86,1.08,0.51,,0.0,0.0,3.24,0.51,0.54
<5,female,Single,0.56,1.38,1.39,1.43,1,2.62,2.64,5.0,5.0,5,0.9,0.88,0.86,1.07,0.5,0.0,0.0,,0.51,0.5,0.54
<5,female,Single,0.55,1.38,1.38,1.4,3,2.62,2.64,3.25,3.27,5,1.19,0.89,0.87,1.07,,0.0,0.0,0.0,,0.51,0.53
<5,female,Married,0.55,1.38,1.38,1.4,5,2.62,2.63,3.25,5.0,5,5.0,0.91,0.87,1.06,0.0,0.57,0.0,0.0,0.0,0.53,0.81
<5,female,Married,1.4,1.39,1.38,1.39,2,2.62,2.63,3.25,5.0,5,1.19,5.0,0.87,1.06,0.0,0.0,0.0,0.0,0.0,0.0,0.52
<5,male,Married,1.44,1.41,1.38,1.39,1,2.62,2.64,3.25,5.0,5,5.0,5.0,5.0,,0.0,0.0,0.0,0.0,0.0,0.0,0.53
<5,female,Married,1.4,1.39,1.38,1.39,1,2.62,3.25,3.25,5.0,5,5.0,0.89,0.87,0.89,1.07,0.0,0.0,0.0,0.0,0.0,0.5
<5,female,Married,0.53,0.57,1.38,1.39,1,2.63,3.24,3.26,3.27,5,5.0,0.89,0.86,0.88,1.12,0.0,0.0,0.0,0.0,0.0,0.0
<5,female,Married,0.52,1.39,1.38,1.41,1,2.63,3.24,3.26,3.27,5,5.0,5.0,0.86,0.88,1.07,0.55,0.0,0.0,0.0,0.0,0.0
<5,female,Married,0.51,0.55,1.38,1.39,2,2.64,2.65,3.27,3.26,5,5.0,5.0,0.87,0.88,1.06,,0.0,0.0,0.0,0.0,0.0
<5,female,Married,0.5,1.4,1.39,1.39,2,2.64,2.64,3.26,3.26,5,0.95,5.0,0.87,0.88,1.05,0.0,0.0,0.0,0.0,0.0,1.45
<5,female,Married,0.0,1.41,1.39,1.39,1,2.65,2.64,3.27,3.26,5,5.0,5.0,0.87,1.05,1.05,5.0,0.0,0.0,0.0,0.0,0.51
<5,male,Married,0.0,1.41,1.4,1.39,1,1.46,2.64,3.27,3.26,3.28,5.0,5.0,5.0,0.87,1.05,1.07,0.5,0.0,0.0,0.0,0.0
<5,female,Married,0.79,1.42,1.4,1.39,1,1.45,2.64,3.3,3.27,3.29,5.0,5.0,5.0,0.86,1.04,1.06,0.54,0.0,0.0,0.0,0.0
<5,female,Married,0.0,1.43,1.43,1.39,1,1.45,2.64,3.27,3.27,5,5.0,5.0,5.0,0.85,0.89,,0.0,0.0,0.0,0.0,0.5
<5,female,Married,0.0,1.49,1.4,1.39,1,1.45,2.64,2.66,3.27,5,5.0,5.0,5.0,0.85,0.89,5.0,0.0,0.0,0.0,0.0,0.0
<5,male,Married,0.0,1.43,1.41,1.39,1,1.45,2.64,2.66,3.27,5,5.0,5.0,5.0,0.85,0.89,2.61,0.0,0.0,0.0,0.0,0.0
<5,female,Married,0.0,1.52,1.41,1.39,1,1.45,2.64,2.66,3.26,5,5.0,5.0,5.0,0.86,0.89,2.61,0.0,0.0,0.0,0.0,1.56
<5,male,Married,0.0,1.52,1.41,1.39,1,1.46,2.64,2.66,3.26,5,3.92,5.0,5.0,0.86,0.89,1.15,0.0,0.0,0.0,0.0,1.48
<5,female,Married,0.0,1.52,1.41,1.39,1,1.45,2.64,2.66,3.27,5,5.0,5.0,5.0,0.85,,1.15,0.0,0.0,0.0,,0.0
<5,male,Married,0.0,1.52,1.41,1.39,1,1.45,2.64,2.66,3.27,5,3.92,0.9,5.0,0.85,0.88,1.15,0.0,0.0,0.0,0.0,0.0
<5,female,Married,0.0,1.49,1.42,1.39,1,1.45,2.64,3.28,3.27,5,3.92,5.0,5.0,,0.88,1.88,0.0,0.0,0.0,0.0,0.0
<5,female,Married,0.0,1.44,1.42,1.39,1,1.46,2.64,3.27,3.27,5,3.91,5.0,5.0,0.85,0.88,1.05,0.0,0.0,0.0,0.0,0.0
<5,male,Married,0.0,0.54,1.41,1.39,1,2.67,2.64,3.26,3.27,5,3.91,5.0,5.0,0.85,0.88,1.05,0.0,,0.0,0.0,0.0
<5,female,Married,0.0,0.55,1.4,1.39,1,5.0,2.64,3.26,3.27,5,3.91,5.0,5.0,0.85,0.88,1.05,0.53,0.0,0.0,0.0,0.0
<5,?,Married,0.0,0.51,1.41,1.39,1,5.0,2.64,3.27,3.27,5,5.0,5.0,5.0,0.85,0.87,1.05,0.53,0.0,0.0,0.0,0.0
<5,female,Married,0.0,0.51,1.41,1.39,1,5.0,2.65,3.26,3.27,5,5.0,5.0,5.0,0.85,0.87,1.04,0.53,0.0,0.0,0.0,0.0
<5,?,Married,0.0,0.5,1.41,1.4,1,5.0,2.65,3.26,3.28,5,5.0,5.0,5.0,0.86,0.87,1.04,0.53,0.0,0.0,0.0,0.0
<5,male,Married,0.0,0.5,1.41,1.4,1,5.0,2.65,2.69,3.28,5,3.92,5.0,5.0,0.86,0.87,1.04,1.11,0.0,0.0,0.0,0.0
<5,female,Married,0.0,0.51,1.41,1.4,1,5.0,1.5,2.68,3.3,3.3,5.0,5.0,5.0,0.88,1.03,1.04,0.0,0.0,,0.0,0.0
<5,female,Married,0.0,0.5,1.41,1.4,1,5.0,1.49,3.27,3.28,3.28,3.92,5.0,5.0,0.84,1.03,1.03,5.0,0.0,0.0,0.0,0.0
<5,female,Married,0.0,0.5,1.42,1.4,1,1.47,1.48,2.66,2.67,3.28,5.0,5.0,5.0,0.84,1.03,1.03,0.0,0.0,0.0,0.0,0.0
<5,female,Married,0.0,0.5,1.42,1.41,1,1.47,2.66,2.66,2.68,3.28,5.0,3.92,5.0,0.84,0.86,1.03,0.0,0.0,0.0,0.0,0.0
<5,male,Married,0.0,0.79,1.48,1.41,1,1.62,1.47,2.66,3.28,3.29,5.0,5.0,5.0,0.82,0.85,1.02,0.0,0.0,0.0,0.0,0.0
>10,,Married,0.0,0.5,1.48,1.41,1,1.44,1.46,2.66,2.68,3.28,5.0,5.0,5.0,0.82,,1.02,,0.0,0.0,0.0,0.0
>10,male,Married,0.0,0.0,1.44,1.44,1,1.44,1.46,2.66,3.28,3.28,5.0,5.0,5.0,0.82,0.84,1.02,,0.0,0.0,0.0,0.0
>10,,Married,0.0,0.0,1.5,1.42,1,1.44,1.46,2.67,3.28,3.29,5.0,5.0,5.0,0.82,0.84,1.02,1.07,0.0,0.0,0.0,0.0
>10,male,Married,0.0,0.0,0.5,1.42,1,1.6,1.46,2.67,2.68,3.29,5.0,5.0,5.0,0.82,0.83,0.87,1.03,0.51,0.0,0.0,0.0
,,Married,0.0,0.0,0.0,1.42,1,1.56,1.46,2.67,2.68,3.29,5.0,5.0,5.0,0.82,0.83,1.02,1.03,0.0,0.0,0.0,0.0
>10,male,Married,0.0,0.0,0.5,1.42,1,1.59,1.46,2.67,2.68,3.29,5.0,5.0,5.0,0.83,0.84,1.02,1.03,0.0,0.0,0.0,0.0
>10,male,Married,0.0,0.0,1.45,1.42,1,1.59,1.46,2.67,2.68,3.28,5.0,5.0,5.0,0.83,0.83,0.87,1.03,0.51,0.0,0.0,0.0
>10,female,Married,0.0,0.0,1.45,1.42,1,1.59,1.47,2.66,2.67,3.28,5.0,5.0,5.0,0.82,0.83,0.86,1.03,0.51,0.0,0.0,0.0
>10,male,Married,0.0,0.0,1.55,1.42,1,1.6,1.47,2.66,3.27,3.27,5.0,5.0,5.0,0.82,0.83,0.86,1.03,0.0,0.0,0.0,0.0
>10,female,Married,0.0,0.0,1.45,1.43,1,1.56,1.47,2.65,3.26,3.26,5.0,5.0,5.0,0.82,0.82,0.85,0.51,0.52,0.0,0.0,0.0
>10,female,Married,0.0,,1.46,1.43,1,1.62,1.47,2.64,3.25,3.25,5.0,5.0,5.0,0.81,0.82,0.84,1.03,0.0,0.0,0.0,0.0
>10,female,Married,0.0,0.52,1.47,1.44,1,1.63,1.48,,2.64,3.24,5.0,5.0,5.0,0.81,0.81,0.84,1.03,0.0,0.0,0.0,0.0
>10,female,Married,0.0,1.6,1.48,1.44,1,1.65,1.49,2.62,2.63,3.23,5.0,5.0,5.0,0.8,0.81,1.03,1.03,0.5,0.0,0.0,0.0
>10,female,Married,0.52,1.61,0.58,1.45,1,1.66,1.49,2.61,2.63,3.21,5.0,5.0,5.0,0.79,0.8,0.83,0.85,0.52,0.0,0.0,0.0
>10,female,Married,0.53,1.62,0.6,1.46,1,5.0,1.5,2.6,2.62,3.19,5.0,5.0,5.0,0.79,0.8,0.83,0.85,0.53,0.51,0.5,0.51
>10,female,Married,0.55,1.63,1.5,1.46,1,1.71,1.51,2.59,2.6,3.17,5.0,5.0,5.0,0.78,0.79,1.05,0.84,0.55,0.53,0.52,0.53
>10,male,Married,0.57,0.59,1.5,1.47,1,5.0,1.52,2.58,2.59,3.16,5.0,5.0,5.0,0.77,0.78,,0.83,0.57,0.55,0.54,0.55
>10,female,Married,0.58,1.55,1.51,1.48,1,5.0,1.52,2.57,2.58,3.14,5.0,5.0,5.0,0.77,0.77,0.8,1.05,0.58,0.57,0.56,0.57
>10,female,Married,0.6,0.63,1.52,1.49,1,1.75,1.53,2.55,2.56,3.12,5.0,5.0,5.0,0.76,0.77,0.79,1.06,0.6,0.59,0.58,0.58
<5,?,Married,0.62,0.65,1.52,1.49,1,5.0,1.54,2.54,2.56,3.1,5.0,5.0,5.0,0.75,0.76,0.79,0.81,0.62,0.61,0.6,0.6
>10,female,Married,0.64,0.67,1.53,1.5,1,1.78,1.54,2.53,3.12,3.08,5.0,5.0,5.0,0.75,0.75,1.17,0.8,0.64,0.63,0.62,0.62
>10,female,Married,0.66,0.69,1.54,1.51,2,1.79,1.55,,2.53,3.06,5.0,5.0,5.0,0.74,0.75,,0.79,0.66,0.65,0.63,0.64
>10,?,Married,0.68,0.71,1.55,1.52,2,5.0,1.56,2.5,2.51,3.04,5.0,5.0,5.0,0.73,0.74,,0.79,0.68,0.67,0.65,0.66
>10,male,Married,0.71,0.73,0.77,1.52,2,1.56,1.56,2.49,2.5,3.02,5.0,5.0,5.0,0.72,0.73,0.76,0.78,0.7,0.69,0.68,0.68
>10,male,Married,0.72,0.75,1.56,1.53,2,1.56,1.57,2.47,3.06,3,5.0,5.0,5.0,0.72,0.72,1.12,0.78,0.72,0.71,0.7,0.7
<5,male,Married,0.74,0.77,0.81,1.54,2,5.0,1.58,2.46,3.05,2.98,5.0,5.0,5.0,0.71,0.72,0.74,0.76,0.74,0.73,0.72,0.72
>10,male,Married,0.76,0.79,1.57,1.55,2,5.0,1.59,2.44,3.03,2.96,5.0,5.0,5.0,0.7,0.71,0.73,0.75,0.76,0.75,0.74,0.74
<5,male,Married,0.78,0.81,1.58,1.56,2,5.0,1.6,2.43,3.02,2.94,5.0,5.0,5.0,0.69,0.7,1.15,0.75,0.78,0.77,0.76,0.76
>10,female,Married,0.8,0.83,0.87,1.56,2,5.0,1.61,2.42,3.0,2.92,5.0,5.0,5.0,0.69,0.69,0.71,0.74,0.8,0.79,0.78,0.78
>10,female,Married,0.82,0.85,0.89,1.57,2,1.62,1.61,2.41,2.99,2.9,5.0,5.0,5.0,0.68,0.7,0.71,0.73,0.82,0.8,0.79,0.8
>10,female,Married,0.84,0.87,0.91,1.58,2,5.0,1.62,2.4,2.9,2.88,5.0,5.0,5.0,0.68,0.69,0.78,0.72,0.84,0.82,0.81,0.82
>10,male,Married,0.86,0.89,0.93,1.59,2,5.0,1.62,2.96,2.96,2.86,5.0,5.0,5.0,0.68,0.69,0.78,0.72,0.86,0.84,0.83,0.84
>10,?,Married,0.88,0.9,1.62,1.59,2,5.0,1.63,2.95,2.95,2.84,5.0,5.0,5.0,0.67,0.68,0.78,0.71,0.88,0.86,0.85,0.86
>10,male,Married,0.89,1.66,1.62,1.6,2,5.0,1.64,2.37,2.84,2.83,5.0,3.46,5.0,0.67,0.67,0.69,0.94,0.89,,0.86,0.87
>10,male,Married,0.91,0.94,1.63,1.61,2,5.0,2.95,2.36,2.83,2.81,5.0,5.0,5.0,0.66,0.66,0.69,1.2,0.91,0.89,0.88,0.89
>10,male,Married,0.92,1.66,1.63,1.61,2,5.0,2.93,2.34,2.91,2.79,5.0,5.0,5.0,0.66,0.66,1.22,0.71,0.92,0.91,0.9,0.91
>10,female,Married,0.94,1.67,1.65,1.62,2,5.0,1.67,2.33,2.79,2.78,5.0,5.0,5.0,0.65,0.66,0.68,0.7,0.94,0.92,0.91,0.92
>10,male,Married,0.96,1.68,1.65,1.63,2,5.0,1.67,2.33,2.89,2.76,5.0,5.0,5.0,0.64,0.65,0.68,0.7,0.96,0.94,0.93,0.94
>10,female,Married,0.97,1.0,1.66,1.63,2,5.0,1.68,2.32,2.88,2.74,5.0,5.0,5.0,,0.65,0.67,1.23,0.97,0.96,0.95,0.96
>10,female,Married,0.99,1.69,1.67,1.64,2,5.0,1.69,2.31,2.75,2.73,5.0,5.0,5.0,0.63,0.65,0.66,0.69,0.99,0.97,0.96,1.01
>10,female,Married,1.01,1.7,1.67,1.65,2,5.0,1.69,2.31,2.73,2.71,2.76,5.0,5.0,0.63,0.63,0.65,1.26,1.01,0.99,0.98,1.0
,female,Married,1.02,1.7,1.68,1.66,2,5.0,1.7,2.84,2.71,2.69,2.74,5.0,5.0,0.62,0.63,1.3,1.27,1.02,1.01,1.0,1.04
>10,male,Married,1.04,1.43,1.98,1.66,2,5.0,1.7,2.83,2.69,2.67,5.0,5.0,5.0,0.61,0.62,0.65,1.28,1.04,1.03,1.01,1.73
>10,female,Married,1.06,1.45,1.13,1.67,2,5.0,1.7,2.82,2.67,2.66,5.0,5.0,5.0,0.61,0.62,0.65,0.66,1.06,1.04,1.03,1.73
>10,male,Married,1.08,2.09,2.02,1.68,2,1.7,1.71,2.81,2.65,2.64,2.65,5.0,5.0,0.6,0.63,0.63,1.3,1.08,1.06,1.05,1.1
>10,female,Married,1.78,1.13,2.03,1.68,2,1.71,1.72,2.79,2.64,2.62,2.66,5.0,5.0,0.59,0.6,0.63,0.65,1.1,1.08,1.07,1.17
>10,female,Married,1.12,2.11,2.05,1.69,2,5.0,1.73,2.78,2.62,2.6,2.66,5.0,5.0,0.59,0.6,0.62,0.64,1.12,1.1,1.09,1.12
>10,female,Married,1.16,1.52,2.07,1.7,2,2.0,1.73,2.77,2.6,2.59,2.64,2.95,5.0,0.58,0.59,1.77,0.63,1.13,1.11,1.1,1.14
>10,female,Married,1.17,1.53,2.09,1.7,2,1.99,1.74,2.76,2.58,2.57,2.61,2.93,5.0,0.58,0.58,0.6,0.63,1.15,1.14,1.12,1.16
>10,female,Married,1.17,1.56,2.1,1.71,2,1.99,1.75,2.75,2.56,2.55,2.56,2.9,5.0,0.57,0.58,0.6,0.62,1.17,1.16,1.14,3.45
>10,female,Married,1.19,1.57,2.12,1.72,2,1.98,1.76,2.73,2.55,2.53,2.57,2.88,5.0,0.56,0.57,0.59,0.62,1.19,1.17,1.16,1.19
>10,male,Married,1.85,1.58,1.28,1.72,2,1.98,1.76,2.72,2.53,2.51,2.55,2.86,5.0,0.56,0.56,0.66,0.61,1.21,1.19,1.18,1.21
>10,female,Married,1.47,1.27,1.75,1.73,2,1.98,1.77,2.71,2.51,2.49,2.54,2.84,5.0,0.55,0.56,0.58,0.6,1.23,1.21,1.2,1.22
>10,male,Married,1.24,1.28,1.77,1.74,2,1.98,1.78,2.7,2.49,2.47,2.51,2.82,5.0,0.54,0.55,0.57,0.59,1.27,1.23,1.21,1.29
>10,female,Married,1.26,1.52,1.77,1.74,2,1.98,1.79,2.69,2.47,2.46,2.47,2.81,5.0,0.54,0.55,0.57,0.59,1.29,1.24,1.23,1.31
>10,female,Married,1.49,1.31,1.78,1.75,2,1.98,1.79,2.68,2.45,2.44,2.48,2.78,5.0,0.53,0.54,0.57,0.58,1.31,1.27,1.25,1.3
>10,male,Married,1.3,1.32,1.79,1.76,2,5.0,1.8,2.56,2.43,2.42,2.47,2.77,5.0,0.53,0.53,0.55,0.57,1.3,1.28,1.27,1.31
>10,female,Married,1.31,1.35,1.8,1.77,2,5.0,1.81,2.55,2.42,2.4,2.43,2.74,5.0,0.52,0.53,1.49,0.57,1.32,1.3,1.29,1.32
>10,male,Married,1.33,1.56,1.62,1.77,2,5.0,1.81,2.54,2.4,2.38,2.41,2.72,2.95,0.52,0.53,0.61,0.56,1.34,1.33,1.31,1.33
>10,female,Married,1.35,1.59,1.63,1.78,2,5.0,1.82,2.52,2.38,2.36,2.39,2.7,5.0,0.51,0.51,0.62,0.56,1.36,,1.33,1.35
>10,female,Married,1.39,1.4,1.64,1.79,2,5.0,1.83,2.51,2.36,2.34,2.37,2.68,5.0,0.52,0.51,0.59,0.55,1.37,1.38,1.34,1.38
>10,male,Married,1.42,1.62,2.34,1.8,2,5.0,1.84,2.5,2.34,2.32,2.35,2.66,2.9,1.94,0.5,0.52,0.54,1.39,1.38,1.36,1.38
>10,,Married,1.58,1.44,1.48,1.81,2,5.0,1.84,2.48,2.32,2.31,2.32,2.64,2.87,1.96,0.0,,0.53,1.41,1.39,1.38,1.41
5-10,female,Married,1.43,1.64,1.5,1.81,2,5.0,1.85,2.47,2.3,2.29,2.3,2.62,2.85,5.0,0.0,0.51,0.53,1.42,1.41,1.4,1.43
5-10,?,Married,1.44,1.65,1.52,1.82,2,5.0,1.86,2.46,2.28,2.27,2.28,2.6,5.0,5.0,0.0,0.55,0.53,1.44,1.43,1.42,1.45
>10,female,Married,1.46,1.67,1.54,1.56,2,5.0,1.87,2.45,2.26,2.25,2.26,,2.82,3.74,0.0,0.54,0.72,1.46,1.45,1.44,1.46
>10,male,Married,1.48,1.68,1.56,1.57,2,1.97,2.55,2.43,2.25,2.23,2.24,2.57,2.79,5.0,0.0,0.0,0.73,1.48,1.47,1.46,1.48
>10,,Married,1.65,1.7,2.44,1.59,2,1.97,2.54,2.54,2.23,2.21,2.22,2.55,2.77,5.0,0.0,0.55,0.66,1.5,1.48,1.47,1.51
>10,female,Married,1.55,1.54,1.88,1.85,2,1.97,2.04,2.54,2.21,2.2,2.21,2.53,2.76,5.0,0.0,0.52,0.67,1.52,1.5,1.49,1.64
>10,female,Married,1.56,1.56,1.88,1.85,2,1.97,2.04,2.41,2.2,2.18,2.19,2.51,2.74,5.0,,0.52,0.69,1.53,1.52,1.51,1.65
>10,female,Married,1.56,1.57,2.49,1.86,2,1.99,1.9,2.4,2.18,2.16,2.17,2.5,2.73,5.0,5.0,0.52,0.73,1.55,1.53,1.52,1.53
5-10,male,Married,1.71,1.59,2.5,1.86,2,5.0,2.02,2.39,2.17,2.15,2.16,2.48,2.71,5.0,5.0,0.56,0.69,1.56,1.55,1.54,1.55
5-10,male,Married,1.59,1.6,2.51,1.87,2,5.0,2.01,2.5,2.15,2.13,2.14,2.47,2.69,5.0,3.16,0.0,0.67,1.58,1.56,1.55,1.55
>10,male,Married,1.6,1.62,1.91,1.87,2,5.0,2.0,2.38,2.14,2.12,2.13,2.16,2.68,5.0,5.0,0.51,0.69,1.59,1.57,1.56,1.57
>10,,Married,1.6,1.64,2.54,1.88,2,5.0,2.0,2.37,2.12,2.11,2.12,2.44,2.67,5.0,5.0,,1.64,1.6,1.59,1.57,1.58
5-10,male,Married,1.61,1.65,1.92,1.7,2,5.0,1.99,2.36,2.11,2.1,2.1,2.13,2.66,5.0,5.0,0.0,0.65,1.61,1.6,1.59,1.59
>10,male,Married,1.63,2.56,2.56,1.89,2,5.0,1.99,2.48,2.1,2.08,2.09,2.11,2.64,5.0,5.0,0.0,0.66,1.63,1.61,1.6,1.61
5-10,female,Married,1.63,2.57,1.92,1.89,2,5.0,1.99,2.35,2.09,2.07,2.08,2.1,2.63,5.0,5.0,0.0,0.6,0.84,1.62,1.61,1.62
5-10,male,Married,1.64,2.04,1.94,1.9,2,5.0,1.97,2.46,2.08,2.06,2.07,2.09,2.62,5.0,5.0,3.11,0.59,0.85,1.63,1.62,1.63
5-10,female,Married,1.65,2.59,2.59,1.9,2,5.0,1.98,2.46,2.07,2.05,2.06,,2.61,5.0,5.0,0.0,0.59,0.86,1.64,1.63,1.64
>10,male,Married,1.67,2.07,1.94,1.9,2,5.0,1.95,2.45,2.05,2.04,2.05,2.07,2.6,5.0,5.0,,0.6,1.67,1.66,1.64,1.65
>10,female,Married,1.67,2.61,1.95,1.91,2,5.0,1.95,2.45,2.05,2.03,2.03,2.06,2.58,1.5,5.0,5.0,0.63,0.85,1.67,1.65,1.66
>10,female,Married,1.68,2.09,1.96,1.91,2,5.0,1.95,2.31,2.04,2.02,2.02,2.04,2.57,1.49,5.0,5.0,0.57,0.83,1.68,1.67,1.68
>10,female,Married,1.7,2.1,2.64,1.92,2,5.0,1.96,2.43,2.02,2,2.01,2.03,2.56,1.49,4.23,5.0,0.61,0.83,1.69,1.68,1.69
>10,male,Married,1.71,2.67,2.65,1.93,2,5.0,1.95,2.31,2.01,2,2.0,2.01,2.55,1.48,5.0,5.0,0.61,0.83,1.71,1.69,1.7
>10,female,Married,1.72,1.77,1.78,1.93,2,1.94,1.96,2.29,2.01,1.98,1.98,2.0,2.53,1.49,4.22,5.0,0.55,0.74,1.72,1.7,1.71
>10,female,Married,1.73,1.78,1.79,1.94,2,1.95,1.98,2.42,2.0,1.97,1.97,1.99,2.52,5.0,4.21,5.0,0.52,0.74,1.74,1.72,1.72
>10,female,Married,1.74,2.14,2.68,1.95,2,1.95,1.96,2.27,1.98,1.96,1.95,1.97,2.0,5.0,5.0,5.0,0.52,0.75,1.75,1.73,1.73
>10,male,Married,1.75,2.16,2.69,1.95,2,1.96,2.02,2.28,2.42,1.95,1.94,1.96,1.98,5.0,1.46,5.0,0.53,0.76,1.76,1.74,1.74
5-10,,Married,1.76,2.17,2.7,1.96,2,1.96,2.4,2.26,2.2,2,1.93,1.94,1.96,5.0,1.46,5.0,3.18,0.74,1.78,1.76,1.75
5-10,male,Married,1.78,1.8,1.83,1.99,2,1.96,2.39,2.25,2.19,1.93,1.91,1.92,1.94,5.0,1.45,5.0,1.87,0.66,1.8,1.77,1.77
5-10,female,Married,1.8,1.82,1.85,5.0,2,1.96,2.0,2.24,2.18,1.97,1.89,1.91,1.92,1.45,1.44,5.0,1.89,0.66,1.82,1.79,1.79
5-10,female,Married,1.81,1.83,1.86,5.0,2,1.97,2.0,2.24,2.17,1.89,1.88,1.89,1.91,1.44,1.43,5.0,5.0,,1.85,1.81,1.8
5-10,female,Married,1.83,1.85,1.88,5.0,2,1.97,2.01,2.22,2.15,1.87,1.86,,1.89,1.44,1.43,5.0,5.0,0.64,1.9,1.83,1.82
5-10,,Married,1.85,1.87,1.89,5.0,2,1.97,2.35,2.2,2.13,1.85,1.84,1.85,1.87,1.44,1.43,1.44,1.94,0.62,1.92,1.85,1.84
5-10,?,Married,1.87,1.89,1.91,5.0,2,1.98,2.34,2.2,2.08,1.87,1.82,1.83,1.85,1.43,1.42,1.44,5.0,0.63,1.9,1.86,1.86
5-10,male,Married,1.88,1.91,1.93,5.0,5,1.98,2.03,2.19,2.07,1.86,1.8,1.82,1.83,1.43,1.42,1.43,1.46,0.64,1.95,1.88,1.88
5-10,female,Married,1.9,1.93,1.95,5.0,2,1.99,2.03,2.18,2.06,1.82,1.79,1.8,1.82,1.43,1.42,1.43,1.46,0.6,1.04,1.9,1.89
5-10,male,Married,1.92,1.95,1.97,5.0,2,1.99,2.31,2.31,2.05,1.81,1.77,1.78,1.8,1.43,1.42,1.43,1.45,0.61,1.06,1.92,1.91
5-10,male,Married,1.94,1.96,1.99,5.0,2,1.99,2.04,2.15,2.06,1.79,1.75,1.76,1.78,1.43,1.42,,1.45,0.62,1.02,1.93,1.93
5-10,female,Married,1.96,1.99,2.0,2.04,2,2.0,2.29,2.05,2.06,1.75,1.73,1.75,1.76,1.43,1.41,1.42,1.45,0.63,2.02,1.95,1.95
5-10,male,Married,1.98,2.01,2.03,2.01,2,2.0,2.05,2.28,1.89,1.73,1.72,1.73,1.75,1.45,1.41,1.42,2.05,0.64,1.99,1.97,1.96
5-10,female,Married,1.99,2.91,2.04,2.01,2,2.02,1.78,2.27,1.87,1.71,1.7,1.71,1.74,1.42,1.41,1.42,2.07,0.68,2.0,1.98,1.98
5-10,female,Married,2.01,2.05,2.06,2.01,2,2.01,1.77,2.26,1.71,1.69,1.69,1.7,1.73,1.41,1.41,1.42,5.0,0.66,1.13,2.0,2.0
5-10,male,Married,2.02,2.07,2.08,2.01,2,2.03,1.75,2.08,1.69,1.68,1.67,1.69,2.25,1.41,1.41,1.42,2.09,0.67,2.03,2.01,2.01
>10,female,Married,2.05,2.1,2.1,2.01,2,2.26,1.73,2.25,1.68,1.66,1.66,1.68,2.24,1.4,1.41,5.0,2.1,0.68,2.04,2.02,2.03
>10,female,Married,2.07,2.94,2.95,2.0,2,2.25,1.71,2.07,1.67,1.65,1.66,1.67,2.24,1.4,1.42,2.76,2.1,,2.04,2.03,2.04
>10,male,Married,2.05,2.05,2.03,2.0,2,2.25,1.71,1.69,1.66,1.65,1.67,1.99,2.24,1.4,1.41,2.76,2.09,0.75,2.04,2.03,2.05
>10,male,Married,2.05,2.05,2.03,2.0,2,2.25,1.7,1.69,1.66,1.65,1.67,1.99,2.24,,1.41,2.75,2.1,,2.04,2.03,2.08
>10,female,Married,2.08,2.05,2.03,2.0,2,2.25,1.7,1.68,1.66,1.65,1.67,1.98,2.24,1.4,1.41,2.75,2.09,0.77,2.04,2.03,2.05
>10,female,Married,2.06,2.05,2.03,2.0,2,2.25,1.7,1.68,1.66,1.65,1.67,1.98,2.24,1.4,1.42,2.75,2.09,0.78,2.04,2.03,2.06
5-10,male,Married,2.06,2.05,2.03,2.0,2,2.24,1.7,1.68,1.66,1.64,1.67,1.98,2.23,1.4,1.41,2.75,2.09,0.78,2.04,2.03,2.05
5-10,male,Married,2.06,2.05,2.03,2.0,2,2.03,1.7,1.67,1.65,1.64,1.67,,2.23,1.4,1.41,2.75,2.1,0.79,2.05,2.03,2.05
5-10,female,Married,2.06,2.06,2.04,2.0,2,2.03,1.69,1.67,1.65,1.64,1.67,1.98,2.23,1.4,1.41,2.75,2.1,0.79,2.05,2.04,2.05
5-10,female,Married,2.07,,2.13,2.0,2,2.03,1.69,1.67,1.65,1.64,1.65,1.98,2.23,1.4,1.41,2.75,2.09,0.79,2.05,2.04,2.05
5-10,male,Married,2.06,2.09,2.13,2.0,2,2.02,1.69,1.67,1.65,1.64,1.64,1.97,2.23,1.4,1.41,2.75,5.0,0.79,2.05,2.04,2.05
5-10,male,Married,2.07,2.1,2.14,2.01,2,2.02,1.69,1.67,1.65,1.64,1.64,1.97,2.23,1.4,1.41,,5.0,0.8,2.05,2.04,2.05
5-10,female,Married,2.07,2.1,2.14,2.02,2,2.03,1.69,1.82,1.64,1.64,1.64,1.97,2.23,1.4,1.41,2.75,2.11,0.8,2.06,2.04,2.05
5-10,male,Married,2.07,2.1,2.15,2.02,2,2.02,1.69,1.81,1.64,1.63,1.64,1.97,2.23,1.4,1.41,5.0,2.11,0.85,2.06,2.04,2.05
5-10,female,Married,2.08,2.1,2.14,,2,2.02,1.68,1.81,1.64,1.63,1.64,1.97,2.23,1.4,1.41,1.44,2.11,0.85,2.06,2.05,2.06
5-10,female,Married,2.08,2.11,2.14,2.01,2,2.02,1.68,1.81,1.64,1.63,1.64,1.96,2.22,1.4,1.41,1.44,2.12,0.89,2.06,2.05,2.06
5-10,male,Married,2.08,2.11,2.14,2.01,2,2.03,1.68,1.81,1.64,1.63,1.64,1.66,2.23,1.4,1.41,1.44,5.0,0.92,2.06,2.05,2.06
5-10,?,Married,2.09,,2.15,2.0,2,2.03,1.68,1.81,1.64,1.63,1.64,1.66,2.22,1.4,1.41,1.44,5.0,0.92,2.06,2.05,2.07
5-10,male,Married,2.08,2.11,2.24,2.0,2,2.04,1.67,1.81,1.63,1.63,1.63,1.66,2.22,1.4,1.41,1.44,1.47,0.95,2.06,2.05,2.07
5-10,female,Married,2.1,2.11,2.14,2.0,2,2.03,1.67,1.8,1.63,1.63,1.63,1.66,2.22,1.4,1.41,1.44,2.12,0.93,2.06,2.05,2.07
5-10,female,Married,2.08,2.12,5.0,2.0,2,2.03,1.67,1.8,1.64,1.62,1.63,1.66,2.22,1.4,1.41,1.44,1.47,0.93,2.06,2.05,2.07
5-10,female,Married,2.17,2.12,5.0,2.0,2,2.23,1.67,1.8,1.63,1.62,1.63,1.65,2.22,1.4,1.41,1.44,1.46,0.95,2.06,2.06,2.07
5-10,female,Married,2.1,2.12,2.23,2.0,2,2.23,2.05,1.8,1.68,1.62,1.63,1.65,2.22,1.4,1.41,1.44,1.47,0.93,2.06,2.06,2.07
5-10,male,Married,2.17,2.12,2.02,2.0,2,2.24,2.06,1.78,1.68,1.62,1.63,1.65,2.22,1.4,1.41,5.0,2.12,1.18,2.06,2.06,2.07
5-10,female,Married,2.18,2.13,2.02,2.0,2,2.22,1.67,1.78,1.68,1.62,1.63,1.66,2.22,1.4,1.41,5.0,2.12,1.18,2.06,2.06,2.08
5-10,male,Married,2.96,2.14,2.02,2.0,2,2.22,2.2,1.65,1.63,1.62,1.63,1.65,2.22,1.4,1.41,5.0,5.0,1.18,2.07,2.06,2.08
5-10,male,Married,2.07,2.14,2.02,1.99,2,2.22,2.04,1.65,1.63,1.62,1.63,1.65,2.22,1.41,1.42,1.45,5.0,1.19,2.07,2.06,2.08
5-10,female,Married,2.06,2.99,2.02,1.99,2,2.22,2.04,1.64,1.62,1.62,1.63,1.65,2.22,1.41,1.42,1.45,5.0,1.19,2.07,2.07,2.09
5-10,female,Married,2.06,2.99,2.01,1.99,2,2.22,2.04,1.63,1.62,1.62,1.63,1.65,2.21,1.41,1.42,1.45,5.0,1.19,2.07,2.07,2.09
<5,female,Married,2.06,2.99,2.01,1.99,2,2.21,2.04,1.63,1.62,1.61,1.64,1.66,2.21,1.41,1.42,1.45,0.72,1.19,2.07,2.07,2.09
<5,female,Married,2.06,3.0,2.01,1.99,2,2.21,2.04,1.63,1.62,1.61,1.64,1.66,2.21,1.41,1.44,1.45,0.72,1.19,2.07,2.07,2.1
<5,male,Married,2.05,3.0,2.01,1.99,2,2.21,1.92,1.63,1.61,1.61,1.63,1.66,2.21,1.41,2.74,5.0,0.72,1.19,2.07,2.07,2.1
<5,male,Married,2.05,3.0,2.01,1.99,2,2.21,1.92,1.63,1.61,1.61,1.62,1.66,2.21,1.41,2.74,5.0,0.72,1.19,,2.08,4.48
<5,female,Married,2.05,3.01,2.01,2.0,5,2.21,2.04,1.62,1.61,1.61,1.64,1.66,2.21,1.41,1.44,5.0,0.72,1.2,2.07,2.08,2.1
<5,male,Married,2.06,3.0,2.01,2.0,2,2.2,1.92,1.62,1.61,1.61,1.63,1.66,2.21,1.41,2.74,5.0,0.73,1.2,2.07,2.08,4.49
<5,male,Married,2.06,2.99,2.01,2.0,2,2.21,1.92,1.62,1.61,1.61,1.63,,2.21,1.4,1.44,5.0,0.73,1.2,2.07,2.08,4.48
<5,male,Married,2.06,2.99,2.01,2.0,2,2.21,1.92,1.62,1.61,1.61,1.62,1.66,2.21,1.4,1.45,5.0,0.72,1.2,,2.08,2.12
<5,male,Married,2.06,3.0,2.01,2.0,2,2.21,1.65,1.62,1.6,1.6,1.63,1.66,2.21,1.4,1.44,5.0,0.73,1.2,2.08,2.08,2.1
<5,male,Married,2.06,3.01,2.01,2.0,2,2.2,1.91,1.62,1.6,1.6,1.63,1.94,2.2,1.41,2.74,5.0,,1.2,2.08,2.08,5.0
<5,female,Married,2.06,2.2,2.01,2.0,2,2.2,1.91,1.62,1.6,1.6,1.65,1.65,2.2,1.4,2.74,5.0,0.73,1.2,2.08,2.08,2.13
5-10,male,Married,2.06,2.2,2.01,2.0,2,2.2,1.91,1.62,1.6,1.6,1.65,1.65,2.2,1.4,1.44,5.0,2.16,1.2,2.08,2.09,2.1
5-10,male,Married,2.06,3.0,2.02,2.0,2,2.21,1.91,1.62,1.6,1.6,1.62,1.94,2.2,1.4,1.44,5.0,0.73,1.2,2.08,2.09,2.13
<5,female,Married,2.06,3.0,2.02,2.0,2,2.21,1.91,1.62,1.6,1.6,1.61,1.94,2.2,1.4,2.73,5.0,0.73,1.21,2.08,2.09,2.1
<5,male,Married,2.06,2.18,2.02,2.0,2,2.2,1.91,1.61,1.6,1.6,1.61,1.65,2.19,1.4,2.73,5.0,0.73,1.56,2.09,2.09,2.14
5-10,female,Married,2.06,2.18,2.02,2.0,2,2.19,1.63,1.61,1.59,1.59,1.64,,2.19,1.4,1.45,5.0,0.73,1.56,2.09,2.1,2.11
<5,male,Married,2.06,2.21,2.02,2.0,2,2.19,1.62,1.6,1.59,1.59,1.64,1.65,2.19,1.4,2.73,5.0,0.73,1.56,2.09,2.1,2.1
<5,female,Married,2.06,2.21,2.02,2.01,2,2.19,1.9,1.6,1.59,1.59,1.61,1.95,2.2,1.4,2.73,5.0,0.73,1.56,2.09,2.1,2.1
<5,male,Married,2.06,2.05,2.02,2.01,2,2.19,1.9,1.6,1.58,1.59,1.61,1.95,2.2,1.4,2.73,5.0,0.73,1.56,2.09,2.1,2.14
<5,female,Married,2.06,2.06,2.02,2.01,2,2.2,1.62,1.59,1.58,1.59,1.61,1.63,2.19,1.4,2.73,5.0,0.73,1.56,2.09,2.11,2.11
<5,female,Married,2.06,2.06,2.02,2.01,2,2.21,1.9,1.6,1.58,1.58,1.61,2.18,5.0,1.43,2.73,5.0,0.73,1.56,2.1,2.1,2.15
<5,female,Married,2.07,2.05,2.02,2.01,2,2.2,1.62,1.59,1.58,1.58,1.92,1.64,5.0,1.43,2.72,2.2,0.73,1.56,2.1,2.11,2.12
<5,male,Married,2.07,2.06,2.02,2.01,2,2.2,1.61,1.59,1.58,1.58,1.6,1.64,2.19,1.43,2.72,5.0,0.73,1.56,2.1,2.11,2.15
<5,,Married,2.07,2.06,2.02,2.01,2,2.2,1.9,1.59,1.58,1.58,1.92,2.17,5.0,1.4,2.72,5.0,0.73,1.56,2.1,2.11,4.5
<5,male,Married,2.07,2.06,2.02,,2,2.2,1.89,1.59,1.58,1.58,1.6,2.17,2.19,1.42,2.73,5.0,0.73,1.57,2.1,2.11,2.12
<5,female,Married,2.07,2.06,2.02,2.01,2,2.2,1.89,,1.57,1.58,1.61,1.63,2.18,1.43,2.73,5.0,0.73,1.57,2.1,2.11,2.15
<5,female,Married,2.07,2.06,2.03,2.01,2,2.19,1.6,1.58,1.57,1.58,1.6,2.17,5.0,1.42,2.72,5.0,0.73,1.57,2.11,2.14,2.11
<5,male,Married,2.07,2.07,2.03,2.02,2,2.19,1.59,1.57,1.56,1.6,1.58,1.62,5.0,1.41,2.72,5.0,0.74,1.57,2.11,2.13,4.5
<5,female,Married,2.08,2.07,2.04,2.02,2,2.19,1.58,1.57,1.55,1.56,1.89,1.62,5.0,5.0,2.71,5.0,0.74,1.58,2.12,2.13,2.13
<5,male,Married,2.09,2.08,2.04,2.03,2,2.18,1.57,1.55,1.54,1.56,1.87,2.14,5.0,1.39,5.0,5.0,0.75,1.59,2.13,2.14,2.14
<5,female,Married,2.09,5.0,2.05,2.04,2,2.17,1.56,1.54,1.53,1.55,1.86,1.42,5.0,1.38,2.7,2.24,0.76,1.6,2.14,2.16,2.25
<5,male,Married,2.1,2.09,2.06,2.05,2,2.17,1.55,1.53,1.52,1.54,1.56,1.41,2.13,1.37,2.69,5.0,0.77,1.61,2.16,2.22,2.15
<5,female,Married,2.11,2.09,2.07,2.06,2,2.17,1.54,1.52,1.5,1.52,1.53,2.09,2.11,1.36,5.0,5.0,5.0,1.27,2.17,2.17,2.16
<5,female,Married,2.12,2.1,2.09,2.07,2,2.16,1.52,1.5,1.49,1.51,1.53,2.07,2.09,1.35,2.67,5.0,5.0,1.27,2.18,2.19,5.0
<5,?,Married,2.13,2.12,2.1,2.08,2,2.16,1.51,1.49,1.48,1.49,1.51,2.05,2.07,1.34,2.66,5.0,5.0,1.28,2.2,2.2,5.0
<5,?,Married,2.14,5.0,2.12,2.09,2,2.16,1.49,1.47,1.46,1.5,1.5,2.03,2.06,1.32,2.65,5.0,5.0,1.29,2.21,2.22,2.19
<5,female,Married,2.16,5.0,2.13,2.1,2,2.15,1.48,1.46,1.44,1.52,1.76,2.02,2.04,1.3,2.64,5.0,5.0,1.3,2.23,2.22,2.2
<5,male,Married,2.17,5.0,5.0,2.11,2,2.15,1.46,1.44,1.43,1.47,1.74,2.0,2.02,1.29,1.33,5.0,2.3,1.32,2.24,2.24,2.21
<5,female,Married,2.18,5.0,2.15,2.12,2,2.15,1.44,1.42,1.41,1.5,1.72,1.98,1.99,1.28,1.3,5.0,5.0,1.33,2.26,2.27,3.28
<5,female,Married,2.19,5.0,2.16,2.14,2,2.14,1.42,1.41,1.4,1.47,1.7,1.96,1.97,1.27,1.29,5.0,2.34,1.34,2.27,2.28,3.29
<5,female,Married,2.38,2.49,2.17,2.15,2,2.14,1.41,1.39,1.38,2.59,1.42,1.94,1.96,1.26,1.28,5.0,2.34,1.35,2.29,2.3,2.34
<5,female,Married,2.36,2.5,5.0,2.16,2,2.14,1.4,1.38,1.37,1.39,1.66,1.93,1.94,1.26,1.27,5.0,5.0,1.37,2.3,2.31,2.38
<5,female,Married,2.37,2.51,2.18,2.17,2,2.14,1.38,1.39,1.35,1.37,1.64,1.91,1.92,1.25,1.27,5.0,5.0,1.38,2.32,2.33,2.38
<5,male,Married,2.39,5.0,2.19,2.18,2,2.14,1.37,1.37,1.34,1.36,1.63,1.89,5.0,1.26,1.26,5.0,2.37,1.39,2.33,2.34,2.38
<5,male,Married,2.41,5.0,2.2,2.19,2,2.14,1.36,1.35,1.33,1.34,1.61,1.88,5.0,1.23,1.25,,5.0,1.4,2.35,2.36,2.41
<5,female,Married,2.42,2.22,2.21,2.2,2,1.81,1.52,1.33,1.32,1.33,1.59,1.86,1.87,1.23,2.55,1.17,2.4,1.42,2.36,2.37,2.43
<5,female,Married,2.43,2.23,2.21,2.19,2,1.62,1.51,1.32,1.31,1.32,1.58,1.85,1.86,5.0,2.46,1.17,2.42,1.42,2.38,2.39,3.34
<5,female,Married,3.36,2.24,2.22,2.22,2,1.61,1.51,1.3,1.29,1.84,1.57,1.83,1.85,5.0,5.0,1.18,2.41,2.39,2.38,2.4,2.45
<5,male,Married,2.26,2.24,2.23,2.23,2,1.6,1.3,1.28,1.28,1.56,1.56,1.82,1.27,5.0,1.25,1.18,2.42,,2.4,2.41,2.44
<5,male,Married,2.27,,2.24,2.25,2,1.59,1.29,1.27,1.28,1.31,1.74,1.5,1.27,,1.18,1.18,2.42,2.41,2.41,2.43,2.48
<5,female,Married,2.27,2.26,2.25,2.23,2,1.58,1.27,,1.28,1.3,1.79,1.49,1.18,1.19,1.18,1.18,2.43,2.42,2.43,4.14,2.31
<5,male,Married,2.28,2.26,2.25,2.23,2,1.58,1.26,1.25,1.28,1.29,1.77,1.79,5.0,5.0,1.18,1.19,0.94,2.43,2.45,4.15,2.32
<5,female,Married,2.29,2.27,2.26,2.23,2,1.58,1.26,1.24,1.25,1.28,1.76,1.78,1.2,1.2,1.18,1.2,0.95,2.44,2.45,4.17,3.42
<5,male,Married,2.3,2.28,2.27,2.23,2,1.58,1.27,1.23,1.24,1.48,1.75,1.77,5.0,1.19,1.18,5.0,0.96,2.45,2.46,2.48,2.51
<5,female,Married,2.31,2.3,2.28,2.23,2,1.58,1.23,1.23,1.24,1.28,1.74,1.75,1.21,1.2,1.18,5.0,2.46,2.46,2.47,2.36,2.35
<5,male,Married,2.31,2.3,2.29,2.19,2,1.59,1.22,1.22,1.23,1.46,1.72,1.74,1.12,1.2,1.18,5.0,2.47,2.47,2.49,2.36,2.34
<5,female,Married,2.32,2.3,2.31,2.16,2,1.59,1.2,1.22,1.23,1.46,1.71,1.73,1.11,1.2,1.19,1.21,2.48,2.48,2.5,3.48,3.48
<5,female,Married,2.32,2.32,2.25,2.15,2,1.23,1.19,1.22,1.23,1.7,1.7,1.16,1.1,1.2,1.19,2.5,2.48,2.49,2.53,2.56,3.5
<5,male,Married,2.33,2.32,2.25,2.15,2,1.2,1.19,1.2,1.43,1.68,1.69,1.1,1.08,1.2,1.19,2.5,2.49,2.54,4.22,3.5,2.38
<5,female,Married,2.34,2.33,2.25,2.15,2,1.19,1.18,1.19,1.41,1.67,1.69,1.09,1.07,1.19,1.2,2.51,2.5,2.51,5.0,2.57,2.37
<5,female,Married,2.35,2.34,2.27,2.16,2,1.18,1.17,1.18,1.4,1.66,1.67,1.13,1.06,1.19,2.53,2.52,2.51,2.52,4.25,3.54,5.0
>10,male,Married,2.23,2.35,2.26,2.16,2,1.18,1.16,1.18,1.39,1.64,3.49,1.09,1.05,1.18,1.2,1.01,2.51,2.52,4.7,2.58,2.61
>10,male,Married,2.22,2.29,2.18,1.59,2,1.17,1.16,2.42,1.38,1.63,1.07,1.05,1.04,1.18,1.19,1.01,2.52,2.54,3.62,2.43,5.0
>10,female,Married,2.26,2.29,2.18,2.17,2,1.16,1.16,1.37,1.37,1.62,1.05,1.03,1.04,1.18,1.2,1.01,2.53,2.55,4.71,2.42,2.43
>10,male,Married,2.39,2.29,2.18,1.84,2,1.15,1.16,1.36,1.61,1.61,1.03,1.02,1.04,1.18,1.19,1.02,2.54,2.57,3.6,5.0,2.41
>10,male,Married,2.4,2.29,2.18,1.21,2,1.14,1.15,1.34,1.6,1.28,1.02,1.01,1.02,1.2,1.21,1.02,,3.66,3.61,5.0,2.41
>10,female,Married,2.41,2.52,2.2,1.19,5,1.13,1.14,1.33,1.58,1.61,1.0,0.99,1.0,5.0,2.56,1.04,2.63,2.57,5.0,5.0,2.42
>10,?,Married,2.27,2.23,2.2,1.18,5,1.13,1.14,1.33,1.57,1.59,1.0,0.98,0.99,5.0,1.03,1.04,2.56,2.58,2.62,2.29,2.26
>10,male,Married,2.43,2.22,2.2,1.59,1,1.13,1.14,1.46,1.56,1.58,0.97,0.97,0.99,1.18,1.03,2.55,2.57,2.51,3.62,5.0,2.47
>10,male,Married,2.25,2.22,1.87,1.18,1,1.12,1.15,1.55,1.55,0.98,0.96,0.96,5.0,1.17,1.03,2.56,2.58,2.52,3.64,2.47,2.45
>10,female,Married,2.07,2.23,1.61,1.17,1,1.12,1.15,1.54,1.55,0.96,0.94,0.96,0.97,5.0,1.0,2.57,5.0,3.66,3.65,5.0,2.46
<5,?,Married,2.07,2.24,1.61,1.45,1,1.13,1.29,1.53,1.54,0.94,0.93,0.99,5.0,5.0,1.0,2.57,5.0,3.65,5.0,2.52,2.47
<5,female,Married,2.08,1.63,1.62,1.5,1,1.13,1.28,1.52,1.54,0.93,0.92,0.93,0.95,,1.04,2.66,2.59,3.66,5.0,2.31,2.48
<5,female,Married,2.11,1.64,1.63,1.64,1,1.13,1.18,1.51,1.53,0.97,0.9,0.92,0.95,5.0,1.04,2.59,2.61,2.63,5.0,2.32,2.5
<5,male,Married,2.27,1.65,1.63,1.33,5,1.13,1.5,1.5,1.52,0.9,0.89,0.91,5.0,5.0,1.04,2.59,2.62,3.69,5.0,2.52,2.52
<5,female,Married,2.28,2.27,1.56,1.15,1,1.14,1.42,1.49,0.91,0.88,0.88,0.94,5.0,1.05,1.04,2.59,2.61,3.7,2.57,2.53,2.32
<5,?,Married,2.29,1.67,1.59,1.14,1,1.14,0.93,1.49,0.88,0.86,0.87,0.94,5.0,1.05,2.58,2.6,3.77,2.59,5.0,,2.55
<5,male,Married,2.3,1.67,1.6,1.14,1,1.26,1.47,1.49,0.86,0.85,0.86,5.0,5.0,1.05,2.58,4.42,5.0,2.6,5.0,2.56,2.56
>10,female,Married,1.71,1.68,1.46,1.13,1,1.26,1.17,1.59,0.85,2	2.,,0.84,5.0,1.1,1.04,5.0,4.43,,5.0,5.0,2.57
<5,female,Married,1.71,1.7,1.58,1.14,1,1.25,0.88,1.51,0.83,0.82,0.83,5.0,5.0,0.99,5.0,5.0,3.74,2.62,5.0,2.58,2.6
<5,?,Married,1.73,1.7,1.71,1.14,1,1.25,0.88,1.48,0.82,0.81,0.82,5.0,5.0,0.98,5.0,5.0,5.0,5.0,2.61,2.59,2.6
<5,female,Married,2.34,1.71,1.49,1.15,1,1.25,0.88,1.48,0.83,0.81,0.83,5.0,5.0,0.98,1.03,4.44,5.0,5.0,5.0,2.6,2.6
<5,male,Married,,1.71,1.56,1.15,1,1.16,0.88,1.48,0.83,0.82,0.82,0.87,5.0,1.95,1.03,5.0,3.78,3.74,5.0,2.59,2.46
<5,female,Married,2.34,1.71,1.57,1.15,1,1.16,0.89,1.48,0.84,0.82,0.82,0.87,5.0,5.0,1.03,5.0,5.0,3.79,5.0,2.59,2.59
<5,male,Married,2.34,2.33,1.57,1.15,1,1.15,0.89,1.48,0.84,0.82,0.82,0.87,5.0,5.0,1.03,5.0,3.78,2.63,5.0,2.59,2.46
<5,female,Married,2.34,2.33,1.57,1.15,1,1.16,0.89,1.48,0.84,0.82,0.82,0.87,5.0,5.0,1.03,5.0,3.77,3.74,5.0,2.59,2.47
<5,female,Married,2.34,2.33,1.57,1.16,1,1.15,0.89,1.48,0.84,0.82,0.82,0.87,5.0,5.0,1.02,5.0,5.0,3.77,5.0,2.59,2.59
<5,male,Married,2.34,2.34,1.57,5.0,1,1.15,1.47,1.48,0.84,0.82,0.82,0.85,5.0,5.0,1.03,,5.0,3.77,5.0,2.59,2.59
<5,female,Married,2.34,2.34,1.57,1.71,1,1.15,1.47,1.47,0.85,0.82,0.82,0.85,5.0,5.0,0.98,5.0,3.8,3.77,5.0,2.59,2.59
<5,?,Married,2.34,2.34,1.62,1.71,1,1.15,1.38,1.48,1.5,0.83,0.82,0.84,5.0,0.99,0.98,5.0,5.0,3.78,5.0,2.59,2.38
<5,female,Married,2.35,2.34,1.62,1.71,1,1.15,1.38,1.47,1.49,0.83,0.82,0.84,5.0,0.98,0.98,5.0,5.0,3.72,5.0,2.6,2.59
<5,male,Married,2.35,1.71,1.63,1.71,1,1.15,1.19,1.47,1.49,0.84,0.82,0.84,5.0,0.99,0.97,5.0,4.44,3.72,5.0,2.6,2.59
<5,female,Married,2.19,1.71,1.62,1.71,1,1.18,1.19,1.48,1.49,0.83,0.82,0.84,0.86,5.0,0.97,5.0,4.43,3.71,5.0,2.63,2.59
<5,?,Married,2.19,1.71,1.63,1.43,1,1.17,1.39,1.48,1.49,0.83,0.82,0.83,0.85,0.98,0.97,,4.43,3.71,5.0,2.41,2.58
<5,male,Married,2.18,1.72,1.7,1.43,1,1.15,1.48,1.48,1.49,0.83,0.82,0.83,0.85,0.97,0.96,5.0,4.43,2.64,5.0,5.0,2.58
<5,male,Married,2.19,1.72,1.71,1.42,1,1.15,1.28,1.48,1.51,0.83,0.82,0.87,5.0,0.98,0.97,5.0,4.43,2.65,5.0,2.6,2.59
<5,female,Married,2.19,1.74,1.71,1.49,1,1.15,1.17,0.89,1.5,0.83,0.82,0.84,5.0,1.07,,1.02,4.43,3.71,5.0,2.6,2.59
>10,female,Married,2.46,2.34,1.71,1.56,1,1.15,1.18,0.89,1.13,0.84,0.82,0.84,0.86,1.07,0.96,0.97,4.43,3.71,5.0,5.0,2.59
>10,female,Married,2.48,2.35,1.72,1.58,1,1.15,1.17,0.9,1.49,0.84,0.82,0.83,5.0,1.06,0.97,0.96,4.43,3.71,3.71,5.0,2.41
>10,,Married,2.37,2.36,1.72,1.58,1,1.15,1.17,1.49,1.49,0.85,0.82,0.83,0.85,1.06,,0.96,4.42,3.73,3.71,5.0,2.41
<5,female,Married,2.38,2.37,2.35,1.2,1,1.15,1.17,1.49,1.49,1.53,0.83,0.82,0.84,1.05,5.0,0.96,4.43,3.77,3.71,5.0,2.41
<5,female,Married,2.58,2.58,2.35,1.21,2,1.15,1.17,1.41,1.49,1.52,0.83,0.82,0.84,1.05,0.96,0.95,5.0,3.78,3.7,5.0,2.6
,male,Married,2.58,2.36,2.34,1.64,2,1.16,1.17,1.49,1.49,0.85,0.84,0.82,0.83,1.06,0.96,0.95,5.0,3.77,3.7,2.45,2.41
<5,female,Married,2.58,2.37,1.73,,1,1.16,1.17,1.41,1.49,1.54,0.83,0.82,0.83,5.0,0.96,0.95,5.0,3.77,3.7,2.46,2.42
>10,male,Married,2.58,2.6,2.37,1.23,1,1.16,1.17,1.49,1.49,0.86,0.83,0.82,0.83,1.05,,0.94,5.0,5.0,3.7,2.62,2.6
>10,female,Married,2.59,2.6,2.35,1.72,2,1.17,1.27,1.5,1.49,1.51,0.83,0.82,0.83,1.04,1.06,0.95,5.0,4.82,3.71,5.0,2.6
>10,male,Married,2.51,2.47,2.35,1.72,2,1.17,1.18,1.29,1.5,1.52,0.83,0.82,0.83,1.03,1.05,0.94,1.0,4.43,3.75,5.0,5.0
>10,?,Married,2.42,2.48,2.35,1.73,2,1.17,1.17,1.3,1.5,1.13,0.83,0.82,0.83,1.03,1.04,0.95,0.99,4.42,3.75,2.64,2.63
>10,female,Single,2.42,2.58,2.36,2.01,2,1.18,1.17,1.19,1.5,1.14,0.84,0.82,0.82,1.03,0.96,5.0,0.98,4.42,3.76,2.64,2.63
>10,male,Married,2.42,2.59,2.37,2.35,2,1.19,1.17,1.19,1.41,1.51,0.88,0.83,0.82,1.03,0.96,5.0,0.98,4.42,5.0,2.65,5.0
<5,female,Married,2.42,2.59,2.47,,2,1.2,1.17,1.19,1.41,1.5,0.9,0.85,0.82,1.03,0.96,0.95,0.93,5.0,5.0,3.69,5.0
<5,female,Married,2.42,2.59,2.48,1.74,2,1.19,1.18,1.19,1.41,1.51,0.89,0.86,0.82,1.02,0.96,0.94,0.93,5.0,4.43,3.69,5.0
<5,male,Married,2.44,2.59,2.2,1.76,2,1.19,1.18,1.19,1.3,1.51,0.86,,0.82,1.03,3.61,0.94,0.93,5.0,5.0,3.69,2.63
<5,female,Single,2.6,2.59,2.61,2.36,2,1.2,1.18,1.2,1.42,1.51,0.85,0.83,0.82,1.03,1.03,4.28,0.93,5.0,4.82,3.69,3.74
<5,male,Married,2.6,2.59,2.49,2.37,2,1.2,1.18,5.0,1.31,1.51,0.85,0.83,0.82,5.0,1.02,5.0,0.93,5.0,5.0,3.69,2.64
<5,female,Married,2.6,2.59,2.59,2.37,2,1.21,1.19,1.2,1.21,1.51,0.89,0.89,0.82,1.02,1.02,5.0,5.0,5.0,5.0,3.69,3.7
<5,male,Married,2.61,2.6,2.59,2.37,2,5.0,1.19,1.19,1.21,1.51,1.14,0.89,0.82,1.02,1.01,1.03,5.0,0.97,5.0,3.71,2.65
<5,male,Married,5.0,2.64,2.59,2.39,2,5.0,1.2,1.2,1.21,1.51,1.13,0.9,0.82,1.02,1.01,1.06,5.0,0.93,5.0,2.67,2.66
<5,female,Married,5.0,2.66,2.59,2.39,2,1.48,1.21,1.2,1.2,1.52,1.14,0.9,0.84,1.02,1.01,1.03,5.0,0.92,5.0,3.75,3.68
<5,female,Married,5.0,2.61,2.59,2.52,2,1.77,1.25,1.2,1.21,1.42,1.14,3.51,0.86,1.02,1.01,5.0,0.92,0.91,5.0,3.75,3.68
<5,female,Married,2.62,2.6,2.59,2.22,2,1.76,1.21,1.2,1.22,1.41,1.52,1.54,0.82,5.0,1.01,1.01,0.92,0.91,5.0,4.42,3.68
<5,male,Married,3.68,2.62,2.6,2.6,2,1.76,1.22,1.21,1.21,1.33,1.52,1.14,0.89,0.86,1.0,0.99,1.01,0.91,0.95,4.42,3.75
<5,male,Married,3.68,2.62,2.61,2.6,2,1.76,1.23,1.21,1.21,1.23,1.52,1.14,0.89,5.0,0.86,0.99,0.93,0.91,0.9,4.43,2.68
<5,male,Married,3.68,2.65,2.61,2.6,3,1.76,1.78,1.23,1.21,1.22,1.52,1.14,0.91,,0.85,,1.0,0.91,0.9,5.0,4.43
<5,female,Married,3.68,5.0,2.62,2.6,2,1.77,1.78,1.23,1.21,1.22,1.25,1.52,1.56,0.82,0.84,0.99,5.0,0.9,0.9,0.92,4.82
5-10,,Married,3.68,5.0,2.64,2.6,3,1.77,4.82,1.23,1.21,1.22,1.43,1.52,1.55,0.81,0.84,0.99,1.0,0.9,0.89,5.0,4.42
<5,female,Married,2.66,5.0,2.62,2.61,3,1.78,1.25,1.23,1.21,1.27,1.42,1.52,1.53,0.81,0.83,0.99,0.99,0.9,0.89,0.91,4.43
<5,male,Married,2.66,3.75,2.62,2.61,3,1.78,1.25,1.23,1.22,1.28,1.42,1.52,1.54,0.81,0.83,0.99,0.99,0.91,0.89,0.95,4.43
<5,female,Married,2.67,5.0,2.63,2.61,3,1.79,1.63,1.23,1.22,1.27,1.42,1.52,1.55,0.81,0.83,1.03,0.98,0.91,0.9,0.95,4.44
<5,female,Married,2.67,3.74,2.63,2.61,3,1.79,1.59,1.23,1.22,1.23,1.42,1.52,1.55,0.81,5.0,5.0,0.98,0.94,0.9,0.95,4.43
<5,female,Married,2.67,3.74,2.63,2.61,3,1.79,1.59,1.23,1.22,1.24,1.42,1.52,1.56,0.81,5.0,,0.98,0.94,0.9,0.95,4.43
<5,male,Married,2.67,3.74,2.63,2.61,3,1.79,1.27,1.23,1.22,1.23,1.42,1.52,1.55,0.81,0.84,5.0,0.98,1.0,0.9,0.91,4.43
<5,male,Married,2.67,5.0,2.63,2.61,3,1.79,1.56,1.23,1.22,1.23,1.42,1.52,5.0,0.81,5.0,5.0,0.98,1.0,0.89,0.9,4.43
<5,male,Married,2.67,3.69,2.63,2.46,3,1.79,1.56,1.24,1.22,1.23,1.33,1.28,1.56,,5.0,5.0,0.98,0.94,0.89,0.9,4.43
<5,female,Married,2.68,3.69,5.0,2.46,3,2.41,1.67,1.25,1.22,1.22,1.33,1.29,1.54,0.8,0.84,5.0,0.98,0.99,0.9,0.9,4.43
<5,male,Married,,3.69,5.0,2.46,3,2.41,1.64,5.0,1.22,1.22,1.33,1.28,1.54,0.8,0.84,0.98,0.98,0.98,0.91,0.89,4.43
<5,male,Married,2.69,3.69,2.64,2.62,3,2.41,1.78,1.25,1.23,1.22,1.24,1.27,1.54,0.8,0.84,0.85,0.97,0.94,5.0,0.89,5.0
<5,male,Married,2.69,3.69,5.0,2.63,3,2.41,1.66,1.8,1.24,1.22,1.24,1.52,1.14,0.8,0.81,0.98,0.87,0.92,0.9,0.89,5.0
<5,male,Married,4.43,3.69,5.0,2.49,3,2.41,1.66,1.8,1.24,1.22,1.24,1.27,1.14,0.79,0.81,0.84,0.97,0.91,0.89,0.88,5.0
<5,male,Married,4.43,3.69,5.0,2.49,3,1.81,1.27,1.8,1.24,1.22,1.23,1.27,1.14,0.79,0.8,0.83,0.97,0.91,0.89,0.88,0.9
5-10,male,Married,3.76,3.69,5.0,2.64,3,2.42,1.28,1.81,1.24,1.22,1.23,1.47,1.52,0.79,0.8,0.82,0.97,0.91,0.89,,0.9
5-10,male,Married,4.43,3.7,2.66,2.63,3,2.42,1.28,5.0,1.24,1.22,1.23,1.42,1.52,0.78,0.8,0.82,0.97,0.92,0.89,0.88,0.91
5-10,,Married,4.43,2.69,2.67,2.64,3,2.51,1.28,5.0,1.24,1.23,1.33,1.35,1.52,0.78,0.79,0.82,0.97,0.91,0.89,0.88,0.9
>10,male,Single,4.43,2.7,5.0,2.64,3,2.43,1.28,1.27,1.24,1.23,1.29,1.34,1.52,0.78,0.79,0.82,5.0,0.91,0.9,0.88,0.9
>10,female,Single,4.43,5.0,2.67,2.64,3,2.43,1.28,1.27,1.24,1.23,1.25,1.34,1.52,0.78,0.79,0.82,1.0,0.91,0.9,0.88,0.9
>10,male,Single,4.43,5.0,2.67,2.64,3,2.42,1.28,1.27,1.24,1.22,1.29,,1.52,0.78,0.79,0.82,0.98,0.91,0.9,0.88,0.91
>10,male,Single,4.44,5.0,2.67,2.64,3,2.42,1.28,5.0,1.23,1.22,1.29,1.34,1.52,0.78,0.79,5.0,0.98,0.91,0.9,0.88,0.91
>10,female,Married,4.44,3.72,3.77,2.64,3,2.43,1.28,5.0,1.23,1.22,1.32,1.33,1.51,0.78,0.79,5.0,5.0,0.92,0.99,0.89,0.91
>10,?,Married,4.45,2.7,5.0,2.65,3,2.42,1.27,5.0,1.22,1.21,1.31,1.32,1.5,0.77,0.78,0.81,0.99,0.93,0.92,0.9,0.97
>10,female,Married,2.76,2.7,2.68,2.65,3,2.43,1.78,1.6,1.21,1.2,1.31,1.31,1.49,0.77,0.78,5.0,0.99,0.94,0.93,0.91,0.95
>10,female,Married,2.76,2.7,2.68,2.65,3,2.42,1.77,5.0,1.19,1.18,1.31,1.3,1.48,0.77,0.77,5.0,5.0,0.96,0.94,0.92,0.97
>10,?,Married,2.77,2.71,2.69,2.66,3,2.41,1.77,5.0,1.18,1.17,1.18,1.28,1.46,0.76,0.77,5.0,1.0,0.98,0.96,0.94,0.98
>10,female,Married,4.48,2.72,2.7,2.67,3,2.4,1.22,5.0,1.17,1.15,1.29,1.27,1.45,0.75,0.76,5.0,5.0,0.99,5.0,,0.97
>10,male,Married,4.49,5.0,2.7,2.67,3,2.4,1.2,5.0,1.15,1.14,1.16,1.43,1.43,,0.76,5.0,5.0,1.01,5.0,0.97,0.98
<5,female,Married,4.86,3.81,5.0,2.68,3,2.4,1.18,5.0,1.13,1.12,1.25,1.23,1.41,0.74,0.75,5.0,1.06,1.04,1.05,0.99,1.0
>10,female,Married,4.87,4.88,5.0,2.68,3,2.39,1.73,1.75,1.11,1.1,1.14,1.21,1.39,0.73,0.74,5.0,5.0,1.03,1.06,1.01,1.02
>10,male,Married,4.53,4.87,5.0,2.7,3,2.39,1.15,1.74,1.1,1.08,1.14,1.28,1.38,0.72,0.73,5.0,5.0,1.05,1.06,1.03,1.04
>10,female,Married,4.54,3.88,5.0,2.7,3,1.75,1.13,1.73,1.08,1.06,1.12,1.18,1.36,0.72,0.73,5.0,5.0,1.06,1.08,1.05,1.08
>10,female,Married,4.57,4.87,5.0,2.71,3,1.74,1.11,1.09,1.06,1.04,1.08,1.15,1.34,0.71,0.72,0.81,5.0,1.07,1.08,1.06,1.09
>10,,Married,1.13,3.89,5.0,2.72,3,1.72,1.71,1.06,1.04,1.03,1.06,1.13,1.32,0.7,0.71,,5.0,1.08,5.0,1.08,1.1
>10,female,Married,1.14,3.91,5.0,2.72,3,1.71,1.07,1.71,1.02,1.01,1.11,1.11,1.3,0.7,,0.81,5.0,1.09,1.13,1.1,1.12
>10,male,Married,1.15,3.93,5.0,2.73,3,1.71,1.05,1.71,1.0,0.99,1.0,,1.28,0.69,0.7,0.8,5.0,1.1,1.14,1.12,1.13
>10,male,Married,1.17,3.95,5.0,5.0,3,1.71,1.03,1.01,0.98,0.97,0.98,1.07,1.26,0.68,0.69,0.81,5.0,1.11,5.0,1.14,1.16
>10,female,Married,1.2,4.89,5.0,2.74,3,1.7,1.01,1.71,0.96,0.95,0.96,1.05,1.24,0.67,0.68,0.8,0.74,1.12,1.18,1.16,1.24
>10,male,Married,4.63,3.99,5.0,5.0,3,1.7,0.99,0.97,0.94,0.93,0.94,1.03,1.22,0.66,0.67,0.81,0.72,1.13,1.19,1.18,5.0
<5,female,Married,4.64,4.9,5.0,5.0,3,2.36,0.97,4.9,0.92,0.91,0.92,1.0,1.2,0.66,0.67,0.78,0.72,1.14,1.22,1.2,1.22
<5,male,Married,4.65,4.9,5.0,2.77,3,2.36,0.95,0.93,0.9,0.89,0.9,0.98,1.18,0.65,0.66,0.78,5.0,1.15,1.23,1.22,1.29
<5,male,Married,4.67,4.09,5.0,2.77,3,2.36,0.93,0.91,0.88,0.87,0.88,0.96,1.16,0.64,0.65,0.76,5.0,1.16,1.25,1.24,1.27
5-10,?,Married,1.28,4.09,5.0,2.78,3,2.36,0.91,0.89,0.86,0.85,0.86,0.95,1.14,0.63,0.64,0.76,5.0,1.17,1.27,1.26,1.29
<5,female,Married,1.3,4.1,5.0,2.78,3,2.35,0.89,0.87,0.84,0.83,0.84,0.92,1.12,0.62,0.64,0.73,5.0,1.19,1.29,1.27,1.3
<5,female,Married,1.32,4.12,5.0,2.8,3,1.65,0.88,0.85,0.83,0.82,0.82,0.91,1.1,0.61,0.63,0.73,0.68,1.2,1.3,1.29,1.34
5-10,male,Married,1.33,4.13,5.0,2.8,3,1.65,0.86,5.0,0.81,0.8,0.81,0.89,1.09,0.6,0.62,0.72,0.67,1.21,1.32,1.3,1.39
<5,female,Married,1.34,4.14,5.0,5.0,3,2.35,0.86,0.84,0.81,0.8,0.81,0.87,1.09,0.6,0.62,0.64,5.0,1.21,5.0,1.31,1.28
<5,female,Single,1.34,4.93,4.75,5.0,3,2.36,0.86,4.92,0.82,0.8,0.8,0.83,1.09,0.6,0.62,0.72,5.0,1.2,5.0,1.31,1.32
<5,female,Married,1.33,4.92,4.75,5.0,3,2.3,0.87,4.92,0.82,0.8,0.81,0.83,1.09,0.6,0.62,0.72,5.0,1.2,5.0,1.31,1.31
<5,female,Single,1.33,4.92,4.75,5.0,3,2.36,0.87,4.92,0.82,0.8,0.81,0.83,1.09,0.6,0.62,0.71,4.76,1.2,5.0,1.31,1.31
<5,female,Married,1.34,4.93,4.76,5.0,3,2.3,0.87,4.91,0.82,0.81,0.81,0.83,1.09,0.6,0.62,0.71,5.0,1.2,5.0,1.31,1.31
<5,male,Married,1.33,5.0,4.75,5.0,3,2.36,0.88,4.92,0.82,0.8,0.81,0.83,1.09,0.6,0.62,0.71,4.76,1.2,5.0,1.31,1.31
<5,female,Single,1.33,5.0,4.75,5.0,3,2.36,1.62,1.66,0.83,0.81,0.8,0.83,1.09,0.6,0.62,0.67,4.75,1.2,5.0,1.31,1.31
<5,female,Married,1.32,5.0,4.11,5.0,3,2.36,1.56,1.66,0.83,0.81,0.8,0.82,1.09,0.6,0.61,0.67,4.75,1.2,5.0,1.31,1.31
<5,male,Single,1.32,4.92,1.37,5.0,3,1.67,1.63,1.65,0.83,0.81,0.8,0.82,1.09,0.6,0.61,0.67,4.75,1.2,5.0,1.31,1.31
<5,,Single,1.32,4.92,1.37,5.0,3,1.67,1.63,1.66,5.0,0.81,0.8,0.82,1.09,0.6,0.61,0.67,0.83,1.2,5.0,1.31,1.31
<5,female,Married,1.32,4.92,1.37,5.0,3,1.66,1.62,1.66,5.0,0.81,0.8,0.82,1.09,0.6,0.61,0.63,0.83,5.0,5.0,1.31,1.3
<5,male,Married,1.32,1.34,1.37,5.0,5,1.67,1.63,1.66,5.0,0.82,0.8,0.82,1.09,0.61,0.61,0.63,4.75,1.3,5.0,1.31,1.3
<5,male,Married,1.31,1.34,1.36,5.0,5,1.67,1.63,1.66,5.0,0.83,0.8,0.82,0.85,0.61,0.61,0.62,4.76,5.0,5.0,1.31,1.3
<5,male,Married,1.31,1.33,1.37,5.0,3,2.36,1.63,1.67,5.0,0.82,0.8,0.82,0.84,0.61,0.61,0.62,0.77,5.0,5.0,1.35,1.3
<5,female,Married,1.31,1.35,1.36,5.0,3,2.37,1.64,5.0,5.0,0.81,0.8,,0.84,0.61,0.6,0.61,0.77,,5.0,1.35,1.3
<5,female,Married,1.31,4.72,4.13,5.0,3,2.37,1.65,5.0,4.93,0.81,0.8,0.81,0.84,0.6,0.59,0.61,0.73,5.0,5.0,5.0,1.3
<5,male,Married,1.31,4.72,4.13,5.0,5,2.37,1.65,5.0,4.94,0.81,0.8,0.81,0.83,0.6,0.59,0.61,0.75,5.0,1.2,5.0,1.3
<5,male,Married,1.31,4.72,4.13,5.0,5,2.37,1.65,5.0,5.0,0.82,0.8,0.81,0.84,0.59,0.58,0.61,0.71,,,1.31,1.3
,female,Single,1.31,4.72,4.14,5.0,3,2.38,1.66,0.88,4.93,0.82,0.81,0.82,1.09,0.59,,0.6,0.71,0.65,5.0,1.32,1.3
<5,male,Single,1.24,,4.92,5.0,5,2.62,1.66,1.66,1.68,0.82,0.81,0.82,0.85,0.59,0.58,0.6,0.63,1.36,1.19,5.0,1.3
<5,female,Single,1.3,1.35,4.12,,3,2.81,2.38,0.88,1.68,0.83,0.81,0.81,0.85,0.6,0.58,0.6,0.68,0.64,1.19,5.0,1.3
<5,female,Single,1.3,1.35,4.12,5.0,3,2.36,1.7,1.64,1.67,0.84,0.81,0.81,0.83,0.61,0.58,0.59,0.64,0.63,5.0,5.0,1.3
<5,female,Single,1.3,1.34,4.93,4.12,5,2.82,1.7,1.65,1.69,0.84,0.81,0.81,0.82,1.47,0.58,0.59,0.64,0.63,5.0,5.0,1.31
<5,female,Single,1.3,1.34,4.92,4.12,5,2.82,2.38,1.65,1.68,0.97,0.81,0.81,0.82,1.47,,0.59,0.65,0.63,5.0,5.0,1.31
<5,female,Single,1.3,1.34,4.92,4.12,5,2.82,2.38,1.65,1.68,5,0.81,0.81,0.82,1.47,,0.59,0.65,0.63,5.0,5.0,1.31
<5,,Single,1.3,1.32,4.93,4.17,5,4.73,2.38,1.65,1.68,0.96,0.81,0.81,0.82,1.47,0.58,0.59,0.65,0.63,5.0,5.0,1.31
<5,female,Single,1.3,1.32,4.93,4.17,5,2.37,1.68,1.65,1.68,0.97,0.82,0.81,0.82,3.4,0.58,0.59,0.65,0.62,5.0,5.0,1.31
<5,male,Single,1.3,1.31,4.93,4.17,5,2.82,1.67,1.65,1.69,0.92,0.82,0.81,0.82,0.76,0.58,0.59,0.61,4.78,5.0,,5.0
<5,female,Single,1.3,1.32,5.0,4.17,5,2.82,1.67,1.65,5.0,5,0.82,0.81,0.82,0.76,0.58,0.59,0.6,4.77,5.0,5.0,5.0
<5,male,Single,1.3,1.31,4.74,4.76,5,2.82,1.68,1.65,5.0,0.84,0.83,0.81,0.82,0.6,0.59,0.58,0.6,0.76,5.0,5.0,5.0
<5,male,Single,1.3,1.31,4.74,4.18,5,2.82,1.68,1.65,5.0,0.84,0.82,0.81,0.82,0.6,0.59,0.58,,0.75,5.0,5.0,5.0
<5,female,Single,1.3,1.31,4.74,4.12,5,2.82,1.68,1.65,1.68,4.94,0.82,0.81,0.82,0.74,0.61,0.57,0.59,0.75,5.0,5.0,5.0
<5,male,Single,1.3,1.31,4.74,4.12,5,2.82,1.69,1.67,1.68,4.94,0.81,0.81,0.82,0.74,0.59,0.57,0.59,0.74,5.0,5.0,5.0
<5,male,Single,1.3,1.31,4.94,4.12,5,2.82,1.7,1.67,1.68,0.84,0.81,0.81,0.82,0.74,0.58,0.57,0.59,0.74,5.0,1.18,1.31
<5,male,Single,1.3,1.38,4.74,4.12,5,2.83,2.39,1.67,1.67,5,0.82,0.81,0.82,0.73,0.58,0.57,0.59,0.71,5.0,1.17,1.31
<5,female,Single,1.3,1.38,4.75,4.16,5,2.83,2.39,1.68,1.67,4.94,0.82,0.81,0.82,0.62,0.58,0.57,0.58,0.61,5.0,1.18,1.31
<5,male,Single,1.3,1.38,5.0,4.96,5,2.83,2.4,1.69,1.65,4.94,0.82,0.81,0.82,1.11,0.57,0.57,0.58,0.6,5.0,1.18,1.32
<5,female,Single,1.3,1.31,5.0,4.94,5,2.84,2.41,1.68,1.65,1.69,0.82,,0.81,,0.57,0.56,0.58,0.67,5.0,1.17,5.0
<5,female,Single,1.3,1.31,5.0,4.94,5,2.84,2.66,1.69,1.65,1.69,0.82,0.81,0.81,0.61,0.57,0.56,0.58,0.67,5.0,1.18,5.0
<5,male,Single,1.3,1.31,5.0,4.93,5,2.84,2.66,1.69,1.65,1.69,0.82,0.81,0.81,0.6,0.57,0.56,0.58,0.67,5.0,1.18,5.0
<5,male,Single,1.3,1.31,5.0,4.93,5,2.84,2.66,1.69,1.65,1.69,0.83,0.81,0.81,0.61,0.57,0.56,0.58,0.67,5.0,1.18,5.0
<5,female,Single,1.3,1.3,5.0,4.13,5,2.84,2.66,1.7,1.65,1.69,0.83,0.81,0.81,0.6,0.58,0.56,0.58,0.67,5.0,1.18,5.0
<5,male,Single,1.3,1.3,5.0,4.14,5,2.91,2.65,2.4,1.65,1.69,0.83,0.81,0.81,0.6,0.58,0.56,0.57,0.63,5.0,1.18,5.0
<5,male,Single,1.3,1.3,5.0,4.94,5,2.92,2.38,2.07,1.65,1.69,0.83,0.81,0.81,0.61,0.58,,0.57,0.6,5.0,0.66,5.0
<5,male,Single,1.31,1.3,5.0,4.94,1,2.92,2.41,2.4,1.66,1.69,0.83,0.82,0.81,0.61,1.12,0.57,0.57,0.59,5.0,5.0,5.0
<5,female,Single,1.34,1.3,1.32,4.94,1,2.93,2.38,1.7,1.66,1.69,0.93,0.84,0.81,0.87,0.58,0.57,0.57,0.59,0.76,5.0,5.0
<5,male,Single,1.31,1.3,1.32,1.34,1,2.92,2.38,1.7,1.67,5,0.83,0.82,0.81,1.06,0.58,0.57,0.57,0.58,0.74,5.0,5.0
<5,male,Single,1.31,1.3,1.31,1.34,5,5.0,2.84,1.71,1.67,5,0.84,0.81,0.8,0.86,0.58,0.57,0.56,0.57,0.73,5.0,5.0
<5,female,Single,1.31,1.3,1.31,4.75,4,5.0,2.42,2.4,1.68,1.7,0.83,0.81,0.8,0.87,0.58,0.56,0.55,0.57,0.73,5.0,1.18
<5,female,Single,1.31,1.3,1.39,4.75,4,5.0,2.42,2.41,1.69,5,0.83,0.81,0.8,0.86,0.58,0.56,0.55,0.57,0.69,4.75,1.17
<5,male,Single,1.31,1.3,1.35,4.76,5,5.0,2.84,2.41,1.69,1.69,0.84,0.81,0.8,1.06,0.71,0.56,0.55,0.57,0.67,4.75,1.18
<5,female,Single,1.32,1.3,1.38,5.0,5,5.0,2.84,2.41,1.7,1.43,0.84,0.82,0.8,1.06,0.72,0.56,0.54,0.56,0.67,4.76,1.17
<5,male,Single,1.32,1.31,1.32,5.0,5,5.0,2.85,2.44,2.41,1.69,0.85,0.82,0.81,1.05,1.08,0.59,0.55,0.56,0.67,0.61,5.0
<5,female,Single,5.0,1.31,1.31,1.33,5,5.0,2.85,2.58,2.41,1.58,1.7,0.85,0.81,1.05,1.06,0.57,0.54,0.56,0.68,0.6,5.0
<5,?,Single,0.66,1.32,1.31,1.33,4,5.0,2.86,3.01,2.41,1.58,1.7,0.92,0.81,1.05,0.88,1.1,0.54,0.55,,0.6,0.63
<5,male,Single,0.65,5.0,1.31,1.32,4,5.0,2.87,3.4,1.7,1.66,1.7,0.84,0.82,0.84,1.05,3.4,0.59,0.55,0.57,0.59,0.62
<5,?,Single,0.64,1.42,1.31,1.32,5,5.0,2.94,5.0,1.71,1.67,1.29,0.93,0.83,0.83,1.05,0.56,0.59,0.55,0.56,0.6,0.62
<5,female,Single,1.17,1.32,1.31,1.32,5,5.0,2.94,2.86,2.42,1.68,1.29,0.84,0.81,0.83,1.05,0.57,0.54,0.53,0.56,0.6,5.0
<5,male,Single,0.63,1.32,1.31,1.32,5,4.77,2.95,2.86,2.42,1.69,1.29,0.84,0.81,0.82,1.04,0.57,0.54,0.53,0.55,0.58,4.76
<5,female,Single,1.17,1.32,1.31,1.34,5,4.77,2.87,2.86,2.43,1.7,1.29,4.96,0.81,0.83,1.04,0.57,0.54,0.53,0.55,0.58,4.76
<5,female,Single,1.17,1.33,1.31,1.38,5,4.76,5.0,2.87,2.46,1.7,1.43,5.0,0.81,0.82,1.04,,0.54,0.53,0.56,0.57,1.38
<5,female,Single,5.0,5.0,1.32,1.32,5,4.76,5.0,2.87,2.88,1.71,1.43,1.72,0.81,0.85,0.61,1.05,1.59,,0.56,0.61,4.76
<5,male,Single,0.62,5.0,1.32,1.32,5,4.18,5.0,2.87,2.87,2.42,1.53,1.71,5.0,0.82,0.84,1.04,3.4,0.53,0.54,0.56,0.74
<5,female,Single,0.61,5.0,1.35,1.32,1,4.19,5.0,5.0,2.44,2.42,1.53,1.71,5.0,0.81,0.83,1.03,3.41,0.53,0.54,0.55,0.71
<5,female,Single,0.61,5.0,5.0,1.32,1,4.78,5.0,2.96,2.44,1.71,1.59,1.71,5.0,0.8,0.82,1.03,0.7,0.53,0.53,0.54,0.74
<5,male,Married,5.0,5.0,1.34,1.32,1,4.21,5.0,2.96,2.87,1.71,1.59,5.0,5.0,0.8,0.82,1.03,0.57,0.53,0.52,0.54,0.58
<5,female,Single,0.6,5.0,1.33,1.32,1,5.0,5.0,5.0,2.88,1.72,1.69,1.29,5.0,0.79,0.81,1.03,0.67,0.52,0.52,0.54,0.57
<5,male,Married,0.58,5.0,1.33,1.32,1,5.0,5.0,5.0,2.88,2.43,1.7,1.7,0.98,0.8,0.81,1.02,0.57,0.52,0.51,0.54,0.56
<5,male,Single,0.57,0.63,5.0,1.33,1,4.99,5.0,5.0,2.88,2.43,1.7,1.44,5.0,,0.85,1.02,0.87,0.52,0.51,0.53,0.55
<5,female,Single,0.57,0.61,5.0,1.33,1,5.0,4.23,5.0,5.0,2.72,1.7,1.44,5.0,0.78,0.81,1.02,0.56,0.53,0.51,0.53,0.6
<5,female,Single,0.56,0.6,5.0,1.34,1,4.8,4.24,5.0,2.97,3.4,1.71,1.55,1.71,0.78,0.79,0.82,0.57,0.56,0.51,0.52,0.58
<5,male,Single,0.56,0.6,5.0,5.0,1,4.79,1.41,5.0,2.98,3.39,1.74,1.55,1.71,0.78,0.79,0.81,0.57,0.53,0.55,0.51,0.57
>10,female,Married,0.66,0.6,5.0,5.0,1,4.8,1.4,5.0,2.99,2.48,1.71,1.7,1.71,0.77,0.79,0.81,0.57,0.53,0.52,0.51,0.53
>10,female,Married,0.56,4.78,5.0,1.34,1,4.8,1.41,5.0,2.98,2.89,1.71,1.7,1.72,0.77,0.78,0.8,0.57,0.54,0.51,0.5,0.53
<5,female,Married,0.55,0.59,5.0,1.35,1,4.8,4.19,5.0,5.0,2.89,1.71,1.7,5.0,0.77,0.78,0.8,1.01,0.53,0.51,0.5,0.53
<5,male,Married,0.55,0.58,5.0,1.35,1,4.8,4.21,5.0,5.0,2.89,1.72,1.7,1.71,0.77,0.78,0.88,0.82,0.53,0.51,0.5,0.54
>10,,Married,0.55,0.58,5.0,1.35,1,5.0,4.19,5.0,5.0,2.89,1.72,1.7,1.71,0.77,0.78,0.88,0.82,0.53,0.51,0.5,0.52
>10,female,Married,0.55,5.0,5.0,1.35,1,5.0,4.19,5.0,5.0,2.89,1.72,1.7,1.7,0.77,0.77,0.89,0.82,0.53,0.52,0.5,0.52
>10,female,Married,0.55,5.0,5.0,1.35,1,5.0,4.19,5.0,5.0,2.89,1.72,1.7,1.71,0.77,0.77,0.9,0.82,0.54,0.52,0.51,0.52
>10,female,Married,0.56,0.58,1.19,1.35,1,5.0,4.19,5.0,5.0,2.88,1.72,1.69,1.7,0.77,0.77,0.9,0.82,0.54,0.52,0.51,0.52
>10,male,Married,0.57,0.59,5.0,1.35,1,5.0,4.19,5.0,5.0,2.88,1.71,1.69,1.7,0.76,0.77,0.88,1.0,0.54,0.52,0.51,0.52
>10,male,Married,0.57,0.6,5.0,1.36,1,5.0,4.2,5.0,5.0,2.87,1.71,1.68,1.69,0.76,0.77,0.8,0.82,0.55,0.53,0.52,0.53
<5,female,Married,0.63,0.6,5.0,1.36,1,5.0,4.19,5.0,5.0,2.86,1.7,1.68,1.68,0.76,0.77,1.01,0.81,0.56,0.54,0.53,0.54
<5,male,Married,0.65,0.61,1.21,1.36,1,5.0,1.41,5.0,5.0,2.85,1.68,1.66,1.67,0.75,0.76,1.02,0.81,0.57,0.55,0.54,0.55
<5,female,Married,0.67,0.62,1.22,1.37,1,5.0,1.42,5.0,5.0,2.84,2.38,1.65,1.65,0.75,0.76,,0.81,0.58,0.56,0.55,0.56
<5,male,Married,0.67,0.64,1.23,1.37,1,5.0,1.41,5.0,5.0,2.82,2.36,1.63,1.64,0.74,0.75,,0.8,0.6,0.58,0.57,0.58
>10,female,Married,0.69,0.65,1.24,1.38,1,5.0,1.42,5.0,5.0,2.81,2.35,1.62,1.62,0.74,0.75,0.86,0.79,0.61,0.6,0.58,0.59
>10,female,Married,0.74,0.67,1.26,1.39,1,5.0,1.42,5.0,5.0,2.79,2.33,1.6,1.6,0.73,0.74,0.82,0.78,0.63,0.61,0.6,0.61
>10,male,Married,0.73,0.7,1.27,1.39,1,5.0,1.43,5.0,5.0,2.77,2.31,1.58,1.58,0.72,0.73,0.83,0.78,0.65,0.63,0.62,0.63
>10,female,Married,0.67,5.0,1.29,1.4,1,5.0,1.44,5.0,5.0,2.76,2.29,1.56,1.56,0.72,0.73,0.81,0.77,0.66,0.65,0.64,0.64
>10,male,Married,0.68,5.0,1.3,1.4,1,5.0,1.45,5.0,5.0,2.74,2.27,1.54,1.55,0.71,0.72,0.81,0.76,0.68,0.67,0.65,0.66
<5,male,Married,0.7,5.0,1.32,1.33,1,5.0,4.12,5.0,5.0,2.73,2.25,1.53,1.53,0.7,0.71,0.8,0.76,0.7,0.69,0.67,0.68
<5,male,Married,0.72,5.0,1.34,1.35,1,5.0,4.12,5.0,5.0,2.25,2.23,1.5,1.51,0.69,0.7,0.8,0.75,0.72,0.7,0.69,0.71
>10,?,Married,0.74,5.0,1.35,,1,5.0,4.11,5.0,5.0,2.69,2.21,1.48,1.49,0.69,0.7,0.81,0.74,0.74,0.72,0.71,0.72
>10,female,Married,0.75,5.0,1.37,1.38,1,5.0,4.1,5.0,5.0,2.21,2.19,1.47,1.47,0.68,0.69,0.8,0.73,0.76,0.74,0.73,0.74
>10,?,Single,0.77,5.0,1.39,1.4,1,5.0,4.09,5.0,5.0,2.18,2.17,1.44,1.45,,0.68,0.7,0.73,0.78,0.76,0.75,0.76
<5,female,Single,0.79,1.5,1.4,1.41,1,5.0,4.09,5.0,5.0,2.17,2.15,1.43,1.43,0.67,0.68,0.83,0.72,0.8,0.78,0.77,0.78
<5,male,Single,0.81,1.51,1.42,1.43,1,5.0,4.08,5.0,5.0,2.63,2.13,1.41,1.41,0.66,0.67,0.83,0.71,0.82,0.8,0.79,0.8
>10,female,Single,0.83,0.86,1.43,1.44,1,5.0,4.07,5.0,5.0,2.13,2.11,1.4,1.4,0.65,0.66,0.77,0.71,0.83,0.82,0.8,0.81
<5,female,Single,0.85,0.87,1.45,1.46,1,5.0,4.06,5.0,5.0,2.11,2.1,1.38,1.38,0.65,0.65,0.85,0.7,0.85,,0.82,0.85
>10,female,Single,0.86,0.89,1.46,1.47,1,5.0,4.06,5.0,5.0,2.1,2.08,1.36,1.36,0.64,0.65,0.67,0.7,0.87,0.85,0.83,0.86
>10,male,Single,0.87,0.9,1.47,1.49,1,5.0,4.06,5.0,5.0,2.1,2.07,1.35,1.34,0.64,0.64,,0.69,0.88,,0.85,0.87
>10,male,Single,0.89,0.91,1.48,1.49,1,5.0,4.05,5.0,5.0,2.08,2.05,1.63,1.34,0.63,0.64,0.75,0.68,0.9,0.88,0.86,0.87
>10,female,Single,0.91,5.0,1.49,1.5,1,5.0,4.05,5.0,5.0,2.08,2.05,1.62,1.33,0.63,0.64,0.66,0.68,0.91,0.88,0.86,0.87
5-10,female,Single,0.91,5.0,1.49,1.5,1,5.0,4.05,5.0,5.0,2.55,2.05,1.63,1.33,0.63,0.64,0.75,0.68,0.91,0.88,0.86,0.87
5-10,female,Single,0.91,5.0,1.49,1.5,1,5.0,4.05,5.0,5.0,2.07,2.05,1.62,1.33,0.63,0.66,0.66,0.85,1.17,0.88,0.86,0.87
5-10,female,Single,0.93,5.0,1.49,1.5,1,5.0,4.05,5.0,5.0,2.07,2.05,1.62,1.32,0.63,0.64,0.66,0.85,0.9,0.88,0.87,0.87
5-10,male,Single,0.92,5.0,1.49,1.5,1,5.0,4.05,5.0,5.0,2.07,2.05,1.62,1.32,0.63,0.64,0.66,0.85,1.17,0.88,0.87,0.88
<5,female,Single,0.92,5.0,1.49,1.5,1,5.0,4.05,5.0,5.0,2.06,2.04,1.62,1.32,0.63,0.63,0.66,0.85,0.91,0.89,0.87,0.88
5-10,male,Single,0.92,5.0,1.49,1.51,1,5.0,4.05,5.0,5.0,2.06,2.04,1.61,1.32,0.63,0.63,0.66,0.85,0.91,0.9,0.87,0.88
5-10,male,Single,0.92,5.0,1.5,1.51,1,5.0,4.05,5.0,5.0,2.06,2.04,1.61,1.31,0.62,0.63,0.65,0.68,0.92,0.9,0.87,0.88
5-10,male,Married,0.92,5.0,1.5,1.51,1,5.0,4.05,5.0,5.0,2.06,2.04,1.61,1.32,0.62,0.63,0.72,0.67,1.17,0.9,0.87,0.88
5-10,male,Married,0.92,5.0,1.5,1.51,1,5.0,4.05,5.0,5.0,2.06,2.04,1.61,1.31,0.62,0.64,0.66,0.67,0.92,0.9,0.88,0.88
5-10,male,Single,0.92,5.0,1.5,1.51,1,5.0,4.05,,5.0,2.06,2.04,1.61,1.31,0.62,0.63,0.66,0.67,0.93,0.9,0.88,0.88
5-10,male,Married,0.92,5.0,1.5,1.51,1,5.0,4.04,5.0,5.0,2.06,2.03,1.61,1.31,0.62,0.63,0.66,0.68,0.93,0.9,0.88,0.89
5-10,male,Single,0.92,5.0,1.5,1.51,1,5.0,4.04,5.0,5.0,2.05,2.03,1.61,1.31,0.62,,0.66,0.67,0.93,0.91,0.88,0.89
5-10,male,Single,0.93,5.0,1.51,1.52,2,5.0,4.04,5.0,5.0,2.53,2.03,1.6,1.3,0.62,0.63,0.72,0.85,1.18,0.91,0.89,0.89
5-10,male,Single,0.94,,1.51,1.52,1,5.0,4.04,5.0,5.0,2.05,2.02,1.6,1.3,0.62,0.63,0.73,0.85,0.93,0.91,0.89,0.89
5-10,male,Single,0.93,5.0,1.51,1.52,2,5.0,4.04,5.0,5.0,2.04,2.02,1.6,1.3,,0.63,0.66,0.85,0.93,0.91,0.89,0.89
5-10,female,Single,0.94,5.0,1.51,1.53,2,5.0,4.04,5.0,5.0,2.05,2.02,1.59,1.3,,0.63,0.71,0.85,1.18,0.91,0.89,0.9
,male,Married,0.94,5.0,1.51,1.52,2,5.0,4.04,5.0,5.0,2.52,2.02,1.59,1.3,0.62,0.63,0.65,0.85,0.94,0.92,0.89,0.9
,female,Single,0.94,5.0,1.52,1.52,2,5.0,4.04,5.0,5.0,2.52,2.02,1.59,1.29,0.62,0.63,0.65,0.67,1.19,0.92,0.9,0.9
5-10,,Single,0.94,5.0,1.52,1.53,2,5.0,4.04,5.0,5.0,2.07,2.01,1.59,1.29,0.62,0.62,0.65,0.67,1.19,0.92,0.9,0.9
5-10,female,Single,0.95,5.0,1.52,1.53,2,5.0,4.04,5.0,5.0,2.06,2.01,1.59,1.29,0.62,0.62,0.65,0.85,1.19,0.92,0.9,0.9
5-10,female,Married,0.95,5.0,1.52,1.53,2,5.0,4.04,5.0,5.0,2.51,2.01,1.58,1.29,0.62,,0.71,0.67,1.19,0.93,0.9,0.91
5-10,male,Single,0.95,5.0,1.52,1.53,2,5.0,4.04,5.0,5.0,2.06,2.01,1.58,1.28,0.61,0.62,0.71,0.66,0.95,0.93,0.9,0.91
5-10,female,Married,0.95,5.0,1.53,1.54,2,5.0,4.03,5.0,5.0,2.06,2.0,1.58,1.28,0.61,0.62,5.0,0.67,1.2,0.93,0.91,0.91
5-10,male,Single,0.96,5.0,1.53,1.54,2,5.0,4.03,5.0,5.0,2.05,2.0,1.57,1.28,0.61,0.63,0.73,0.66,0.95,0.94,0.91,0.92
5-10,female,Single,0.98,5.0,1.54,1.55,2,5.0,4.03,5.0,5.0,2.04,1.99,1.57,1.27,0.61,0.63,0.63,0.86,1.21,0.94,0.92,0.93
<5,male,Single,0.99,5.0,1.55,1.56,2,5.0,4.02,5.0,5.0,2,1.98,1.55,1.25,0.6,0.61,0.63,0.66,0.98,0.96,0.93,0.94
<5,female,Single,1.0,5.0,1.56,1.57,2,5.0,4.02,5.0,5.0,1.98,1.96,1.55,1.24,0.6,0.61,0.71,0.65,1.21,0.97,0.95,0.95
5-10,male,Single,0.99,5.0,1.57,1.59,2,5.0,4.01,5.0,5.0,1.97,1.95,1.53,1.23,0.59,0.6,0.63,0.65,1.01,0.98,0.96,0.97
5-10,male,Single,1.0,5.0,1.59,1.59,2,5.0,4.01,5.0,5.0,1.98,1.88,1.67,1.21,0.59,0.6,0.62,0.64,1.23,1.0,0.98,0.98
5-10,male,Married,1.02,1.62,1.6,1.59,2,5.0,4.0,5.0,5.0,1.97,1.86,1.5,1.19,0.58,0.59,0.61,0.63,1.16,1.25,0.99,1.0
<5,male,Married,1.04,5.0,1.61,1.61,2,5.0,4.0,5.0,5.0,1.93,1.9,1.52,1.18,0.58,0.58,0.6,0.9,1.14,1.26,1.01,1.01
5-10,male,Single,1.05,5.0,1.63,1.64,2,5.0,3.99,5.0,5.0,1.91,1.89,1.83,1.16,0.57,0.58,0.61,0.62,1.15,1.27,1.02,1.03
>10,female,Single,1.06,5.0,1.64,1.65,2,5.0,3.99,5.0,5.0,1.9,1.82,1.81,1.14,0.57,0.58,0.65,0.61,1.18,1.28,1.04,1.04
5-10,male,Single,1.07,5.0,1.65,1.66,2,5.0,3.98,5.0,5.0,1.93,1.81,1.8,1.13,0.56,0.58,0.59,0.61,1.1,1.29,1.05,1.05
>10,?,Single,1.08,5.0,1.66,1.67,2,5.0,3.98,5.0,5.0,5,1.84,1.79,1.12,0.56,0.57,0.58,0.61,1.1,1.29,1.07,1.07
>10,female,Single,1.09,5.0,1.67,1.68,2,5.0,3.97,5.0,5.0,1.89,1.83,1.78,1.11,0.56,0.56,0.63,0.6,1.14,1.3,1.08,1.08
<5,male,Single,1.11,,1.68,1.69,2,5.0,3.97,5.0,5.0,1.85,1.82,1.13,1.1,0.55,0.56,0.58,0.6,0.94,1.31,1.09,1.09
<5,male,Single,1.12,5.0,1.69,1.71,2,5.0,3.97,5.0,5.0,1.86,1.81,1.75,1.08,0.55,0.55,0.57,0.59,0.95,1.32,1.11,1.11
<5,female,Single,1.14,5.0,1.71,1.72,2,5.0,3.96,5.0,5.0,1.82,1.79,1.73,1.07,0.54,0.55,0.57,0.59,0.96,1.33,1.12,1.12
<5,female,Single,1.15,5.0,1.72,1.73,2,5.0,3.96,5.0,5.0,1.81,1.78,1.71,1.06,0.54,0.54,0.57,0.58,0.96,1.35,1.14,1.13
>10,male,Single,1.16,5.0,1.73,1.74,2,5.0,3.95,5.0,5.0,1.78,1.76,1.7,1.04,0.53,0.53,0.56,0.58,0.97,1.36,1.15,1.15
<5,male,Single,1.18,1.76,1.75,1.75,2,5.0,3.95,5.0,5.0,1.77,1.75,1.69,1.03,0.53,0.53,0.55,0.57,0.97,1.36,1.17,1.16
<5,female,Single,1.19,5.0,1.76,1.77,2,5.0,3.94,5.0,5.0,1.75,1.74,1.67,1.01,0.53,0.52,0.54,,0.98,1.38,1.19,1.18
<5,female,Single,1.2,1.23,1.77,1.78,3,5.0,3.94,5.0,5.0,1.74,1.73,,1.0,0.53,0.52,0.54,0.56,0.99,1.39,1.2,1.19
5-10,female,Single,1.21,1.25,1.78,1.79,2,5.0,3.93,5.0,5.0,1.73,1.71,1.63,0.99,0.53,0.52,0.53,0.56,1.0,1.4,1.21,1.2
<5,male,Single,1.23,,1.79,1.8,2,5.0,3.93,5.0,5.0,1.72,1.71,,0.98,0.52,0.51,0.53,0.66,1.0,1.4,1.22,1.21
<5,female,Single,1.23,1.25,1.8,1.8,2,5.0,3.93,5.0,5.0,1.74,1.74,1.62,0.98,0.51,0.51,0.52,,0.6,1.41,1.25,1.22
<5,male,Single,1.23,,1.8,5.0,2,5.0,3.93,5.0,5.0,1.75,1.7,1.62,0.98,0.51,0.51,0.52,0.65,1.01,1.41,1.25,1.22
<5,female,Single,1.23,1.25,1.79,1.82,2,5.0,3.93,5.0,5.0,1.75,1.7,1.62,0.98,0.51,,0.52,0.65,1.01,1.41,1.25,1.22
<5,female,Single,1.23,1.25,1.8,5.0,2,5.0,3.93,5.0,5.0,1.75,1.7,1.62,0.98,0.51,0.51,0.52,0.65,1.0,1.41,1.25,1.22
<5,female,Single,1.23,1.26,1.8,1.84,2,5.0,3.94,5.0,5.0,1.76,1.69,1.62,0.98,0.51,0.51,0.52,0.64,1.0,1.41,1.23,1.22
<5,male,Single,1.23,1.26,1.28,5.0,2,5.0,3.94,,5.0,5,1.69,1.62,0.98,0.51,0.5,0.52,0.64,1.0,1.27,1.25,1.22
<5,female,Single,1.23,1.25,1.28,1.84,2,5.0,3.93,5.0,5.0,5,1.69,1.62,1.3,0.51,,0.52,0.65,0.99,1.29,1.23,1.22
<5,,Single,1.23,1.26,1.28,1.82,5,5.0,3.95,5.0,5.0,5,1.69,1.61,1.3,0.51,0.5,0.51,0.64,0.99,1.01,1.23,1.22
<5,female,Single,1.23,1.27,1.8,1.81,3,5.0,4.58,5.0,5.0,5,1.69,1.62,1.3,0.51,0.5,0.51,0.65,0.57,1.01,1.23,1.22
<5,female,Single,1.23,1.45,1.28,1.81,3,3.19,4.58,5.0,5.0,5,1.69,1.62,1.31,0.51,0.5,0.51,0.6,0.57,1.01,1.27,1.22
<5,female,Single,1.23,1.45,1.8,1.81,3,5.0,4.02,5.0,5.0,5,1.69,1.61,1.3,0.51,0.5,0.51,0.64,0.57,1.01,1.24,1.22
<5,male,Single,1.23,1.46,1.81,1.81,5,3.2,4.02,5.0,5.0,5,1.68,1.61,1.3,0.51,0.5,0.51,,0.58,1.01,1.24,1.22
<5,,Single,1.23,1.27,1.28,1.81,5,3.2,4.58,5.0,5.0,5,1.68,1.61,1.3,0.51,0.5,0.51,0.63,0.57,1.01,1.27,1.22
<5,female,Single,1.25,1.27,1.81,1.81,3,3.19,4.58,5.0,5.0,5,1.68,1.61,1.3,0.51,0.5,0.51,0.64,0.57,1.02,1.28,1.22
<5,male,Single,1.25,1.27,1.81,1.82,3,3.19,4.57,5.0,5.0,1.74,1.68,1.61,1.67,0.51,0.5,0.51,0.61,0.57,1.02,1.27,1.23
<5,male,Single,1.25,1.27,1.82,1.82,5,3.19,4.57,5.0,5.0,1.72,1.67,1.6,1.66,0.51,0.0,0.51,0.61,0.57,1.02,1.25,1.24
<5,male,Single,1.26,1.48,1.82,1.83,3,3.19,4.57,5.0,5.0,1.72,1.66,1.59,1.65,0.51,0.0,0.51,0.61,1.3,1.03,1.26,1.25
<5,female,Single,1.27,1.3,1.31,1.83,3,3.19,4.56,5.0,5.0,1.73,1.65,1.58,1.64,0.51,,,0.53,1.31,1.04,1.27,1.26
<5,female,Single,1.29,1.31,1.32,1.84,3,3.2,4.55,5.0,5.0,1.7,1.64,1.57,1.62,0.5,0.0,0.51,0.53,0.87,1.04,1.29,1.27
<5,male,Single,1.31,1.32,1.85,1.85,3,3.2,3.93,5.0,5.0,5,1.62,1.56,1.61,0.5,0.0,0.5,0.53,0.85,1.06,1.3,1.29
<5,,Single,1.32,1.5,1.35,1.87,2,3.2,4.54,5.0,5.0,1.69,1.61,1.6,1.59,0.51,0.0,0.5,0.52,0.83,1.07,1.32,1.3
<5,,Single,1.33,1.51,1.88,1.88,3,3.2,3.91,5.0,5.0,1.65,1.59,1.58,1.58,0.5,0.0,0.5,0.54,0.54,1.08,1.33,1.32
<5,female,Single,1.34,1.42,1.89,1.89,2,3.2,3.97,5.0,5.0,1.64,1.58,1.57,1.56,0.5,0.0,0.0,0.57,0.53,1.08,1.35,1.34
<5,?,Single,1.35,1.4,1.41,1.9,2,3.22,3.89,5.0,5.0,1.62,1.58,1.56,1.55,0.5,0.0,0.0,0.54,0.54,0.59,1.13,1.35
<5,male,Single,1.36,1.41,1.91,1.91,5,3.2,3.96,5.0,5.0,1.61,1.56,1.55,1.54,0.5,0.0,0.0,0.54,0.53,0.58,1.38,1.36
<5,male,Single,1.37,1.42,1.93,1.92,3,3.2,3.87,5.0,5.0,1.6,1.55,1.54,1.53,0.5,0.0,0.0,0.54,,0.58,1.44,1.37
<5,male,Single,1.38,1.42,1.94,1.46,2,3.2,3.95,3.88,5.0,1.6,1.55,1.56,1.52,0.51,0.0,0.0,0.51,0.52,1.03,1.44,1.38
<5,?,Single,1.38,1.39,1.94,1.92,2,3.2,4.57,5.0,5.0,5,1.58,1.56,1.52,0.55,0.0,0.0,0.5,0.52,1.03,1.45,1.38
<5,male,Single,1.37,1.39,1.94,1.45,2,3.21,5.0,3.96,5.0,5,1.56,1.56,1.52,0.55,0.0,0.0,0.0,0.52,1.02,1.44,1.38
<5,female,Single,1.37,1.39,1.94,1.45,2,3.21,5.0,5.0,5.0,5,1.55,1.56,1.52,0.55,0.0,0.0,0.0,0.69,1.02,1.4,1.38
<5,female,Single,1.37,1.39,1.94,1.45,2,3.21,5.0,5.0,5.0,5,1.59,1.56,1.52,0.55,0.0,,0.0,0.7,1.02,1.41,1.38
<5,?,Single,1.37,1.39,1.94,1.44,2,3.21,4.52,5.0,5.0,5,1.59,1.56,1.52,0.57,,0.0,0.0,0.7,1.02,1.14,1.38
<5,male,Single,1.37,1.39,1.41,1.44,2,3.21,5.0,5.0,5.0,5,1.57,1.55,1.52,0.56,0.0,0.0,0.0,0.7,1.13,1.42,1.38
<5,female,Single,1.37,1.38,1.41,1.44,2,3.21,4.51,4.52,5.0,5,1.56,1.55,1.52,0.56,0.5,0.0,0.0,0.69,1.03,,1.38
<5,,Single,1.37,1.38,1.41,1.43,5,3.21,3.22,4.51,5.0,5,1.55,1.56,1.52,0.57,0.0,0.0,0.0,,0.91,1.12,1.38
5-10,male,Single,1.37,1.38,1.41,1.43,5,3.21,3.22,3.89,5.0,5,1.56,1.55,1.46,0.51,0.0,0.0,0.0,0.62,1.43,1.13,1.38
<5,male,Married,1.37,1.38,1.42,1.43,5,3.21,3.22,3.88,5.0,5,1.56,1.54,1.46,0.54,0.0,0.0,0.0,0.62,1.43,1.13,1.38
<5,male,Married,1.37,1.4,1.41,1.43,2,3.21,3.22,3.88,5.0,5,1.56,1.53,1.46,0.59,0.0,0.0,0.0,0.6,1.43,1.11,1.38
<5,male,Married,1.37,1.4,1.41,1.43,5,3.21,5.0,3.88,5.0,5,1.56,1.54,1.46,0.58,0.0,0.0,0.0,0.6,1.43,1.11,1.38
<5,female,Married,1.38,1.42,1.57,1.44,5,3.21,5.0,5.0,5.0,5,1.56,1.55,1.52,0.6,0.0,0.0,0.0,0.58,1.43,1.11,1.39
<5,male,Married,1.38,1.4,1.58,1.43,2,3.21,5.0,3.89,5.0,5,1.56,1.55,1.52,0.64,0.0,0.0,0.0,0.0,1.44,1.12,1.39
<5,male,Married,1.38,1.4,1.58,1.93,5,3.21,5.0,3.89,5.0,5,1.56,1.55,1.52,,0.0,0.0,0.0,0.0,1.44,1.12,1.39
<5,male,Married,1.38,1.4,1.57,1.43,2,3.21,5.0,4.52,5.0,5,1.56,1.55,1.52,0.64,0.0,0.0,0.0,0.5,0.54,1.12,1.39
<5,female,Married,1.38,1.4,1.57,1.43,2,3.21,5.0,3.89,5.0,5,1.56,1.55,1.52,0.64,0.0,,0.0,0.0,0.53,1.12,1.39
<5,female,Married,1.38,1.4,1.58,1.43,2,3.21,5.0,5.0,5.0,5,1.56,1.54,1.52,0.64,0.0,0.0,0.0,0.5,1.44,1.12,1.39
<5,female,Married,1.38,1.4,1.58,1.93,2,3.21,5.0,5.0,5.0,5,1.55,1.54,1.52,0.6,0.0,0.0,0.0,0.0,1.44,1.12,1.39
<5,female,Married,1.38,1.39,1.58,1.93,2,3.21,5.0,3.88,3.95,5,1.56,1.53,1.51,0.64,0.0,0.0,0.0,0.0,0.54,1.12,1.39
<5,male,Married,1.39,1.4,1.59,1.94,2,3.21,5.0,3.89,5.0,5,1.55,1.53,1.51,0.63,0.0,0.0,0.0,0.5,0.53,1.11,1.4
<5,female,Married,1.39,1.41,1.59,1.94,2,3.21,5.0,3.87,5.0,5,1.57,1.53,1.51,0.62,0.0,,0.0,,0.52,1.1,1.41
5-10,female,Married,1.4,1.41,1.6,1.94,2,3.21,5.0,3.87,5.0,5,1.57,1.52,1.5,0.53,0.0,0.0,0.0,0.0,0.52,1.12,1.41
<5,?,Married,1.41,1.42,1.6,1.95,2,3.21,5.0,3.86,5.0,5,1.56,1.53,1.5,0.61,0.0,0.0,0.0,0.0,0.52,1.05,1.42
<5,?,Married,1.41,1.42,1.44,1.96,2,3.22,5.0,3.86,5.0,5,1.56,1.52,1.49,5.0,0.0,0.0,0.0,0.51,0.52,,1.43
<5,male,Married,1.42,1.42,1.45,1.97,2,3.21,3.24,3.86,3.85,5,1.55,1.5,1.49,0.64,0.0,0.0,0.0,0.51,0.52,0.57,1.44
<5,female,Married,1.43,1.43,1.46,1.97,2,3.21,3.22,3.85,3.85,5,1.54,1.5,1.48,0.81,0.0,0.0,0.0,,0.52,0.57,1.45
<5,male,Married,1.44,1.44,1.46,1.98,2,3.21,3.22,4.48,3.84,5,1.53,1.5,1.48,0.81,0.0,0.0,0.0,0.51,0.53,0.57,1.46
<5,?,Married,1.45,1.45,1.47,1.99,2,3.21,3.21,4.48,3.83,5,1.53,1.48,1.47,0.67,0.0,0.0,0.0,0.51,0.7,0.57,1.47
<5,female,Married,1.46,1.46,1.48,2.01,2,3.21,3.21,4.48,3.83,5,1.52,1.47,1.46,0.53,0.0,0.0,0.0,0.51,0.71,0.97,1.47
<5,female,Married,1.47,1.47,1.49,2.59,2,3.21,3.21,4.47,3.82,5,1.51,1.46,1.45,0.53,0.5,0.0,0.0,0.51,0.68,0.99,1.48
<5,female,Married,1.48,1.48,1.49,5.0,2,3.21,3.21,4.46,3.81,5,1.5,1.45,1.45,0.53,0.54,0.0,0.0,0.51,0.71,0.99,1.22
<5,male,Married,1.49,1.49,1.51,5.0,2,3.21,3.2,4.46,3.8,5,5.0,1.47,1.43,0.54,0.56,0.51,0.0,0.5,0.69,0.58,1.23
<5,female,Married,1.5,1.5,1.51,5.0,2,3.26,3.21,4.46,3.8,5,5.0,1.47,1.43,0.54,0.58,0.51,0.0,0.5,0.7,0.57,1.24
<5,male,Married,1.51,1.51,1.52,1.56,2,3.26,3.21,4.45,3.83,5,5.0,1.42,1.43,0.55,0.57,0.5,0.0,0.5,0.71,0.58,1.25
<5,male,Married,1.52,1.52,1.53,1.56,2,3.26,5.0,4.45,3.82,5,5.0,1.42,1.44,0.55,0.58,0.5,0.0,0.51,1.61,1.04,1.25
<5,female,Married,1.53,1.53,1.54,1.57,2,3.26,3.23,4.44,3.78,5,2.1,1.43,1.41,0.73,0.52,0.51,0.0,0.51,1.62,1.27,1.27
<5,male,Married,1.54,1.54,1.55,1.57,2,3.26,3.19,4.44,3.77,5,2.09,1.42,1.4,0.73,,0.51,0.0,0.51,1.63,1.28,1.27
<5,male,Married,1.56,1.55,1.56,1.58,2,3.26,3.19,5.0,3.76,5,2.08,1.42,1.41,0.71,0.53,0.51,0.5,0.51,5.0,,1.28
,female,Married,1.56,1.56,1.57,1.59,2,3.27,3.19,4.44,3.75,5,2.07,1.41,1.38,0.71,0.53,0.51,0.5,0.51,5.0,0.86,1.29
<5,female,Married,1.57,1.57,1.58,1.6,2,3.27,3.18,4.44,3.74,5,2.06,1.4,1.37,0.72,0.53,0.52,0.51,,5.0,0.87,1.3
<5,female,Married,1.58,1.58,1.59,1.61,2,3.27,3.18,4.43,3.73,5,2.04,1.39,1.37,0.71,0.54,0.52,0.51,0.52,5.0,1.08,1.31
<5,female,Married,1.6,1.59,1.6,1.63,2,3.26,3.17,5.0,3.73,5,2.03,1.38,1.37,0.71,0.55,0.53,0.52,0.52,0.68,1.65,1.32
<5,female,Married,1.36,1.61,1.62,1.64,2,3.26,3.17,5.0,3.71,5,2.02,1.37,1.35,0.71,0.55,0.53,0.52,0.53,0.71,1.66,1.34
<5,female,Married,1.37,1.62,1.63,1.65,2,3.26,3.16,5.0,3.7,5,2.0,5.0,1.34,0.71,0.56,0.54,0.53,0.53,0.73,0.92,1.36
<5,male,Married,1.39,1.64,1.65,1.67,2,3.25,3.16,5.0,3.69,5,1.98,5.0,1.32,1.34,0.56,0.54,0.53,0.54,0.66,0.93,1.37
<5,female,Married,1.41,1.65,1.67,1.68,2,3.25,3.15,5.0,3.67,5,1.96,5.0,1.3,1.33,0.57,0.55,0.54,0.55,0.67,0.94,1.39
<5,female,Married,1.42,1.67,1.68,1.7,2,3.24,3.15,5.0,3.66,5,1.95,5.0,1.28,0.7,0.58,0.56,0.55,0.55,0.69,0.95,1.41
<5,female,Married,1.44,1.69,1.7,1.72,2,3.24,3.14,5.0,3.65,5,1.93,5.0,1.27,0.7,0.58,0.56,0.55,0.56,0.71,0.97,1.43
<5,?,Married,1.46,1.71,1.72,1.74,2,3.24,3.13,5.0,3.63,5,1.91,5.0,1.25,0.71,0.59,0.57,0.56,0.57,0.73,0.99,1.44
<5,male,Married,1.48,1.72,1.73,1.76,2,3.24,3.13,4.36,3.62,5,1.89,5.0,1.23,0.71,0.6,0.57,0.57,0.57,0.74,1.01,1.46
<5,female,Married,1.5,1.74,1.75,,2,3.24,3.12,4.36,3.61,5,1.87,5.0,1.21,,0.6,0.58,0.57,0.58,0.77,1.03,1.48
<5,female,Married,1.51,1.76,1.77,1.79,2,3.23,3.11,5.0,3.59,5,1.85,5.0,1.16,0.65,0.61,0.59,0.58,0.59,0.79,1.82,1.5
<5,female,Married,1.53,1.78,1.79,1.81,2,3.23,3.11,4.34,3.58,5,1.83,1.65,1.15,0.86,0.62,0.59,0.59,0.59,0.74,1.84,1.52
<5,male,Married,1.56,1.8,1.81,1.83,2,3.23,3.1,4.34,3.56,5,1.81,5.0,1.12,0.84,0.62,0.6,0.59,0.6,5.0,1.56,1.54
<5,female,Married,1.57,1.82,1.83,1.85,2,3.23,3.09,4.33,3.55,5,1.79,5.0,1.1,0.83,0.63,0.61,0.6,0.61,0.85,5.0,1.56
<5,female,Married,1.59,1.84,1.85,1.87,2,3.23,3.09,3.11,3.53,5,1.77,5.0,1.08,0.83,0.64,0.62,0.61,0.62,5.0,0.97,1.42
<5,female,Married,1.61,1.86,1.87,1.89,2,3.23,3.08,5.0,3.52,5,1.75,5.0,1.06,0.86,0.65,0.62,0.62,0.62,5.0,0.99,1.43
<5,,Married,1.63,1.87,1.89,1.92,5,3.22,3.07,3.09,3.5,5,1.73,5.0,1.04,0.93,0.65,0.63,0.62,0.63,5.0,1.01,1.62
<5,male,Married,1.65,1.89,1.9,1.94,5,3.22,3.07,4.3,3.49,5,1.71,5.0,1.02,0.92,0.66,0.64,0.63,0.64,5.0,1.95,1.64
<5,male,Married,1.67,1.91,1.93,5.0,5,3.22,3.06,3.08,3.48,5,1.69,5.0,1.01,,0.67,0.65,0.64,0.64,5.0,1.69,1.66
<5,female,Married,1.69,1.93,1.95,1.97,2,3.22,3.05,3.07,3.46,5,1.67,5.0,0.99,0.72,0.67,0.65,0.65,0.65,5.0,,1.68
<5,female,Married,1.71,1.95,1.97,1.99,2,3.09,3.05,5.0,3.45,5,1.65,5.0,0.97,0.72,0.68,0.66,0.65,0.66,5.0,2.0,1.61
<5,female,Married,1.73,1.97,1.98,2.01,5,3.22,3.04,5.0,3.43,5,1.63,5.0,0.95,0.72,0.69,,0.66,0.67,5.0,2.03,1.72
<5,female,Married,1.75,1.99,2.0,2.03,5,3.22,3.03,3.05,3.41,5,1.61,5.0,0.93,0.74,0.69,0.66,0.67,0.67,5.0,2.04,1.64
<5,male,Single,1.77,2.01,2.02,2.05,5,3.07,3.02,3.04,3.4,5,1.59,5.0,0.91,0.73,0.7,0.67,0.67,0.68,0.85,5.0,1.67
<5,female,Single,1.79,2.03,2.04,2.07,5,3.22,3.02,5.0,3.39,5,1.57,5.0,0.89,0.74,0.71,0.68,0.68,0.69,5.0,5.0,1.68
<5,male,Single,1.81,2.04,2.06,2.98,5,3.22,3.01,3.4,3.39,5,1.55,5.0,0.87,1.06,0.71,0.68,0.69,0.7,5.0,5.0,1.62
<5,female,Single,1.83,6.03,2.08,2.99,5,3.06,3.01,3.37,3.36,5,1.53,5.0,0.86,1.05,0.72,0.69,0.69,0.71,5.0,5.0,1.64
<5,female,Single,1.85,2.08,2.1,3.01,5,3.22,3.0,3.01,3.35,5,1.51,5.0,0.84,1.04,0.73,0.71,0.69,0.71,5.0,1.79,1.66
<5,female,Single,2.12,2.1,2.12,5.0,5,3.22,2.99,3.01,3.34,5,1.49,5.0,0.82,1.04,0.76,0.72,0.69,0.72,5.0,5.0,1.86
<5,female,Single,2.13,2.12,2.14,5.0,3,3.23,2.98,3.0,3.32,5,1.47,5.0,5.0,1.03,0.72,0.73,0.69,0.72,5.0,5.0,1.7
<5,female,Single,2.15,2.13,2.15,5.0,3,3.23,2.98,3.0,3.31,5,1.46,5.0,5.0,1.02,0.72,0.71,0.69,0.73,5.0,1.22,1.71
>10,female,Single,2.16,2.15,2.16,5.0,5,3.22,2.98,3.0,3.3,5,1.44,5.0,4.25,1.02,0.73,0.71,0.7,0.71,3.06,1.14,1.7
>10,female,Married,1.93,2.15,2.16,5.0,3,3.0,2.98,2.99,5.0,4.03,1.44,5.0,4.25,0.89,0.77,0.71,0.7,0.71,3.05,1.13,1.65
>10,female,Married,1.92,2.15,5.0,5.0,3,3.22,2.98,4.16,3.31,4.03,1.45,5.0,4.26,0.87,0.78,0.71,0.7,0.71,3.05,1.13,1.65
>10,male,Single,2.15,2.15,2.17,5.0,3,3.22,2.98,2.99,3.32,4.03,1.44,5.0,4.25,0.87,0.73,0.71,0.7,0.71,3.05,1.15,1.66
>10,female,Single,2.16,2.15,2.17,5.0,3,3.22,2.98,4.16,3.32,4.03,1.44,5.0,4.25,0.89,0.73,0.71,0.7,0.71,5.0,1.14,1.65
>10,female,Single,2.16,2.15,2.17,5.0,5,3.22,2.98,3.3,3.3,4.03,1.44,5.0,5.0,0.88,0.77,0.71,,0.71,3.07,1.16,1.72
>10,male,Single,2.16,2.15,2.18,5.0,5,3.22,2.97,2.99,3.31,4.02,1.44,5.0,4.25,0.87,0.76,0.71,0.7,,3.06,1.16,1.65
>10,?,Single,2.16,2.15,2.17,5.0,5,3.22,2.97,3.3,3.3,4.02,1.44,5.0,5.0,0.87,0.75,0.71,0.7,0.71,3.06,1.14,1.71
>10,female,Single,2.17,2.16,2.17,5.0,3,3.22,2.97,4.16,4.17,4.02,1.44,5.0,5.0,0.87,0.76,0.71,0.7,0.71,3.06,1.14,1.71
>10,?,Single,2.17,2.16,2.17,5.0,3,3.22,2.97,4.16,5.0,4.02,1.43,5.0,5.0,0.88,0.78,0.71,0.7,0.71,3.06,1.14,1.66
>10,,Single,2.17,2.16,2.18,5.0,3,3.22,2.97,3.3,5.0,4.02,1.43,5.0,5.0,0.87,0.83,0.71,0.7,0.71,3.07,1.15,1.66
>10,female,Single,2.18,2.17,2.19,5.0,3,3.23,2.97,2.99,5.0,4.02,1.42,5.0,5.0,0.86,0.83,0.71,0.7,,5.0,1.16,1.68
<5,,Single,2.18,2.17,2.31,5.0,3,2.99,2.97,4.15,5.0,4.02,1.41,5.0,5.0,0.86,0.83,0.72,0.71,0.72,3.07,1.17,1.68
<5,male,Single,2.19,2.18,2.29,5.0,5,2.98,2.96,4.14,3.29,4.01,1.41,5.0,5.0,0.85,0.84,0.72,0.71,0.72,5.0,1.18,1.69
<5,female,Single,1.98,2.19,2.32,5.0,5,2.98,2.96,5.0,3.27,4.01,1.4,5.0,5.0,0.85,0.84,0.73,0.71,0.72,3.09,0.8,1.71
<5,male,Single,2.22,2.21,2.33,5.0,4,2.97,2.95,4.14,3.26,4,1.38,5.0,5.0,0.84,0.83,0.73,0.72,0.73,3.1,1.13,1.67
<5,?,Single,2.23,2.23,2.37,5.0,4,2.97,2.95,4.14,3.25,4,1.37,5.0,1.19,0.84,0.84,0.74,0.73,0.74,5.0,5.0,1.7
<5,female,Single,2.25,2.24,2.36,5.0,4,3.23,2.94,4.13,3.23,3.99,1.35,5.0,1.17,0.83,0.77,0.75,0.73,0.74,5.0,5.0,1.78
<5,female,Single,2.26,2.26,2.39,5.0,4,2.96,2.93,2.95,3.22,3.99,1.33,5.0,5.0,0.83,0.83,0.75,0.74,0.75,5.0,2.31,1.79
<5,male,Single,2.28,2.27,5.0,5.0,4,3.23,2.93,2.94,3.2,3.98,1.31,5.0,1.13,0.82,0.85,0.76,0.75,0.76,5.0,2.33,1.81
<5,male,Single,2.3,2.29,5.0,5.0,4,2.95,2.92,2.93,3.19,3.98,1.29,5.0,1.11,0.81,0.79,0.76,0.76,0.77,5.0,2.35,1.83
<5,male,Single,2.32,2.31,5.0,5.0,3,2.94,2.91,3.18,3.18,3.98,1.27,5.0,1.09,0.81,0.79,0.77,0.76,0.78,5.0,5.0,1.85
<5,male,Single,2.34,2.33,5.0,5.0,3,3.23,2.91,3.16,3.16,5,1.26,5.0,1.07,0.82,0.86,0.77,0.77,0.78,5.0,5.0,1.87
<5,male,Single,2.36,2.35,2.46,5.0,4,2.93,2.9,,3.15,3.96,1.24,5.0,1.05,0.94,0.96,,0.78,0.79,5.0,5.0,1.89
<5,?,Single,2.58,2.36,2.48,5.0,4,2.92,2.89,3.14,3.14,3.95,1.22,5.0,1.03,0.92,0.8,0.79,0.79,0.8,,1.34,1.83
<5,,Single,2.39,2.38,5.0,5.0,4,2.91,2.89,2.9,3.13,3.94,1.04,1.03,1.01,0.91,0.79,0.8,0.79,0.8,5.0,1.36,1.93
<5,female,Single,2.2,2.39,2.5,5.0,3,2.9,2.88,3.12,3.12,3.94,1.02,1.01,1.0,0.9,,0.81,0.79,0.81,5.0,5.0,2.17
<5,female,Single,2.18,2.4,2.5,5.0,4,3.23,2.88,3.49,3.11,3.94,1.02,1.0,0.99,0.9,0.78,0.81,0.78,0.81,4.23,5.0,1.73
<5,female,Single,2.17,2.4,2.5,5.0,4,3.24,2.88,3.49,3.12,3.97,1.02,,0.99,0.9,,0.81,0.78,0.81,5.0,5.0,1.58
<5,male,Single,2.17,2.4,2.5,5.0,3,3.23,2.88,3.49,3.13,3.97,1.02,1.01,1.0,,0.77,0.81,0.78,0.85,4.23,5.0,1.58
<5,male,Single,2.17,2.4,5.0,5.0,3,3.23,2.89,3.49,3.13,5,1.03,1.01,1.0,0.85,0.77,0.81,0.78,0.85,4.23,5.0,1.58
<5,female,Single,2.17,2.4,5.0,5.0,3,3.23,2.89,3.49,3.14,3.95,1.03,1.01,1.0,0.9,0.77,0.79,0.78,0.84,4.22,5.0,1.58
<5,female,Single,2.17,2.4,5.0,5.0,4,3.24,2.89,3.49,3.12,3.95,1.03,1.01,1.0,0.89,0.77,0.78,0.78,0.81,4.23,5.0,1.58
<5,male,Single,2.17,2.4,2.49,5.0,4,3.24,2.89,3.49,3.12,3.95,1.03,1.01,1.0,0.9,0.77,0.79,0.78,0.8,4.22,5.0,1.58
5-10,male,Single,2.17,2.4,5.0,5.0,5,3.24,2.89,3.49,3.11,3.95,1.03,1.02,1.0,0.85,0.77,0.79,0.78,0.8,4.23,5.0,1.56
5-10,female,Married,2.17,2.4,5.0,5.0,5,3.24,2.89,3.5,3.12,3.95,1.03,1.02,1.0,0.85,0.77,0.79,0.78,0.8,4.24,5.0,1.58
5-10,male,Single,2.17,2.4,2.46,,5,3.24,2.89,2.9,2.91,3.95,1.04,1.02,1.0,0.9,0.77,0.79,0.77,0.79,0.83,5.0,1.56
5-10,?,Single,2.17,2.4,2.43,5.0,5,3.24,2.89,2.9,2.91,2.01,4.83,1.01,0.99,0.91,0.77,0.79,0.77,0.79,5.0,5.0,5.0
5-10,female,Single,2.17,2.4,2.43,5.0,5,3.24,2.89,,2.91,2.01,4.82,1.02,1.0,0.92,0.77,0.79,0.77,0.79,0.82,5.0,1.57
5-10,female,Single,1.99,2.41,2.49,5.0,5,3.24,2.89,2.9,2.91,2.02,4.82,1.02,1.0,0.92,0.77,0.79,0.77,0.79,0.82,5.0,1.56
5-10,?,Single,2.18,2.41,5.0,5.0,5,3.24,2.89,2.89,2.91,2.01,4.82,1.01,0.99,0.91,0.77,0.79,0.77,0.79,4.24,5.0,1.57
5-10,female,Single,2.18,2.41,2.48,5.0,5,3.24,2.89,2.89,2.91,3.94,1.03,1.01,0.99,0.92,0.77,0.79,0.78,0.8,4.24,5.0,1.6
5-10,female,Single,2.19,2.42,2.48,5.0,5,3.24,2.88,2.89,2.9,3.96,1.02,1.0,0.98,0.87,0.76,0.79,0.78,0.79,5.0,1.14,1.56
5-10,male,Single,2.2,2.43,2.46,5.0,5,3.24,2.88,2.88,2.9,3.93,4.79,0.99,0.97,0.91,0.76,0.8,0.78,0.8,0.84,1.15,5.0
5-10,male,Single,2.21,2.44,2.52,5.0,5,3.24,2.87,2.88,2.89,3.93,4.78,0.98,0.96,0.91,0.77,0.81,0.79,0.8,0.84,5.0,1.59
5-10,female,Single,2.23,2.47,2.51,5.0,3,3.23,2.86,2.87,2.88,3.92,4.76,1.0,0.94,0.9,0.77,0.81,0.8,0.81,0.85,1.78,5.0
<5,female,Single,2.25,5.0,2.52,5.0,5,3.23,2.86,2.87,2.88,5,4.75,0.98,0.93,,0.77,0.82,0.8,0.81,4.26,1.78,1.56
<5,male,Single,2.26,2.56,2.53,5.0,3,3.23,2.85,2.85,2.87,3.91,4.73,5.0,0.91,0.9,0.77,0.83,0.81,0.82,0.86,5.0,5.0
<5,female,Single,2.28,,2.51,5.0,3,3.23,2.84,2.84,2.86,3.91,4.71,0.92,0.9,0.9,0.77,0.84,0.82,0.85,4.27,5.0,5.0
<5,male,Single,2.3,5.0,2.58,5.0,3,3.23,2.83,2.83,2.85,3.9,4.7,0.9,0.88,0.9,0.89,0.77,0.83,0.86,4.27,5.0,1.55
<5,female,Single,2.32,2.62,2.58,5.0,3,3.23,2.82,2.83,2.84,3.9,4.68,0.89,0.87,0.89,0.88,0.77,0.84,0.87,4.28,5.0,1.57
<5,male,Single,2.34,2.58,2.59,5.0,3,3.23,2.81,2.82,2.83,5,3.89,0.87,0.85,,0.86,,0.85,0.86,0.91,5.0,1.59
<5,male,Single,2.36,,2.6,5.0,3,3.23,2.8,2.8,2.82,5,4.64,0.88,0.83,0.9,0.8,0.77,0.86,0.86,4.29,5.0,1.56
<5,female,Single,2.37,2.6,2.6,5.0,3,3.24,2.79,2.79,2.81,3.87,4.63,0.86,0.82,0.89,0.79,0.77,0.87,,0.92,5.0,1.58
<5,male,Single,2.39,2.62,2.61,5.0,3,3.24,2.79,2.79,2.8,3.86,4.61,0.85,0.8,0.89,0.79,0.77,0.87,0.87,0.93,5.0,1.59
<5,male,Single,2.4,2.62,2.62,2.63,3,3.23,2.78,2.78,2.79,3.85,4.59,0.84,0.79,0.89,0.78,0.77,0.88,0.88,5.0,1.27,1.6
<5,male,Single,2.4,2.62,2.62,2.64,3,3.24,2.78,2.78,2.79,2.16,3.85,0.85,0.79,0.89,0.79,0.77,0.89,0.88,0.9,5.0,1.61
<5,male,Single,2.4,,2.62,2.63,3,3.24,5.0,2.78,2.79,1.8,3.85,0.82,0.8,0.89,0.79,0.77,0.89,0.88,0.89,5.0,1.61
<5,female,Single,2.4,2.63,2.61,2.63,5,3.24,2.8,2.78,2.79,1.8,3.86,0.96,0.89,0.0,0.87,0.77,0.89,0.87,0.89,1.27,0.95
<5,female,Single,2.4,2.63,2.62,2.63,5,3.24,3.25,2.78,2.8,1.8,3.86,0.85,0.89,0.0,0.88,0.77,0.88,0.87,0.89,1.27,0.94
<5,?,Single,2.4,2.63,2.62,2.63,3,3.24,2.8,2.78,2.79,1.8,3.86,0.96,0.89,0.0,0.87,0.77,0.88,0.87,0.89,5.0,0.94
<5,male,Single,2.4,2.85,2.62,2.63,5,3.24,2.8,2.78,2.79,1.8,3.86,0.82,0.89,0.0,0.87,0.77,0.88,0.87,0.89,1.17,0.94
<5,male,Single,2.4,2.84,2.62,2.63,5,3.24,2.82,2.78,2.8,1.8,3.86,0.96,0.79,0.0,0.87,0.87,0.88,0.87,0.88,1.17,0.95
<5,male,Single,1.99,2.84,2.62,2.62,5,3.24,2.82,2.79,2.8,1.8,3.85,0.96,0.79,0.0,0.87,0.87,0.89,0.87,0.88,0.91,0.93
<5,female,Married,1.99,2.85,2.62,2.63,5,3.24,2.82,2.79,2.81,1.8,3.86,0.96,0.79,0.0,0.87,0.87,0.87,0.87,0.88,0.91,0.93
<5,female,Married,1.99,2.85,2.62,2.63,5,3.24,2.79,2.78,2.81,1.8,3.85,0.81,0.79,0.0,0.87,0.87,0.88,,0.88,0.91,0.93
<5,male,Single,2.09,2.85,2.61,2.63,5,3.24,2.8,2.78,2.82,1.8,3.86,0.81,0.79,0.0,0.87,0.86,0.77,0.87,0.88,0.9,0.93
<5,female,Single,1.92,2.43,2.61,2.63,5,3.24,2.8,2.79,2.83,1.8,3.86,0.82,0.79,0.0,0.87,,0.77,0.87,0.88,0.9,5.0
<5,male,Married,1.88,2.41,2.61,5.0,5,3.25,2.8,2.79,2.98,1.8,3.86,0.96,0.79,0.0,0.87,0.83,0.76,0.87,0.88,5.0,5.0
<5,male,Married,1.6,2.41,2.62,2.64,5,3.25,2.8,2.79,2.8,1.81,3.86,0.97,0.79,0.0,0.87,0.77,0.75,0.87,0.88,4.3,5.0
<5,male,Married,1.6,2.41,2.63,2.7,5,3.25,3.25,2.79,2.79,2.81,0.87,4.6,0.79,0.81,0.88,0.84,0.75,0.87,0.87,0.93,5.0
<5,female,Married,1.6,2.41,2.63,2.63,5,3.26,2.81,2.8,2.79,3.04,0.88,3.87,0.8,2.16,0.87,0.77,0.75,0.86,0.87,0.91,5.0
<5,male,Married,1.6,2.41,2.63,2.63,5,3.25,2.81,2.8,2.79,2.82,3.86,3.87,0.8,2.16,0.87,0.76,0.75,0.87,0.87,0.89,5.0
<5,female,Married,0.95,2.41,2.63,2.63,5,3.25,2.82,2.8,2.79,2.81,3.86,3.87,5.0,3.33,0.87,0.76,0.75,0.87,0.86,0.88,5.0
<5,male,Married,0.94,2.41,2.63,2.63,5,3.26,2.81,2.8,2.79,2.81,3.86,3.86,5.0,3.33,0.87,0.76,0.75,0.86,0.86,0.88,5.0
<5,?,Single,0.94,2.41,2.63,2.63,5,3.26,2.82,2.8,2.79,2.81,3.86,3.87,5.0,3.33,0.87,0.77,0.75,0.86,0.86,0.88,5.0
<5,,Single,0.94,2.41,2.63,2.63,5,3.26,3.26,2.81,2.79,2.81,3.87,3.87,5.0,3.33,0.87,0.77,0.75,0.87,0.86,0.88,5.0
<5,male,Married,0.93,2.41,2.63,2.63,5,3.26,3.26,2.8,2.79,2.81,0.88,3.87,5.0,3.33,0.87,0.86,0.75,0.87,0.86,0.87,5.0
<5,male,Married,0.92,6.14,2.64,2.63,3,3.27,3.26,2.8,2.79,2.81,1.81,4.6,5.0,0.79,0.0,0.86,0.75,0.87,0.86,0.87,5.0
5-10,male,Single,0.92,2.41,2.85,2.63,3,3.27,3.26,2.81,2.8,2.81,1.81,3.87,5.0,0.79,0.0,0.86,0.75,0.86,0.86,0.87,5.0
<5,female,Single,0.92,2.41,5.0,2.63,3,3.87,3.26,2.82,2.8,2.81,1.81,0.83,5.0,0.78,0.0,0.85,0.85,0.86,0.86,0.87,0.9
<5,male,Single,0.92,2.14,5.0,2.63,3,3.87,3.26,2.81,2.8,2.81,1.8,3.88,0.96,0.78,0.0,0.85,0.85,0.86,0.85,0.86,0.89
<5,male,Single,1.36,2.42,2.84,2.63,3,3.87,3.26,2.81,2.8,2.82,1.8,3.87,0.95,0.78,0.0,0.85,0.82,0.86,0.85,0.86,4.33
<5,male,Single,1.27,2.42,2.42,2.63,3,3.88,3.26,2.82,2.8,2.82,1.8,3.87,0.95,0.77,0.0,0.85,0.82,0.86,0.85,0.86,4.33
<5,male,Single,1.28,2.43,2.42,2.63,5,3.88,3.26,2.82,2.8,2.99,1.8,3.87,5.0,0.77,0.0,0.86,0.81,0.75,0.85,0.87,0.89
<5,male,Single,5.0,1.73,2.43,2.64,3,3.29,3.27,2.82,2.8,2.82,1.8,3.87,5.0,0.77,0.0,0.85,0.75,,0.86,0.9,0.9
<5,female,Single,0.95,1.72,2.42,2.64,3,3.29,3.27,2.82,2.8,2.8,2.99,3.87,5.0,0.76,0.0,0.85,0.76,0.73,0.86,0.86,5.0
<5,female,Single,0.95,1.61,2.42,2.65,5,5.0,3.27,2.82,2.8,2.8,1.8,3.88,5.0,0.76,0.87,0.85,0.75,0.73,0.86,0.86,0.92
<5,,Single,1.19,1.64,2.42,2.65,3,5.0,3.27,2.83,2.81,2.8,2.82,1.81,3.87,0.76,0.87,0.85,0.75,0.73,0.86,0.86,0.9
>10,female,Single,0.92,0.92,2.42,2.66,3,5.0,3.27,3.27,5.0,2.8,2.81,1.81,3.87,0.75,0.77,0.0,0.84,0.73,0.85,0.85,0.87
>10,female,Single,0.89,0.92,2.16,2.72,3,5.0,2.41,3.27,3.3,2.8,2.81,1.8,3.87,0.75,0.76,0.0,0.84,0.74,0.85,0.85,0.86
>10,male,Single,0.88,0.92,2.16,5.0,3,5.0,3.29,3.28,2.81,2.8,2.81,1.8,3.87,0.75,0.76,0.0,0.84,0.84,0.74,0.85,0.86
<5,female,Single,0.88,5.0,2.16,2.44,3,5.0,2.86,3.28,2.81,2.8,2.96,,5.0,0.74,0.75,0.0,0.84,0.83,0.85,0.85,0.87
>10,female,Single,0.89,5.0,1.94,2.44,3,5.0,2.72,3.28,2.81,2.8,2.97,1.8,3.87,0.74,0.75,0.0,0.84,0.8,0.74,0.85,0.88
<5,?,Single,0.89,5.0,2.44,2.44,3,5.0,2.86,3.28,2.81,2.8,2.82,1.79,3.87,0.74,0.75,0.0,0.84,0.8,0.74,0.85,0.88
<5,female,Single,0.88,5.0,1.94,2.44,3,5.0,3.29,3.28,2.81,2.8,2.96,1.79,5.0,0.74,0.75,0.0,0.84,0.8,0.74,0.85,0.88
>10,male,Single,0.88,5.0,2.44,2.44,3,5.0,2.86,3.28,2.81,2.8,2.96,1.79,5.0,0.74,0.75,0.0,0.84,0.8,0.74,0.85,0.89
>10,female,Single,0.89,5.0,2.44,2.44,3,5.0,2.86,3.28,2.81,2.8,2.96,1.79,5.0,0.74,0.75,0.0,0.84,0.8,0.74,,0.88
<5,female,Single,0.89,5.0,2.44,2.44,3,5.0,2.86,3.28,2.81,2.8,2.96,1.79,5.0,0.74,0.75,0.0,0.84,0.8,0.74,0.86,0.88
<5,female,Single,0.89,5.0,2.17,2.44,3,5.0,3.29,3.28,2.81,2.8,2.81,1.79,5.0,0.74,0.75,0.0,0.84,0.8,0.74,0.86,0.88
<5,female,Single,0.89,5.0,1.94,2.44,3,5.0,2.86,3.28,2.81,2.8,2.81,1.79,5.0,0.74,0.75,0.0,0.84,0.8,,0.86,0.88
<5,male,Single,0.89,5.0,2.44,2.44,3,5.0,2.86,3.28,2.81,2.8,2.81,1.79,3.87,0.74,0.75,,0.84,0.8,0.74,0.86,0.91
<5,male,Single,0.89,5.0,1.94,2.44,3,5.0,2.86,3.28,2.81,2.8,2.81,1.79,3.87,0.74,0.75,,0.84,0.8,0.74,0.86,0.91
<5,male,Single,0.89,5.0,1.94,2.44,3,5.0,2.86,3.28,2.81,2.8,2.84,1.79,3.87,0.74,0.75,0.0,0.84,0.8,0.73,0.86,0.91
<5,male,Single,0.9,5.0,1.94,2.44,3,5.0,2.86,3.28,2.81,2.8,2.81,1.8,5.0,0.74,0.75,0.0,0.84,0.8,0.73,0.86,0.88
<5,male,Single,0.89,5.0,1.94,2.44,3,5.0,2.86,3.28,2.81,2.8,2.82,1.79,5.0,0.74,0.75,0.0,0.84,0.8,0.73,0.86,0.88
<5,female,Single,0.92,5.0,1.94,2.44,3,5.0,2.86,3.28,2.81,2.8,2.82,1.79,3.87,0.74,0.75,0.0,0.84,0.8,0.73,0.86,0.88
<5,female,Single,0.89,5.0,1.94,2.44,3,5.0,2.86,3.28,2.81,2.8,2.81,1.79,3.88,0.74,0.75,0.0,0.84,0.8,0.73,0.86,0.88
<5,male,Single,0.89,5.0,1.94,2.44,3,5.0,2.86,3.28,2.81,2.8,2.81,1.79,3.87,0.74,0.75,0.0,0.84,0.8,0.73,0.86,0.88
<5,female,Single,0.9,5.0,2.44,2.44,3,5.0,2.71,3.27,2.81,2.8,2.99,1.79,3.87,0.74,0.75,0.0,0.84,0.8,0.73,0.86,0.88
<5,female,Single,1.14,5.0,2.44,2.44,3,5.0,3.29,3.27,2.81,2.8,2.96,1.79,3.87,0.74,0.75,0.0,0.84,0.8,0.73,0.86,0.88
<5,female,Single,0.9,5.0,2.44,2.44,3,5.0,2.86,3.27,2.81,2.8,2.99,1.79,3.87,0.74,0.75,0.0,0.84,0.8,0.73,0.86,0.88
<5,male,Single,0.89,5.0,2.44,2.44,3,5.0,2.86,3.27,2.81,2.8,2.81,1.79,3.87,0.74,0.75,0.0,0.84,0.8,,0.86,0.88
<5,female,Single,0.93,5.0,2.44,2.44,3,5.0,2.72,3.27,2.81,2.8,2.82,1.79,3.87,0.74,0.75,0.0,0.84,0.8,0.73,0.86,0.88
<5,male,Single,0.89,5.0,2.44,2.44,3,5.0,3.29,3.27,2.81,2.79,2.81,1.79,3.86,0.74,0.75,0.0,0.84,0.8,0.74,0.86,0.91
<5,male,Single,0.9,5.0,2.45,2.44,3,5.0,3.28,3.27,2.81,2.79,2.8,1.79,3.86,0.74,0.74,0.86,0.84,0.75,0.74,0.87,0.88
<5,female,Single,0.93,5.0,2.45,2.45,3,5.0,2.85,3.27,2.8,2.79,2.8,1.78,3.86,0.74,0.74,0.87,0.85,0.8,0.74,0.87,0.91
<5,female,Single,0.9,5.0,2.45,2.45,3,5.0,3.27,3.26,2.79,2.78,2.79,2.12,3.85,0.73,0.74,0.87,0.85,0.75,0.75,0.88,0.91
<5,male,Single,1.13,5.0,2.46,2.46,3,5.0,2.84,3.26,2.79,2.77,2.78,1.77,3.85,0.73,0.74,0.88,0.86,0.81,0.75,0.88,0.93
<5,female,Single,0.92,5.0,2.47,2.46,3,5.0,3.26,3.25,2.78,2.76,2.77,1.76,3.84,0.73,0.74,0.76,0.86,0.77,0.76,0.89,0.93
<5,female,Single,1.15,5.0,2.48,2.47,3,5.0,3.25,3.25,2.77,2.75,2.76,1.75,3.83,0.73,0.73,0.75,0.87,0.83,0.77,0.9,0.95
<5,male,Single,0.94,5.0,2.49,2.49,3,5.0,2.16,3.24,2.76,2.74,2.75,1.74,3.82,0.72,0.73,0.75,0.88,0.79,0.78,0.91,0.95
>10,female,Single,0.95,5.0,2.0,2.5,3,5.0,2.15,3.23,2.74,2.73,2.74,1.72,3.81,0.72,0.74,0.74,0.0,0.79,0.79,0.9,0.96
>10,female,Single,0.97,5.0,2.51,2.5,3,5.0,2.15,3.22,2.73,2.71,2.72,1.7,3.8,0.71,0.72,0.93,0.0,0.8,0.8,0.91,0.95
>10,female,Single,0.97,5.0,2.53,2.52,3,5.0,2.15,3.21,2.71,2.7,2.7,2.84,3.79,0.7,0.71,,0.0,0.82,0.82,0.92,0.95
>10,female,Single,0.97,5.99,5.0,2.53,3,5.0,2.14,3.2,2.7,2.68,2.69,2.82,3.78,0.7,0.71,0.73,0.0,0.82,0.84,0.92,0.95
>10,male,Single,0.98,1.42,5.0,2.54,3,5.0,3.2,3.19,2.69,2.67,2.67,2.81,3.77,0.7,0.7,0.72,0.0,0.92,0.92,0.93,0.96
>10,male,Single,0.98,1.43,2.56,2.55,3,5.0,3.19,3.18,2.67,2.66,2.66,2.8,3.76,0.69,0.69,0.71,0.74,0.93,,0.94,0.97
>10,?,Single,0.99,1.05,5.0,2.56,3,5.0,3.18,3.17,2.66,2.65,2.65,2.81,3.75,0.69,,0.71,0.96,0.94,0.94,0.95,0.97
>10,female,Single,1.0,5.0,5.0,2.56,3,5.0,2.71,3.17,2.65,2.64,2.64,2.8,3.74,0.68,0.68,0.7,3.18,0.95,,0.96,0.98
>10,male,Single,1.01,5.0,5.0,2.57,3,5.0,3.17,3.16,2.64,2.63,2.63,2.66,5.0,0.68,0.68,0.7,3.18,0.96,0.95,0.96,1.04
>10,female,Single,1.02,5.0,1.93,2.58,3,5.0,3.16,3.15,2.64,2.62,2.62,2.64,5.0,,0.68,0.69,0.0,0.97,0.96,0.97,1.0
>10,female,Single,1.07,5.0,5.0,,3,5.0,3.75,3.15,2.63,2.61,2.61,2.63,5.0,0.67,0.67,0.69,0.73,0.76,0.97,0.98,1.0
>10,male,Single,1.08,5.0,5.0,2.6,3,5.0,2.11,3.15,2.62,2.6,2.6,2.61,5.0,0.67,0.67,0.68,0.0,0.0,0.9,0.99,1.01
>10,female,Single,1.03,1.27,1.15,2.6,3,5.0,2.09,3.13,2.62,2.59,2.59,2.6,5.0,0.67,0.67,,0.0,0.0,0.99,0.93,1.02
>10,female,Single,1.05,1.1,1.16,2.61,3,5.0,2.05,,3.12,5,2.58,2.59,5.0,0.67,0.66,0.68,0.71,0.0,0.97,0.93,1.09
>10,female,Single,1.11,1.13,1.18,2.62,3,5.0,2.05,3.12,3.11,5,2.56,2.57,5.0,0.66,0.66,0.67,0.7,0.0,0.93,0.94,1.11
>10,male,Single,1.13,1.15,1.87,2.63,3,5.0,2.04,3.1,3.1,5,2.55,2.56,5.0,0.69,0.66,0.67,0.71,0.0,0.94,0.96,1.06
>10,male,Single,1.14,1.17,1.88,2.64,5,5.0,2.07,3.09,3.09,2.54,2.55,2.54,2.56,0.66,0.65,0.66,0.69,0.0,1.03,0.97,1.07
>10,female,Single,1.16,1.18,1.9,2.65,5,5.0,2.08,3.08,3.08,2.53,2.52,2.52,1.5,0.66,0.65,0.66,0.68,0.0,1.05,0.98,1.08
>10,female,Single,1.17,1.2,5.0,2.66,5,5.0,2.03,3.07,3.07,5,2.51,2.52,1.48,0.65,0.64,0.65,0.68,0.0,1.06,1.0,1.08
>10,female,Single,1.19,1.15,5.0,2.67,5,5.0,2.03,3.06,3.06,5,2.49,2.5,1.47,0.65,0.64,0.65,0.51,0.0,1.07,1.01,1.09
>10,male,Single,1.14,1.16,1.91,2.69,5,5.0,2.06,3.05,3.05,5,2.47,2.48,1.45,0.64,0.64,0.65,0.53,0.51,0.51,1.03,1.1
>10,male,Single,1.14,1.17,1.93,2.7,5,5.0,2.05,3.04,3.04,5,2.45,2.46,1.43,0.64,0.63,0.64,0.67,0.52,0.51,1.05,1.12
>10,female,Single,1.16,1.18,1.95,2.71,5,5.0,2.04,3.02,3.02,5,2.43,2.44,1.41,0.64,0.63,0.64,0.66,0.53,0.53,1.06,1.14
>10,female,Single,1.17,1.2,1.96,2.72,3,5.0,1.99,3.01,3.01,5,2.41,2.42,1.4,0.63,0.63,0.63,0.58,0.55,0.54,1.13,1.15
>10,male,Single,1.19,1.22,1.98,2.74,5,5.0,1.98,3.0,3.0,5,2.39,2.4,1.38,0.63,0.62,0.63,0.58,0.56,0.55,0.57,1.16
>10,female,Single,1.21,1.33,2.0,2.75,5,5.0,1.98,2.98,2.98,5,2.37,2.38,1.36,0.62,0.62,0.63,0.61,0.57,0.57,0.58,1.19
>10,female,Single,1.32,4.38,2.02,2.76,5,5.0,2.98,2.97,2.97,5,2.35,2.36,1.34,0.62,0.61,0.62,0.65,0.59,0.58,0.59,1.2
>10,female,Single,1.35,1.38,5.0,2.78,5,5.0,2.97,2.96,2.95,5,2.33,2.34,1.33,0.62,0.61,,0.65,0.61,0.6,0.61,1.22
>10,female,Single,1.38,1.66,5.0,2.79,5,5.0,2.0,2.94,2.94,5,2.31,2.32,1.31,0.62,0.61,0.62,0.64,0.62,0.62,0.62,1.23
>10,female,Single,1.4,1.42,1.44,2.8,5,5.0,1.99,2.94,2.93,5,2.29,2.3,2.47,0.61,0.6,0.61,0.64,0.64,0.63,0.64,1.25
>10,,Single,1.29,1.43,1.46,2.83,5,5.0,2.92,2.91,2.92,5,2.27,2.28,2.45,0.6,0.6,0.61,0.64,0.65,0.65,0.66,0.68
>10,female,Single,1.31,1.45,1.49,2.85,5,5.0,2.07,2.9,2.9,5,2.25,2.26,2.43,,0.6,0.6,0.63,0.67,0.66,0.67,0.69
>10,male,Single,0.73,1.79,1.51,5.0,5,5.0,2.1,,2.88,5,2.22,2.24,2.41,0.6,0.59,0.6,0.63,0.69,0.68,0.69,0.71
>10,,Single,0.75,5.0,5.0,5.0,5,5.0,3.44,2.87,2.87,5,2.2,2.22,2.4,0.59,0.59,0.6,0.62,0.7,0.7,0.7,0.73
>10,female,Single,0.78,5.0,5.0,5.0,5,5.0,2.08,2.85,2.85,5,2.18,2.19,2.22,0.59,0.58,,0.62,0.72,0.71,0.72,0.75
>10,female,Single,1.41,5.0,5.0,2.9,5,5.0,2.85,2.84,2.84,5,2.16,2.18,2.2,0.59,0.58,0.59,0.62,0.64,0.73,0.74,0.76
>10,,Single,1.43,5.0,5.0,5.0,5,5.0,2.84,2.82,2.83,5,2.15,2.16,2.18,0.58,0.58,0.59,1.69,0.75,0.74,0.75,0.77
>10,male,Single,0.82,5.0,5.0,2.94,5,5.0,2.03,2.81,2.82,5,2.13,2.14,2.16,0.58,0.58,0.59,5.0,0.76,0.76,0.77,0.79
>10,male,Single,0.83,5.0,2.95,4.07,5,5.0,2.81,2.8,2.8,5,2.11,2.12,2.14,0.58,0.57,0.58,1.66,0.78,0.77,0.78,0.81
>10,female,Single,0.85,1.97,5.0,2.95,5,5.0,2.8,2.79,2.79,5,2.09,2.1,2.12,0.58,0.57,0.58,1.68,0.8,0.79,0.8,0.82
>10,female,Single,0.86,1.99,2.97,4.08,5,5.0,2.79,2.77,2.78,5,2.07,2.08,2.1,0.57,0.57,0.58,0.6,0.81,0.8,0.81,0.84
>10,male,Single,0.88,2.01,2.98,,5,5.0,2.15,2.76,2.77,2.07,2.05,2.06,2.08,0.57,0.56,0.57,1.71,0.64,0.82,0.83,0.85
5-10,female,Single,0.89,5.0,5.0,4.1,3,5.0,2.14,2.75,2.76,2.04,2.03,2.04,2.06,0.57,0.56,0.57,0.6,0.63,0.83,0.84,0.87
>10,male,Single,0.91,5.0,3.01,3.39,5,5.0,2.1,2.74,2.75,2.03,2.01,2.02,2.05,0.56,0.56,0.57,0.6,,0.85,0.86,0.88
>10,female,Single,0.92,5.0,3.02,4.11,5,5.0,2.77,2.72,2.74,2,2.0,2.01,2.03,0.56,0.55,0.56,0.59,0.63,0.86,0.87,0.89
>10,male,Single,0.94,5.0,3.03,4.12,5,5.0,2.09,2.71,2.73,1.99,1.98,1.99,2.01,0.55,0.55,0.56,0.59,0.89,,0.89,0.91
>10,male,Single,0.95,,3.05,4.13,5,1.88,2.09,2.7,2.72,1.98,1.96,1.97,1.99,0.55,0.55,0.56,0.58,0.9,0.89,0.9,0.93
>10,male,Single,0.97,5.0,3.06,4.13,5,1.86,2.08,2.69,2.7,1.95,1.94,1.95,1.97,0.55,0.54,0.55,0.58,0.92,0.91,0.92,0.94
5-10,female,Single,0.98,1.65,3.07,4.14,5,1.86,2.08,2.68,2.69,1.93,1.92,1.93,1.95,,0.54,0.55,0.58,0.93,0.92,0.93,0.95
5-10,female,Single,0.99,1.66,3.08,4.15,5,1.86,2.69,2.67,2.69,1.92,1.9,1.91,1.94,0.54,0.53,0.54,0.58,0.95,0.94,0.95,0.97
5-10,male,Single,1.01,1.68,3.1,4.16,5,1.91,2.07,2.66,2.68,1.9,1.88,1.9,1.92,0.54,0.53,0.54,0.57,0.96,0.95,0.96,0.98
<5,female,Single,1.02,5.0,3.11,4.16,5,1.88,2.66,2.64,2.67,1.88,1.87,1.88,1.9,0.54,0.53,0.54,0.57,0.61,0.96,0.97,0.99
<5,female,Single,1.04,5.0,3.13,4.18,5,1.87,2.64,2.64,2.65,1.87,1.85,1.86,1.88,0.53,0.52,0.53,,,0.98,0.99,1.01
<5,female,Single,1.05,5.0,3.14,4.18,5,1.85,2.63,2.63,2.64,1.85,1.83,1.84,1.86,0.52,0.52,0.53,0.56,1.03,0.99,1.0,1.03
<5,female,Single,1.06,5.0,3.15,4.19,5,1.85,2.62,2.61,2.63,1.82,1.81,1.82,1.84,0.52,0.52,0.52,0.56,1.02,1.01,1.02,1.04
<5,,Single,1.08,5.0,3.17,4.21,5,1.85,2.61,2.6,5.0,1.8,1.79,1.8,1.82,0.52,0.51,0.52,0.56,1.03,1.02,1.03,1.05
<5,female,Single,1.09,,3.19,5.0,5,1.85,2.6,2.59,5.0,1.78,1.77,1.79,1.81,0.51,0.51,0.52,0.56,1.05,1.03,1.04,1.07
<5,?,Single,1.1,5.0,5.0,5.0,5,1.85,2.59,2.59,5.0,1.76,1.76,1.77,1.79,0.51,0.5,0.51,0.56,1.06,1.05,1.06,1.08
<5,male,Single,1.11,5.0,3.21,4.22,5,1.85,2.59,2.58,2.61,1.75,1.75,1.76,1.78,0.51,0.5,0.51,0.54,1.06,1.05,1.06,1.09
<5,male,Single,1.11,5.0,5.0,4.22,5,1.85,2.59,2.58,1.8,1.76,1.75,,1.78,0.5,0.0,0.51,0.54,1.06,1.05,,1.75
<5,male,Single,1.11,5.0,5.0,4.23,5,1.85,2.6,2.58,1.81,1.76,1.75,1.77,1.78,0.5,0.0,,0.62,0.56,1.05,1.07,1.73
<5,female,Single,1.1,5.0,3.21,4.23,5,1.85,2.61,2.59,1.81,1.76,1.75,1.77,1.78,0.5,0.0,0.5,0.62,0.56,1.05,1.08,1.62
<5,female,Single,1.1,5.0,3.22,4.23,5,1.85,3.16,2.58,1.81,1.76,1.75,1.79,1.78,0.5,0.0,0.5,0.53,0.56,1.05,1.06,1.09
<5,female,Single,1.1,5.0,3.22,4.23,5,1.85,2.6,2.58,1.81,1.76,1.75,1.77,1.55,0.5,0.0,0.5,0.53,0.56,1.05,1.06,1.61
<5,female,Single,1.1,5.0,5.0,5.0,5,1.85,2.6,2.58,1.81,1.76,1.75,1.76,1.56,0.5,0.0,0.5,0.53,0.56,1.05,1.1,1.61
<5,female,Single,1.1,5.0,5.0,5.0,5,1.85,3.16,1.81,1.81,1.76,1.75,1.77,1.55,0.5,0.0,0.5,0.52,1.06,1.05,1.09,1.6
<5,female,Single,1.62,5.0,5.0,3.21,5,1.86,2.05,2.59,2.59,1.76,1.75,1.76,1.79,0.5,0.0,0.5,0.52,1.06,1.05,1.06,1.6
<5,female,Single,1.61,5.0,5.0,5.0,5,1.86,2.6,1.82,2.59,1.77,1.75,1.76,1.79,0.5,0.0,0.0,0.52,0.55,1.05,1.05,1.6
5-10,female,Single,1.62,5.0,5.0,5.0,5,1.87,2.6,2.59,2.59,1.77,1.75,1.76,1.54,0.5,0.0,0.5,0.53,0.54,1.05,1.05,1.72
5-10,male,Single,1.61,5.0,5.0,3.22,5,1.87,2.0,2.59,2.6,1.77,1.75,1.76,1.54,0.5,0.0,0.0,0.57,0.53,0.59,1.05,1.08
5-10,male,Single,1.61,1.13,1.8,3.21,5,5.0,2.01,2.59,2.6,1.77,1.75,1.76,1.55,0.5,0.0,0.0,0.54,0.53,0.58,1.05,1.07
5-10,male,Single,1.74,1.13,1.8,3.21,5,5.0,2.06,2.6,2.59,1.77,1.76,1.75,1.77,0.51,0.0,0.0,0.52,0.53,1.06,1.05,1.06
5-10,male,Single,1.09,1.13,1.8,3.21,5,5.0,1.93,2.6,2.59,1.77,1.76,1.75,1.77,0.51,0.0,0.0,0.51,0.53,1.06,1.05,1.06
5-10,male,Single,1.09,1.13,1.8,3.21,5,5.0,1.97,2.6,2.59,1.77,1.75,1.75,1.77,0.51,0.0,0.0,0.51,0.53,0.58,1.05,1.06
5-10,female,Single,1.09,1.13,1.8,3.21,5,5.0,1.94,2.6,2.59,1.77,1.75,1.75,1.77,0.51,0.0,,0.51,0.53,1.07,1.05,1.06
5-10,female,Single,1.09,1.13,1.8,3.21,5,5.0,1.97,2.6,2.59,1.77,1.75,1.75,1.77,0.51,0.0,0.0,0.51,0.53,,1.05,1.06
5-10,?,Single,1.09,1.13,1.8,3.21,5,5.0,1.97,,2.59,1.77,1.75,1.75,1.77,0.51,0.0,0.0,0.52,0.53,1.06,1.05,1.06
5-10,male,Single,1.09,1.13,1.8,3.21,4,5.0,1.93,2.6,2.59,1.77,1.75,1.75,1.77,0.51,0.0,0.0,0.51,0.53,0.58,1.05,1.06
5-10,female,Single,1.09,1.13,1.8,3.21,4,5.0,1.94,2.59,2.59,1.77,1.75,1.75,1.76,0.53,0.0,0.0,0.51,0.52,1.07,1.05,1.06
5-10,female,Single,1.09,1.13,1.8,3.22,4,5.0,1.93,2.59,2.59,1.77,1.75,1.75,1.76,0.53,0.0,0.0,0.51,0.52,1.07,1.05,1.07
<5,male,Single,1.09,1.14,1.81,3.22,4,5.0,2.02,2.59,2.59,1.77,1.74,1.74,1.75,0.53,0.0,0.0,0.5,0.52,1.08,1.06,1.07
<5,female,Single,1.1,,1.82,3.23,4,5.0,1.92,2.58,2.58,2.6,1.74,1.73,1.74,1.91,0.0,0.0,0.0,0.62,1.58,1.06,1.08
<5,male,Single,1.1,1.8,1.82,3.23,5,5.0,1.91,2.58,2.57,2.6,1.73,1.72,1.74,0.58,0.0,0.0,0.0,0.64,1.08,1.07,1.08
5-10,female,Single,1.11,1.8,1.83,3.25,5,5.0,1.91,2.57,2.57,1.74,1.72,1.72,1.73,1.89,0.0,0.0,0.0,0.63,1.09,,1.09
5-10,female,Single,1.12,1.81,1.84,3.25,4,5.0,1.89,2.57,2.56,1.73,1.72,1.71,1.72,1.88,0.0,0.0,0.0,0.63,1.1,1.08,1.1
5-10,male,Single,1.12,5.0,5.0,3.25,4,5.0,1.86,2.57,2.56,1.73,1.72,1.7,1.71,0.51,0.0,0.0,0.0,0.63,1.1,1.09,1.12
5-10,female,Single,1.13,5.0,5.0,5.0,4,5.0,1.86,2.57,2.55,1.72,1.7,1.69,1.7,0.51,0.0,0.0,0.0,0.64,1.11,1.1,1.14
5-10,female,Single,1.13,2.0,5.0,5.0,4,5.0,1.85,2.57,1.77,1.71,1.69,1.68,1.69,0.53,0.0,,0.0,0.64,1.12,1.1,1.15
5-10,male,Single,1.79,1.86,5.0,5.0,4,5.0,1.85,2.56,1.76,1.7,1.69,1.68,1.72,3.12,0.0,0.0,0.0,0.65,1.12,1.11,1.15
<5,female,Single,1.79,1.86,5.0,5.0,4,5.0,1.85,2.59,1.76,1.7,1.68,1.67,1.81,3.12,0.0,0.0,0.0,0.52,1.13,1.11,1.15
5-10,female,Single,1.8,2.01,5.0,5.0,4,5.0,1.85,,1.75,1.7,1.67,1.66,1.68,1.76,0.0,0.0,0.0,0.51,1.14,1.12,1.15
<5,female,Single,1.16,2.01,5.0,5.0,4,5.0,1.84,3.11,1.75,1.69,1.67,1.66,1.66,1.73,0.0,0.0,0.0,0.51,0.54,1.13,1.14
<5,male,Single,1.17,2.02,5.0,,4,5.0,1.84,3.1,2.52,1.68,1.66,1.65,1.65,1.73,0.0,0.0,0.0,0.51,0.54,1.14,1.14
<5,,Single,1.17,2.03,5.0,5.0,4,5.0,1.84,2.55,2.52,1.67,1.65,,1.64,0.54,0.0,0.0,0.0,0.51,0.53,1.14,1.15
<5,male,Single,1.17,2.04,5.0,5.0,4,5.0,1.84,3.09,2.51,1.67,1.64,1.63,1.63,0.53,0.0,0.0,0.0,0.51,0.53,1.15,1.16
<5,female,Single,1.18,2.06,5.0,5.0,4,5.0,1.83,2.53,2.5,1.66,1.64,1.62,1.62,0.72,0.0,0.0,0.0,0.51,0.53,1.17,1.17
<5,female,Single,1.19,2.06,5.0,5.0,4,5.0,1.83,2.52,2.5,1.66,1.63,1.61,1.61,0.71,0.0,0.0,0.0,0.52,0.53,0.58,1.17
<5,male,Single,1.2,2.07,5.0,5.0,4,5.0,1.83,2.51,2.49,2.5,1.62,1.6,1.6,0.7,0.0,0.0,0.0,0.51,0.53,1.19,1.18
5-10,male,Single,1.21,2.08,5.0,5.0,4,5.0,1.82,2.51,2.48,2.49,1.6,1.59,1.59,,0.5,,0.0,0.52,0.53,0.58,1.19
5-10,male,Single,1.22,2.09,5.0,5.0,4,5.0,1.82,1.97,2.47,2.48,1.59,,1.58,0.69,0.51,0.0,0.0,0.51,0.53,1.21,1.2
5-10,male,Single,1.22,1.26,1.28,5.0,5,5.0,1.82,5.0,2.46,2.47,1.58,1.57,1.57,0.54,0.51,0.0,0.0,0.52,0.72,1.22,1.21
5-10,female,Single,1.23,1.26,1.29,5.0,5,5.0,1.81,2.48,2.46,2.46,1.57,1.56,1.56,0.54,,0.0,0.0,0.52,0.73,1.23,1.22
5-10,female,Single,1.24,1.27,1.29,5.0,5,5.0,1.81,2.47,2.45,2.46,1.57,1.56,1.55,0.54,0.51,0.5,0.0,0.52,0.75,1.24,1.23
5-10,male,Single,1.25,1.28,1.31,5.0,5,5.0,1.81,2.46,2.44,2.45,1.56,1.55,1.54,0.55,0.52,0.5,0.0,0.51,2.24,1.25,1.24
5-10,male,Single,1.26,1.28,1.31,5.0,5,5.0,1.8,2.45,2.43,2.43,1.55,1.54,1.53,0.55,0.52,0.51,0.5,0.51,5.0,,1.25
5-10,female,Single,1.27,1.29,1.33,5.0,5,5.0,1.8,1.82,2.42,2.43,1.54,1.52,1.52,0.55,0.59,0.51,0.5,0.52,4.34,,1.26
5-10,male,Single,1.29,1.3,5.0,5.0,5,5.0,1.79,1.82,2.41,2.41,1.53,1.51,1.51,0.56,0.59,0.54,0.51,0.52,4.34,1.28,1.27
5-10,male,Single,1.3,1.32,5.0,5.0,5,5.0,1.79,1.8,2.4,2.4,1.55,1.5,1.49,0.56,0.59,0.54,0.51,0.52,4.35,,1.29
<5,male,Single,1.31,1.33,5.0,5.0,3,5.0,1.78,1.8,2.38,2.39,1.51,1.48,1.48,0.56,0.55,0.53,0.52,,4.36,1.32,1.3
<5,female,Single,1.33,1.35,5.0,3.44,5,5.0,1.78,1.79,2.37,1.83,1.48,1.47,1.46,0.57,1.56,0.53,0.52,0.53,4.37,0.61,1.32
<5,female,Single,1.34,1.37,1.41,5.0,5,1.8,1.77,1.78,2.36,1.82,1.47,1.46,1.44,0.58,0.56,0.53,0.52,0.54,4.38,1.36,1.34
<5,female,Single,1.36,1.39,1.42,3.46,5,1.78,1.76,1.77,1.79,1.82,1.45,1.65,1.43,0.58,0.56,0.54,0.53,0.54,4.38,0.62,1.36
<5,female,Single,1.38,1.41,1.43,3.47,5,1.78,1.75,1.76,2.32,1.81,1.43,1.46,1.41,0.59,,0.54,0.54,0.54,4.4,0.61,1.37
<5,female,Single,1.4,1.42,1.45,3.49,5,1.77,1.75,1.76,2.31,2.31,1.42,1.42,1.39,0.6,0.56,0.55,0.54,0.55,4.4,5.0,1.39
<5,male,Single,1.42,1.44,1.47,5.0,5,1.75,1.74,1.75,2.29,2.3,1.41,1.38,1.37,1.43,0.57,0.55,0.55,0.56,4.41,0.62,1.41
<5,male,Single,1.44,1.46,1.49,5.0,5,1.74,1.73,1.74,2.28,1.79,5.0,1.36,1.35,1.41,0.57,0.56,0.55,0.56,4.42,0.64,1.43
<5,,Single,1.46,1.48,1.5,5.0,5,1.74,1.73,1.74,2.26,1.78,5.0,1.35,1.34,1.4,0.58,0.57,0.56,0.57,4.44,0.65,1.45
<5,female,Single,1.47,1.5,1.52,5.0,5,1.73,1.72,1.73,1.75,1.77,5.0,1.33,1.32,1.38,0.59,0.57,0.56,0.57,4.45,0.65,1.47
<5,female,Single,1.49,1.51,1.54,5.0,5,1.72,1.71,1.72,1.75,1.77,5.0,1.31,1.3,1.36,0.59,0.58,0.57,0.58,4.47,0.64,1.49
<5,female,Single,1.51,1.53,1.56,5.0,5,1.71,1.7,1.72,1.73,2.22,1.59,1.29,1.28,1.34,0.6,0.58,0.58,0.59,4.47,0.65,1.51
<5,female,Single,1.53,1.55,1.58,5.0,5,1.71,1.7,1.71,2.2,1.75,5.0,1.28,1.26,1.32,0.6,0.59,0.58,0.59,4.48,1.0,1.53
<5,male,Single,1.55,1.57,1.6,5.0,5,1.7,1.69,1.7,2.18,2.18,5.0,5.0,1.25,1.3,0.61,0.59,0.59,0.6,4.49,1.02,1.55
<5,male,Single,1.57,1.59,1.63,5.0,5,1.69,1.68,1.69,2.16,2.17,5.0,5.0,1.23,1.29,0.62,0.6,0.6,0.6,5.0,1.04,1.56
<5,female,Single,1.59,1.61,1.64,5.0,5,1.69,1.68,1.69,1.72,1.73,5.0,5.0,1.21,1.62,0.62,0.61,0.6,0.61,5.0,1.05,1.58
<5,male,Single,1.61,1.63,1.66,5.0,5,1.68,1.67,1.68,1.7,1.73,5.0,1.88,1.19,1.25,0.63,0.62,0.61,0.62,5.0,1.07,1.61
<5,,Married,1.63,1.65,1.68,5.0,5,1.67,1.66,1.67,1.7,1.72,5.0,5.0,1.17,1.23,0.64,0.62,0.61,0.62,5.0,1.1,1.63
<5,female,Single,1.66,1.67,1.7,5.0,5,1.66,1.66,1.67,1.69,1.72,1.18,5.0,1.15,1.21,0.64,0.63,0.62,0.63,5.0,1.12,1.65
<5,male,Single,1.68,1.69,1.72,5.0,5,1.66,1.65,1.66,1.68,1.7,1.15,2.13,1.13,1.19,0.65,0.63,0.63,0.64,5.0,0.71,1.67
<5,male,Single,1.7,1.71,1.74,5.0,5,1.65,1.64,1.65,2.06,2.07,1.13,1.15,1.11,1.39,0.66,0.64,0.63,0.64,5.0,0.71,1.69
<5,male,Single,1.72,1.73,1.76,5.0,5,1.64,1.63,1.64,2.04,1.69,1.12,1.1,1.09,1.37,1.38,0.65,0.64,0.65,5.0,0.71,1.71
<5,female,Single,1.74,1.76,1.78,5.0,5,1.64,1.63,1.64,1.66,1.69,1.11,1.08,1.07,1.13,0.67,0.65,0.65,0.66,5.0,0.72,1.73
5-10,female,Single,1.76,1.78,1.8,5.0,5,1.63,1.62,1.63,1.66,1.67,5.0,1.06,1.05,0.71,0.68,0.67,0.65,0.66,5.0,0.73,1.75
5-10,female,Single,1.78,1.8,1.82,5.0,5,1.62,1.61,1.62,1.65,1.67,1.06,1.04,1.03,0.72,2.77,0.67,0.66,0.67,,0.73,1.77
5-10,male,Single,1.81,1.82,1.84,5.0,5,1.61,1.6,1.61,1.65,1.66,1.04,1.02,1.01,0.72,0.69,0.68,0.66,0.68,5.0,0.74,1.79
<5,female,Married,1.83,1.85,1.86,5.0,5,1.61,1.6,1.61,1.64,1.66,1.02,1.0,0.99,0.73,0.7,0.68,0.67,0.68,5.0,0.74,1.81
<5,male,Married,1.84,1.87,1.88,5.0,5,1.6,1.59,1.6,1.63,1.65,1.0,0.98,0.97,,0.71,0.69,0.68,0.69,5.0,0.74,1.83
<5,male,Married,2.55,1.9,1.9,5.0,5,1.59,1.58,1.59,1.62,1.63,0.98,0.96,0.95,0.75,0.71,0.7,0.69,0.7,5.0,1.32,1.85
<5,female,Married,2.58,2.72,1.93,5.0,5,1.58,1.57,1.58,1.62,1.42,0.96,0.94,0.93,0.75,0.72,0.7,0.69,0.7,5.0,5.0,1.88
<5,female,Married,2.59,2.74,1.95,5.0,5,1.58,1.56,1.58,1.61,1.63,0.94,0.92,0.91,0.76,0.73,0.71,0.7,,5.0,4.69,1.9
<5,female,Married,2.6,2.76,1.97,5.0,5,1.57,1.55,1.57,1.61,1.9,0.92,0.91,0.9,,0.73,0.71,0.71,0.72,5.0,5.0,1.91
<5,female,Married,2.64,2.78,5.0,5.0,2,1.56,1.54,1.56,1.86,1.88,0.9,0.89,0.88,0.77,0.74,0.72,0.71,0.72,5.0,1.41,1.93
<5,female,Married,2.66,2.8,5.0,5.0,2,1.56,1.53,1.55,1.84,1.58,0.89,0.87,0.86,0.78,0.75,0.73,0.72,0.73,5.0,0.78,1.96
<5,male,Married,2.68,2.82,5.0,5.0,2,1.55,1.53,1.54,1.56,1.57,0.87,0.85,0.84,1.21,0.75,,0.73,0.74,5.0,0.79,1.98
<5,?,Married,2.7,2.84,5.0,5.0,2,1.54,1.51,1.53,1.56,1.57,0.85,0.83,0.82,0.8,0.76,0.74,0.74,0.74,5.0,0.8,2.0
<5,,Married,0.87,2.85,5.0,5.0,2,1.53,1.51,1.52,1.55,1.56,0.83,0.81,0.8,0.8,0.77,0.75,0.74,0.75,5.0,0.8,2.02
<5,female,Married,2.73,2.87,5.0,5.0,2,1.52,1.5,1.51,1.54,1.56,0.81,0.79,0.79,0.81,0.77,0.75,0.75,0.75,5.0,0.81,2.03
<5,female,Married,2.75,2.88,5.0,5.0,2,1.53,1.5,1.51,1.56,1.56,0.81,0.79,0.78,0.84,0.78,0.76,0.75,0.75,5.0,5.0,2.05
<5,male,Married,0.87,2.88,5.0,5.0,2,1.53,1.5,1.53,1.54,1.79,0.81,0.79,0.78,0.83,0.78,0.76,0.75,0.75,5.0,0.81,0.84
<5,male,Married,0.87,2.78,5.0,5.0,2,1.54,1.51,1.54,1.56,1.8,0.81,0.79,0.78,1.14,0.77,0.76,0.74,0.75,5.0,5.0,0.84
<5,female,Married,2.04,2.88,5.0,5.0,2,1.54,1.51,1.54,1.56,1.8,0.81,0.79,0.78,1.14,0.77,0.76,0.74,0.75,5.0,5.0,0.84
<5,?,Married,2.04,2.78,5.0,5.0,2,1.54,1.51,1.54,1.57,1.79,0.81,0.79,0.78,1.14,0.77,0.76,0.74,0.75,5.0,5.0,0.84
<5,female,Married,0.86,2.77,5.0,5.0,2,1.54,1.51,1.54,1.56,1.79,0.81,0.79,0.78,1.13,0.77,0.76,0.74,0.75,5.0,5.0,0.83
<5,male,Married,0.86,2.78,5.0,5.0,2,1.54,1.51,1.56,1.56,1.56,0.81,0.79,0.78,0.83,0.78,0.76,0.74,0.75,5.0,5.0,0.83
<5,female,Married,0.86,2.73,5.0,,2,1.54,1.51,1.56,1.56,1.56,0.81,0.79,0.78,1.13,0.78,0.76,0.74,0.75,5.0,5.0,0.83
<5,male,Married,0.85,2.77,2.9,5.0,5,1.55,1.51,1.57,1.54,1.56,0.81,0.79,0.78,0.82,0.78,0.76,0.74,0.75,5.0,5.0,0.83
<5,female,Married,0.85,,2.9,5.0,5,1.55,1.51,1.52,1.53,1.55,0.81,0.79,0.78,1.13,0.78,0.76,0.74,0.75,5.0,5.0,0.83
<5,male,Married,0.85,2.77,2.9,5.0,2,1.56,1.51,1.51,1.53,1.79,0.81,0.8,0.78,0.83,0.78,0.76,0.74,0.75,0.8,5.0,1.48
<5,female,Married,0.85,2.77,2.89,5.0,5,1.56,1.51,1.52,1.53,1.79,0.82,0.79,0.78,0.82,0.79,0.76,0.74,0.77,0.8,0.83,1.48
<5,male,Married,0.85,2.78,2.89,5.0,5,1.56,1.51,1.52,1.53,1.79,0.82,0.79,0.78,1.13,0.8,0.76,0.74,0.77,0.77,5.0,1.48
<5,female,Married,0.84,2.73,2.89,5.0,5,5.0,1.51,1.51,1.53,1.79,0.82,0.8,0.78,0.82,0.8,0.76,0.74,0.75,0.77,5.0,1.48
<5,?,Single,0.84,2.72,2.89,5.0,5,5.0,1.52,1.52,1.53,1.79,1.8,0.8,0.78,0.85,1.17,0.76,0.74,0.75,0.76,5.0,1.48
<5,male,Single,0.84,2.72,2.89,5.0,5,1.56,1.52,1.52,1.53,1.79,1.8,0.83,0.78,0.84,1.17,0.77,0.74,0.74,,5.0,0.81
<5,female,Married,2.04,2.76,2.89,5.0,5,1.56,1.53,1.51,1.53,1.57,1.8,0.83,0.79,0.84,1.22,1.19,0.74,0.74,0.75,0.78,0.8
<5,female,Single,2.04,2.75,2.89,5.0,5,5.0,1.54,1.52,1.53,1.56,1.58,5.0,0.88,0.8,1.17,1.19,0.75,0.74,0.75,0.77,0.8
<5,male,Single,1.49,2.75,2.88,2.91,5,1.56,1.53,1.52,1.53,1.55,1.57,5.0,0.78,0.8,1.16,0.76,0.74,0.73,0.74,0.77,0.8
<5,male,Married,1.48,2.77,2.88,5.0,5,1.56,1.53,1.52,1.53,1.55,1.58,,0.78,0.8,1.13,0.76,0.74,0.73,0.74,0.76,0.79
<5,female,Married,0.82,2.76,2.89,5.0,5,1.57,1.53,1.52,1.54,1.56,1.82,0.81,0.78,0.8,0.8,0.76,0.74,0.73,0.74,0.76,0.78
<5,female,Married,0.83,2.05,2.83,2.9,5,1.57,1.54,1.53,1.53,1.55,0.86,1.61,0.78,0.79,1.12,0.76,0.74,0.73,0.74,0.76,0.78
<5,male,Married,1.48,2.04,2.78,2.9,5,5.0,1.55,1.53,1.53,1.56,1.8,0.82,0.78,0.79,0.8,0.77,0.74,0.73,0.74,0.77,5.0
<5,female,Single,0.8,0.86,2.73,2.9,5,5.0,1.55,1.53,1.53,1.58,0.86,1.82,0.78,0.8,1.11,0.77,0.74,0.73,0.74,0.75,5.0
<5,female,Single,0.8,0.86,2.74,2.89,5,1.58,1.57,1.53,1.53,1.55,0.86,,0.79,0.79,0.8,0.78,0.74,0.73,0.73,0.74,5.0
<5,male,Single,0.79,2.04,2.75,2.89,5,1.59,1.58,1.54,1.53,1.54,1.8,1.81,0.82,0.78,0.81,1.16,0.75,0.73,0.73,0.74,0.77
<5,male,Single,0.78,2.04,2.75,2.89,5,5.0,5.0,1.54,1.53,1.54,1.57,1.61,5.0,0.77,1.15,1.16,1.17,0.73,0.72,0.74,0.76
<5,?,Single,0.78,2.04,2.76,2.9,5,5.0,1.57,1.56,1.53,1.54,1.56,1.81,5.0,0.77,0.79,1.14,0.75,0.73,0.72,0.73,0.76
<5,female,Single,0.77,5.0,2.76,2.9,5,1.6,1.57,1.55,1.53,1.54,1.56,0.82,1.83,0.77,0.79,1.11,1.18,0.72,0.72,0.73,0.75
<5,male,Married,0.77,0.82,2.76,2.9,5,1.63,1.58,,1.53,1.55,1.56,1.6,5.0,0.77,0.78,1.1,0.92,0.72,0.72,0.72,0.75
<5,female,Single,0.76,0.82,2.05,2.9,5,5.0,1.58,1.55,1.54,1.57,1.57,1.81,5.0,0.77,0.78,1.1,0.92,0.72,0.72,0.72,0.74
<5,female,Single,5.0,0.8,2.05,2.74,3,5.0,1.6,1.57,1.54,1.54,1.56,1.59,5.0,0.76,,,0.86,0.72,0.71,0.72,0.74
<5,female,Single,0.75,0.8,2.05,2.75,3,3.79,5.0,1.58,1.54,1.54,1.8,1.6,5.0,0.76,0.81,1.1,0.84,0.73,0.71,0.72,0.76
<5,male,Single,0.75,0.8,2.04,2.74,3,5.0,5.0,5.0,1.54,1.54,1.56,1.59,1.82,0.75,0.77,1.13,0.77,0.73,0.71,0.71,0.75
,male,Single,0.77,0.79,2.04,2.74,3,5.0,5.0,5.0,1.56,1.54,1.56,1.59,1.82,0.75,0.76,0.8,0.82,0.73,0.72,0.71,0.73
<5,female,Single,0.75,0.78,2.05,2.75,3,5.0,5.0,5.0,1.56,1.54,1.55,1.58,1.61,0.75,0.76,1.14,1.13,0.73,0.72,0.71,0.72
5-10,female,Single,0.74,0.77,2.05,2.76,3,5.0,1.61,5.0,1.55,1.54,1.55,1.57,1.81,0.74,0.75,0.78,0.77,0.73,0.72,0.71,0.72
5-10,female,Single,0.74,0.77,1.49,2.77,3,5.0,1.6,1.59,1.55,1.54,1.55,1.59,1.81,0.74,0.75,0.78,0.77,0.73,0.72,0.71,0.71
<5,male,Single,0.73,,0.8,2.77,3,5.0,1.61,5.0,1.56,1.54,1.55,1.61,1.81,0.74,0.75,0.77,1.08,0.73,0.72,0.71,0.71
5-10,female,Single,0.73,0.76,0.8,2.06,3,5.0,1.62,5.0,1.56,1.54,1.55,,1.83,0.74,0.74,0.77,1.08,0.73,0.72,0.71,0.71
5-10,male,Single,0.73,0.76,1.49,2.06,3,5.0,1.61,5.0,1.56,1.54,1.56,1.6,1.82,0.74,0.75,0.76,0.79,0.74,0.72,0.71,0.72
5-10,female,Single,0.74,0.76,1.49,2.06,3,5.0,1.61,5.0,1.56,1.54,1.56,1.79,1.83,0.74,0.74,0.77,1.08,0.74,0.72,0.71,0.72
5-10,male,Single,0.73,0.76,1.49,2.07,3,5.0,1.61,5.0,1.56,1.54,1.55,1.6,1.87,0.74,0.74,0.77,1.08,0.74,0.72,0.71,0.72
5-10,,Single,0.74,0.77,1.49,2.07,3,5.0,1.61,5.0,1.55,1.54,1.55,1.6,1.86,0.74,0.74,0.76,1.08,0.74,,0.71,0.72
5-10,female,Single,0.74,0.77,1.5,2.06,3,5.0,1.61,5.0,1.55,1.54,1.55,1.59,1.8,0.74,0.74,0.76,0.79,0.74,0.72,0.71,0.72
5-10,male,Single,0.74,0.77,1.5,2.07,3,5.0,1.61,5.0,1.55,1.53,1.55,1.79,1.59,0.73,0.74,0.76,1.08,0.74,0.73,0.72,0.72
5-10,male,Single,0.75,0.77,1.5,2.07,3,5.0,1.6,5.0,1.54,1.53,1.54,,1.83,0.73,0.74,0.76,1.09,0.75,0.73,0.72,0.73
5-10,female,Single,0.76,0.79,1.51,2.08,3,5.0,1.59,5.0,1.53,1.52,1.53,1.77,1.78,0.73,0.73,0.75,1.09,0.76,0.74,0.73,0.74
5-10,male,Single,0.77,0.79,1.52,2.09,3,5.0,1.58,5.0,1.52,1.51,1.53,1.56,1.78,0.72,0.73,0.75,1.1,0.77,0.75,0.74,0.75
5-10,male,Single,0.78,0.81,1.53,2.1,3,5.0,1.57,5.0,1.51,1.49,1.51,1.56,1.76,0.72,0.72,2.2,0.77,0.79,0.77,0.76,0.77
5-10,female,Single,0.8,0.83,1.55,2.11,3,5.0,1.56,5.0,1.49,1.48,1.49,1.73,1.74,0.71,0.72,0.74,0.76,0.8,0.78,0.77,0.78
5-10,female,Single,0.82,0.84,1.56,2.12,3,5.0,1.54,5.0,1.47,1.46,1.48,1.71,1.72,0.71,0.71,0.74,0.76,0.82,0.8,0.79,0.8
5-10,male,Single,0.83,0.86,1.57,2.14,3,5.0,5.0,5.0,1.46,1.45,1.47,1.69,1.7,0.7,0.71,0.73,0.75,0.83,0.81,0.8,0.84
5-10,female,Single,0.85,0.87,1.59,2.15,3,5.0,5.0,5.0,1.44,1.43,1.44,1.68,1.68,0.69,0.7,0.72,0.75,0.85,0.83,0.82,0.83
5-10,male,Single,0.86,0.89,1.61,2.16,3,5.0,5.0,5.0,1.42,1.42,1.42,1.66,1.66,0.69,0.7,0.71,0.74,0.86,0.85,0.84,0.88
>10,male,Single,0.89,0.91,1.62,2.17,2,5.0,5.0,5.0,1.41,1.4,1.41,,1.64,,0.69,0.71,1.2,0.89,0.87,0.86,0.87
5-10,male,Single,0.92,5.0,1.64,2.19,2,5.0,5.0,5.0,1.39,1.38,1.39,1.62,1.62,0.67,0.69,0.7,0.73,0.9,0.89,0.87,0.9
5-10,male,Single,0.92,5.0,1.66,2.2,2,5.0,5.0,5.0,1.37,1.36,1.37,1.6,1.61,0.67,0.68,0.69,0.72,0.93,0.91,0.89,0.99
5-10,male,Single,0.96,5.0,1.68,2.22,2,5.0,5.0,5.0,1.35,1.34,1.35,1.59,1.59,0.66,0.67,0.69,0.71,0.94,0.92,0.91,0.96
>10,male,Single,0.97,1.01,1.69,2.23,2,5.0,1.42,5.0,1.34,1.32,1.33,1.57,1.57,0.66,0.67,0.68,0.71,0.96,0.94,0.93,0.99
5-10,male,Single,0.99,1.03,1.71,2.24,3,5.0,1.37,5.0,1.32,1.3,1.31,1.55,1.55,0.65,0.66,0.68,0.7,0.98,0.96,0.95,1.02
5-10,female,Single,1.01,5.0,1.73,,3,5.0,1.34,5.0,1.3,1.28,1.32,1.53,1.53,0.64,0.65,0.67,0.69,1.0,0.98,0.97,1.07
>10,male,Single,1.03,,1.75,2.27,3,5.0,1.32,5.0,1.28,1.27,1.27,1.32,1.51,0.64,0.64,0.66,0.69,,1.0,0.99,1.09
>10,male,Single,5.0,5.0,1.77,2.29,3,5.0,1.31,5.0,1.26,1.25,1.25,1.3,1.49,0.63,0.64,0.65,0.68,1.04,1.02,1.01,1.04
>10,female,Single,1.07,2.32,1.79,2.3,3,5.0,1.29,5.0,1.24,1.23,1.24,1.47,1.47,0.62,0.63,0.65,0.67,1.06,,1.03,1.06
>10,female,Single,1.09,2.33,2.32,2.32,3,5.0,1.27,5.0,1.22,1.21,1.23,1.45,1.45,0.62,0.63,0.64,0.67,1.08,1.06,1.05,1.11
>10,female,Single,1.11,1.14,2.33,2.33,3,5.0,1.25,5.0,1.2,1.18,1.22,1.43,1.43,0.61,0.62,0.64,0.66,1.1,1.08,1.06,1.13
>10,female,Single,1.13,2.36,2.35,2.35,3,5.0,1.24,5.0,1.18,1.16,1.18,1.41,1.41,0.6,0.61,0.63,0.65,1.12,1.1,1.08,1.16
<5,female,Single,1.14,2.38,2.36,2.36,3,5.0,5.0,5.0,1.16,1.14,1.15,1.39,1.39,,0.6,0.62,0.64,1.14,1.12,1.1,1.14
>10,female,Single,1.21,2.39,2.38,2.38,3,5.0,1.19,5.0,1.14,1.12,1.13,1.37,1.37,,0.6,0.61,0.64,1.16,1.14,1.12,1.14
>10,female,Single,1.19,1.5,2.39,2.39,3,5.0,1.17,5.0,1.12,1.11,1.12,1.35,1.35,0.58,0.59,0.61,0.63,1.18,1.16,1.14,1.17
>10,male,Single,3.11,1.51,2.41,2.41,3,5.0,1.15,5.0,1.1,1.09,1.11,1.33,1.33,0.58,0.58,0.6,0.62,1.19,1.18,1.16,1.19
5-10,?,Single,1.27,1.52,2.42,2.42,3,5.0,1.13,5.0,1.08,1.07,1.07,1.31,1.31,0.57,0.58,0.59,0.62,1.21,1.2,1.18,1.21
5-10,male,Single,2.65,1.28,2.44,2.44,3,5.0,1.11,5.0,1.06,1.05,1.05,1.29,1.29,,0.58,0.59,0.61,1.23,1.22,1.2,1.23
>10,?,Single,1.27,2.47,2.45,2.45,3,5.0,1.1,5.0,1.04,1.03,1.05,1.27,1.27,0.56,0.57,0.58,0.6,1.25,,1.22,1.27
>10,female,Single,1.28,1.29,2.47,2.47,3,5.0,1.07,5.0,1.03,1.01,1.03,1.25,1.26,0.55,0.56,0.58,0.6,1.27,1.25,1.24,1.27
<5,male,Single,1.3,1.31,2.48,2.48,3,5.0,1.06,5.0,1.01,0.99,1.0,1.24,1.23,0.54,0.56,0.57,0.59,1.28,1.27,1.26,1.27
<5,male,Single,1.31,1.35,2.49,2.5,3,5.0,1.04,5.0,0.99,0.97,0.98,1.21,1.22,0.54,0.55,0.57,0.58,1.3,1.29,1.27,1.29
<5,female,Single,1.33,1.37,2.51,2.51,3,5.0,1.02,5.0,0.97,0.96,0.96,1.2,1.2,0.53,0.54,0.57,0.58,1.32,1.31,1.29,1.31
<5,male,Single,1.35,1.41,2.52,1.42,3,5.0,1.0,5.0,0.95,0.94,0.95,1.18,1.18,0.53,0.54,0.56,0.57,,1.33,1.31,1.33
<5,male,Single,1.37,1.43,2.54,2.54,3,5.0,0.98,2.67,0.93,0.92,0.93,1.16,1.15,0.52,0.53,3.23,0.57,1.36,1.34,1.33,1.34
<5,female,Single,1.45,1.42,2.55,,3,5.0,0.97,5.0,0.92,0.9,0.9,1.14,1.14,,0.52,1.57,0.56,1.38,1.36,1.35,1.35
>10,male,Single,1.39,1.43,2.56,2.56,3,5.0,0.96,2.66,0.9,0.89,0.89,1.13,1.12,0.51,0.52,3.24,0.55,1.39,1.38,1.36,1.37
<5,male,Single,1.38,1.63,1.44,2.57,3,5.0,5.0,5.0,0.91,0.88,0.88,,1.11,0.51,0.51,0.52,0.55,1.41,1.39,1.37,1.37
<5,female,Single,1.38,1.62,1.43,2.57,3,5.0,5.0,5.0,5.0,0.89,0.88,0.9,1.11,0.5,0.5,0.52,1.55,1.54,1.48,1.36,1.36
<5,female,Single,1.38,1.61,1.43,2.57,3,5.0,5.0,5.0,5.0,0.89,0.89,0.9,1.11,0.51,0.5,0.52,1.56,1.54,1.47,1.36,1.36
<5,male,Single,1.37,1.61,1.43,2.56,3,5.0,5.0,5.0,5.0,0.89,0.89,0.91,1.12,0.51,0.51,0.52,0.64,1.54,1.47,1.36,1.36
>10,?,Single,1.37,1.61,1.42,2.56,3,5.0,5.0,5.0,5.0,0.89,0.89,0.91,1.12,0.51,0.51,0.52,0.64,0.59,1.47,1.36,1.36
>10,female,Single,1.37,1.61,1.42,2.56,3,5.0,5.0,5.0,5.0,0.9,0.89,0.91,1.11,0.51,,0.52,0.64,0.59,1.47,1.36,1.36
<5,female,Single,1.37,1.45,1.42,2.57,3,5.0,5.0,5.0,5.0,0.9,0.89,,1.11,0.51,0.5,0.52,1.55,1.54,1.47,1.36,1.36
>10,female,Single,1.37,1.42,1.42,2.56,3,5.0,5.0,5.0,5.0,0.92,0.89,0.9,1.11,0.51,0.5,0.51,1.59,0.83,1.47,1.36,1.36
>10,female,Single,1.37,1.42,1.42,2.56,3,5.0,5.0,5.0,5.0,0.93,0.89,0.9,1.11,0.51,0.5,0.51,0.56,0.83,1.47,1.37,1.36
<5,female,Single,1.37,1.39,1.42,2.56,3,5.0,5.0,5.0,5.0,0.91,0.89,0.9,1.11,0.51,0.5,0.51,1.55,0.82,1.47,1.37,1.36
>10,female,Single,1.37,1.39,1.42,2.56,3,5.0,5.0,5.0,5.0,0.95,0.89,0.9,1.11,0.51,0.5,,3.26,0.82,1.47,1.37,1.36
<5,female,Single,1.37,1.39,1.42,2.56,3,5.0,3.87,5.0,5.0,0.9,0.89,0.9,1.12,0.51,0.5,0.51,3.26,0.81,1.47,1.37,1.36
>10,female,Single,1.37,1.39,1.41,2.56,3,3.23,3.86,5.0,5.0,0.9,0.89,0.9,1.11,0.5,0.0,0.51,1.61,0.81,1.47,1.37,1.36
>10,male,Single,1.37,1.39,1.42,2.57,3,3.23,5.0,5.0,5.0,0.9,0.89,0.9,1.12,0.5,0.0,0.51,1.59,0.57,1.47,1.37,1.36
<5,female,Single,1.36,1.39,1.41,2.57,3,3.22,5.0,5.0,5.0,0.9,0.89,0.9,0.92,0.5,0.0,0.5,1.58,0.57,1.48,1.39,1.36
<5,female,Single,1.36,1.39,1.42,2.57,3,3.22,5.0,5.0,1.19,0.9,0.89,0.9,0.92,0.5,0.0,,0.53,0.56,1.47,1.37,1.36
<5,?,Single,1.36,1.39,2.11,2.57,3,3.22,3.66,5.0,5.0,0.9,0.89,0.9,0.92,0.5,0.0,0.5,0.52,0.81,1.41,1.37,1.36
<5,female,Single,1.37,1.4,2.11,2.57,3,3.22,5.0,5.0,1.19,0.9,0.89,0.9,1.12,0.5,0.0,0.5,0.52,0.55,1.41,1.37,1.36
<5,male,Single,1.36,,2.6,2.58,3,3.22,3.24,5.0,5.0,0.9,0.89,0.9,0.92,,0.0,0.5,0.57,0.54,0.59,1.37,1.36
<5,male,Single,1.36,1.4,1.41,,3,3.22,5.0,0.97,5.0,0.91,0.89,0.89,0.93,0.5,0.0,0.0,1.57,0.53,0.58,1.37,1.36
<5,male,Single,1.36,1.4,1.42,1.44,3,3.22,3.25,5.0,5.0,0.92,0.89,0.89,0.93,0.51,0.0,,0.51,0.53,1.55,1.38,1.36
<5,female,Single,1.36,1.38,1.41,1.42,3,3.22,3.24,,5.0,5,0.89,0.89,0.92,0.53,0.0,0.0,0.5,0.52,1.56,1.41,1.36
<5,female,Single,1.36,1.37,1.41,1.42,3,3.22,3.24,5.0,5.0,5,0.9,0.89,0.91,1.46,0.0,,0.0,1.43,0.81,1.4,1.36
<5,male,Single,1.35,1.37,1.42,1.42,3,3.22,3.24,5.0,5.0,5,0.91,0.89,0.91,0.65,0.0,0.0,0.0,1.53,0.8,,1.39
<5,female,Single,1.35,1.37,1.42,1.41,3,3.22,3.24,5.0,5.0,5,0.9,0.89,0.9,0.51,0.0,0.0,0.0,5.0,0.8,1.39,1.38
<5,male,Single,1.35,1.36,1.41,1.41,3,3.22,5.0,5.0,5.0,5,0.9,0.89,0.9,0.51,0.0,0.0,0.0,1.54,,1.39,1.41
<5,male,Single,1.35,1.36,1.41,1.41,3,3.23,5.0,5.0,5.0,0.92,0.9,0.89,0.9,0.6,0.0,0.0,0.0,1.54,,1.39,1.36
<5,?,Single,1.35,1.36,1.41,1.41,3,3.23,5.0,5.0,5.0,5,0.9,0.89,0.9,0.6,0.0,0.0,0.0,1.55,0.79,1.39,1.36
<5,,Single,1.35,1.37,1.41,2.61,3,3.23,3.25,5.0,5.0,5,0.9,0.89,0.9,0.6,0.0,0.0,0.0,0.0,0.53,1.39,1.37
<5,female,Single,1.36,1.37,1.39,5.0,3,3.23,3.24,5.0,5.0,1.2,0.9,0.89,0.9,0.52,0.0,0.0,0.0,0.0,0.52,1.39,1.37
<5,,Single,1.36,1.36,1.38,2.62,3,3.26,3.24,5.0,5.0,5,0.91,0.89,0.9,0.51,0.0,0.0,0.0,0.0,0.52,1.41,1.37
<5,male,Single,1.36,1.36,1.37,5.0,3,3.22,3.24,3.27,5.0,5,0.91,0.9,0.9,0.51,0.0,0.0,0.0,0.0,1.56,1.41,1.46
<5,female,Single,1.36,1.36,1.37,5.0,1,3.22,3.24,5.0,5.0,5,1.06,0.9,0.89,0.51,1.14,0.0,0.0,0.0,1.56,0.79,1.41
<5,?,Single,1.39,1.36,1.37,1.43,1,3.23,3.24,3.26,5.0,5,1.06,0.9,0.89,0.52,0.0,0.0,0.0,,5.0,0.78,1.45
<5,female,Single,1.4,1.36,1.37,1.39,1,3.23,3.24,5.0,5.0,5,0.92,0.9,0.89,1.11,0.0,0.0,0.0,0.0,1.55,0.78,1.46
<5,male,Single,0.58,1.36,1.37,1.39,1,2.62,3.24,5.0,5.0,5,0.92,0.9,0.89,0.95,0.0,0.0,0.0,0.0,1.46,0.78,1.4
<5,?,Single,0.57,1.36,1.37,1.58,3,2.61,3.23,5.0,5.0,5,0.92,0.9,0.89,1.11,0.0,0.0,0.0,0.0,1.58,0.53,1.4
<5,?,Single,0.56,1.36,1.39,1.56,1,2.61,3.24,5.0,5.0,5,0.92,0.9,0.89,1.1,0.51,0.0,0.0,0.0,1.56,0.51,0.54
<5,female,Single,0.56,1.36,1.37,1.41,3,2.61,2.63,5.0,5.0,5,0.93,0.9,0.89,1.09,0.51,0.0,0.0,0.0,0.0,0.0,0.54
<5,female,Single,0.55,1.37,1.37,1.38,3,2.62,3.26,3.26,3.28,5,5.0,0.91,0.89,1.09,0.58,0.0,0.0,0.0,0.0,,0.54
<5,female,Married,0.55,1.37,1.36,1.38,5,2.62,2.63,3.26,5.0,5,1.21,5.0,0.89,1.08,0.0,1.13,0.0,0.0,0.0,0.0,0.53
<5,male,Married,1.41,1.38,1.36,1.38,2,2.62,2.63,3.27,5.0,5,5.0,0.94,0.9,1.08,0.0,0.0,0.0,0.0,0.0,0.0,0.53
<5,male,Married,1.41,1.38,1.36,1.38,1,2.62,2.63,3.26,5.0,5,5.0,1.08,0.93,1.08,0.0,0.0,0.0,0.0,0.0,0.0,0.78
<5,female,Married,1.39,,1.37,1.37,1,2.62,3.24,3.27,5.0,5,5.0,5.0,0.89,0.92,1.09,0.0,0.0,,0.0,0.0,0.5
<5,female,Married,0.53,0.57,1.37,1.37,1,2.62,3.25,,5.0,5,5.0,0.91,0.89,0.91,1.09,0.0,0.0,0.0,0.0,0.0,0.0
<5,male,Married,0.52,1.38,1.37,,1,2.63,3.24,3.27,3.28,5,5.0,5.0,0.89,0.91,1.1,0.0,0.0,0.0,0.0,0.0,0.0
<5,,Married,0.51,0.55,1.37,1.38,2,2.63,2.64,3.26,3.27,5,5.0,5.0,0.89,0.91,1.08,0.57,0.0,0.0,0.0,0.0,0.0
<5,?,Married,0.5,1.39,1.37,1.38,1,2.64,2.63,3.27,3.27,5,5.0,5.0,0.9,1.07,1.08,0.0,0.0,0.0,0.0,0.0,0.0
<5,female,Single,0.0,1.39,1.37,1.37,1,2.65,2.64,3.27,3.28,5,5.0,5.0,0.9,1.07,1.07,5.0,,0.0,0.0,0.0,0.58
<5,male,Married,0.0,1.39,1.38,1.38,1,1.45,2.64,2.65,3.27,5,5.0,5.0,5.0,0.9,1.07,5.0,0.5,0.0,0.0,0.0,0.57
<5,male,Married,0.78,1.4,1.39,1.38,1,1.44,2.64,2.65,3.27,5,5.0,5.0,5.0,0.88,1.06,1.08,0.55,0.0,0.0,0.0,0.0
<5,male,Married,0.0,1.41,1.39,1.38,1,1.44,2.64,2.66,3.28,5,5.0,5.0,5.0,0.88,0.92,5.0,0.0,0.0,0.0,0.0,0.0
<5,male,Married,0.0,1.51,1.41,1.38,1,2.66,2.64,2.66,3.28,5,5.0,5.0,5.0,0.88,0.91,1.13,0.0,0.0,0.0,0.0,1.56
<5,female,Married,0.0,0.52,1.39,1.38,1,2.67,2.64,3.27,3.27,5,5.0,5.0,5.0,0.87,0.9,,0.55,0.0,0.0,0.0,0.0
<5,female,Married,0.0,0.51,1.4,1.38,1,5.0,2.65,3.27,3.29,5,5.0,5.0,5.0,0.89,0.89,1.06,0.54,0.0,0.0,0.0,0.0
<5,female,Married,0.0,0.51,1.4,1.39,1,5.0,1.48,3.27,3.28,3.29,5.0,5.0,5.0,0.87,1.05,,1.13,0.0,0.0,0.0,0.0
<5,male,Married,0.0,0.51,1.41,1.39,1,5.0,2.66,2.66,2.67,3.29,5.0,5.0,5.0,0.86,1.05,1.05,0.0,0.0,0.0,0.0,0.0
<5,male,Married,0.0,0.51,1.42,1.4,1,1.62,2.66,2.66,3.28,3.29,5.0,5.0,5.0,0.85,0.88,1.05,0.0,0.0,0.0,0.0,0.0
>10,female,Married,0.0,0.79,1.47,1.4,1,1.43,1.46,2.66,3.28,3.29,5.0,5.0,5.0,0.84,0.87,1.05,0.0,0.0,0.0,0.0,0.0
>10,female,Married,0.0,0.0,1.44,1.42,1,1.43,1.45,2.66,3.28,3.28,5.0,4.5,5.0,0.84,0.86,,0.0,0.0,,0.0,0.0
>10,male,Married,0.0,0.0,1.48,1.41,1,1.42,1.45,2.66,3.28,3.28,5.0,5.0,5.0,0.84,0.86,1.04,1.11,0.0,0.0,0.0,0.0
>10,male,Married,0.0,0.0,1.49,1.41,1,1.43,1.45,2.66,2.67,3.29,5.0,5.0,5.0,0.84,0.86,0.88,1.08,0.0,0.0,0.0,0.0
>10,male,Married,0.0,0.0,1.53,1.41,1,1.59,1.45,2.66,2.68,3.29,5.0,5.0,5.0,0.84,0.85,0.88,1.08,0.0,0.0,0.0,0.0
>10,male,Married,0.0,0.0,1.49,1.41,1,1.59,1.45,2.66,2.68,3.29,5.0,5.0,5.0,0.84,0.85,0.89,1.08,0.0,0.0,0.0,0.0
>10,male,Married,0.0,,1.49,1.41,1,1.43,1.45,2.66,2.68,3.29,5.0,5.0,5.0,0.84,0.85,0.88,1.08,0.53,0.0,0.0,0.0
>10,female,Married,0.0,0.0,1.48,1.41,1,1.43,1.45,2.66,3.27,3.29,5.0,5.0,5.0,0.84,0.85,0.88,1.08,0.0,0.0,0.0,0.0
>10,female,Married,0.0,0.0,1.45,1.41,1,1.43,1.46,2.65,3.27,3.28,5.0,5.0,5.0,0.84,0.85,0.88,1.08,,0.0,0.0,0.0
>10,female,Married,0.0,0.0,1.45,1.42,1,1.44,1.46,2.65,3.26,3.27,5.0,5.0,5.0,,0.85,0.87,1.06,0.0,0.0,0.0,0.0
>10,male,Married,0.0,0.51,1.51,1.42,1,1.44,1.46,2.64,3.25,3.26,5.0,5.0,5.0,0.83,0.84,0.86,1.06,0.0,0.0,0.0,0.0
>10,female,Married,0.0,1.58,1.52,1.43,1,1.47,1.47,2.63,3.24,3.24,5.0,5.0,5.0,0.83,0.84,,1.06,0.0,0.0,0.0,0.0
>10,?,Married,0.51,0.54,1.46,1.43,1,1.47,1.48,2.62,2.67,3.23,5.0,5.0,5.0,0.82,0.83,0.85,1.06,0.51,0.0,0.0,0.0
>10,male,Married,0.52,0.55,1.47,1.44,1,1.47,1.48,2.61,3.22,3.22,5.0,5.0,5.0,0.82,0.82,0.85,1.06,0.52,0.0,0.0,0.0
>10,female,Married,0.54,0.57,1.55,1.44,1,1.48,1.49,2.6,2.62,3.2,5.0,5.0,5.0,0.81,0.82,0.84,1.06,0.54,0.51,0.51,0.51
>10,?,Married,0.55,,1.56,1.45,1,1.49,1.5,2.59,3.19,3.19,5.0,5.0,5.0,0.8,0.81,0.83,0.59,0.55,0.53,0.52,0.53
>10,male,Married,0.57,0.6,1.49,1.46,1,1.5,1.5,2.58,3.18,3.16,5.0,5.0,5.0,0.79,0.8,0.83,1.07,,0.55,0.54,0.55
>10,male,Married,0.59,0.61,1.5,1.47,1,1.5,1.51,2.57,2.58,3.14,5.0,5.0,5.0,0.79,0.79,0.82,1.07,0.59,0.57,0.56,0.57
>10,male,Married,0.61,0.63,1.51,1.47,1,1.51,1.52,2.55,2.57,3.13,5.0,5.0,5.0,0.78,0.79,0.81,1.08,0.61,0.59,0.58,0.59
<5,male,Married,0.63,0.65,1.51,1.48,1,1.76,1.53,2.54,3.13,3.11,5.0,5.0,5.0,0.77,0.78,0.8,1.08,0.62,0.61,0.6,0.6
>10,male,Married,0.65,0.67,0.72,1.49,1,5.0,1.53,2.53,3.13,3.09,5.0,5.0,5.0,0.76,0.77,0.8,1.09,0.64,0.63,0.62,0.62
>10,?,Married,0.66,0.69,0.73,1.5,1,1.78,1.54,2.51,2.54,3.07,5.0,5.0,5.0,0.76,0.77,0.79,1.09,0.66,0.65,0.64,0.64
>10,female,Married,0.69,0.71,0.75,1.51,2,1.8,1.55,2.5,2.52,3.05,5.0,5.0,5.0,0.75,0.76,1.11,0.8,0.68,0.67,0.66,0.66
>10,,Married,0.7,0.73,1.54,1.51,2,1.56,1.55,2.49,2.51,3.03,5.0,5.0,5.0,0.74,0.75,0.77,0.81,0.7,0.69,0.67,0.68
<5,female,Married,0.72,0.75,1.55,1.52,2,5.0,1.56,2.48,2.5,3.01,5.0,5.0,5.0,,0.74,1.13,0.8,0.72,0.7,0.69,0.7
<5,?,Married,0.74,0.77,1.55,1.53,2,5.0,1.57,2.46,3.05,2.99,5.0,,5.0,0.73,0.73,1.14,0.78,0.74,0.72,0.71,0.72
<5,male,Married,0.76,0.79,1.56,1.54,2,5.0,1.58,2.45,3.04,2.97,5.0,5.0,5.0,0.72,0.73,1.15,0.77,0.76,0.74,0.73,0.74
>10,female,Married,0.78,0.81,1.57,1.55,2,1.58,1.58,2.44,3.02,2.95,5.0,,5.0,0.71,0.72,0.74,0.77,,0.76,0.75,0.76
>10,female,Married,0.8,0.83,0.87,1.55,2,5.0,1.59,2.43,2.98,2.94,5.0,5.0,5.0,0.71,0.71,0.74,0.76,0.8,0.78,0.77,0.78
>10,male,Married,0.82,0.84,1.59,1.56,2,1.59,1.6,2.41,3.0,2.92,5.0,5.0,5.0,0.7,0.72,0.73,0.75,0.82,0.8,0.79,0.8
>10,male,Married,0.84,0.86,1.59,1.57,2,5.0,1.61,2.4,2.98,2.9,5.0,5.0,5.0,0.7,0.71,0.8,0.75,0.83,0.81,0.81,0.82
>10,female,Married,0.85,0.88,0.92,1.58,2,1.61,1.61,2.39,2.97,2.88,5.0,3.5,5.0,0.7,0.7,0.8,0.74,0.85,0.84,0.82,0.83
>10,?,Married,0.87,,1.61,1.58,2,5.0,1.62,2.4,2.96,2.86,5.0,5.0,5.0,0.69,0.7,0.72,0.73,0.87,0.85,0.84,0.85
>10,male,Married,0.89,0.92,1.62,1.59,2,5.0,1.63,2.95,2.86,2.84,5.0,3.46,5.0,0.69,0.69,0.71,0.73,0.89,0.87,0.86,0.87
>10,female,Married,0.91,0.94,1.62,1.6,2,5.0,2.95,2.93,2.93,2.83,5.0,5.0,5.0,0.68,0.68,0.71,1.21,0.9,0.89,0.88,0.89
>10,male,Married,0.92,0.95,1.63,1.6,2,5.0,2.94,2.35,2.83,2.81,5.0,3.19,5.0,0.67,0.68,0.71,0.97,0.92,0.91,0.9,0.91
>10,female,Married,0.94,0.97,1.64,1.61,2,5.0,2.93,2.34,2.8,2.79,5.0,3.17,5.0,0.67,0.69,0.7,1.23,0.94,0.93,0.91,0.92
>10,female,Married,0.96,1.67,1.64,1.62,2,5.0,1.67,2.33,2.89,2.77,5.0,3.15,5.0,0.66,0.67,0.7,0.71,0.96,0.94,0.93,0.94
>10,female,Married,0.98,1.01,1.65,1.63,2,5.0,1.67,2.32,2.77,2.75,5.0,5.0,5.0,0.65,0.66,0.68,0.72,0.98,0.96,0.95,1.7
>10,male,Married,1.0,1.68,1.66,1.63,2,5.0,1.68,2.3,2.87,2.73,5.0,3.11,5.0,0.65,0.67,2.75,0.7,1.0,0.98,0.97,0.98
>10,female,Married,1.02,1.69,1.66,1.64,2,5.0,1.69,2.3,2.73,2.71,5.0,5.0,5.0,0.64,0.65,1.3,0.69,,1.0,0.99,1.0
>10,female,Married,1.03,1.69,1.68,1.65,2,5.0,1.69,2.84,2.84,2.7,5.0,3.07,5.0,0.63,,0.67,1.28,1.03,1.02,1.01,1.02
>10,female,Married,1.05,2.07,1.99,1.66,2,5.0,1.69,2.83,2.69,2.68,2.72,3.05,5.0,0.63,0.64,1.33,1.29,1.06,1.04,1.03,1.04
>10,,Married,1.07,1.45,2.01,1.66,2,1.69,1.7,2.82,2.67,2.66,2.7,3.28,5.0,0.62,0.63,1.43,1.3,1.07,1.05,1.04,1.05
>10,female,Married,1.09,2.81,2.02,1.67,2,1.69,1.71,2.8,2.65,2.64,2.68,3.01,5.0,0.61,0.62,0.65,0.67,1.09,1.07,1.06,1.07
>10,male,Married,1.11,2.1,1.92,1.68,2,1.71,1.72,2.79,2.63,2.62,2.64,2.99,5.0,0.61,0.61,0.64,1.33,1.11,1.09,1.08,1.13
>10,male,Married,1.13,2.12,1.93,1.69,2,1.72,1.72,2.24,2.61,2.6,2.65,2.96,5.0,0.6,0.61,0.63,0.65,1.13,1.11,1.1,1.14
>10,male,Married,1.15,2.13,2.08,1.69,2,1.73,1.74,,2.6,2.58,2.63,2.94,5.0,0.59,0.6,0.63,0.65,1.15,1.13,1.12,1.13
>10,,Married,1.16,2.14,1.73,1.7,2,1.98,1.74,2.22,2.58,2.57,5.0,2.92,5.0,0.59,0.6,0.62,0.64,1.17,1.15,1.14,1.16
>10,female,Married,1.19,2.15,2.12,1.71,2,1.98,1.75,2.74,2.56,2.55,2.6,2.91,5.0,0.58,0.59,0.61,0.89,1.18,1.16,1.15,1.19
>10,,Married,1.2,1.59,1.74,1.71,2,1.98,1.76,2.73,2.54,2.53,2.57,2.89,5.0,0.57,0.58,0.6,0.63,1.2,1.19,1.17,1.18
>10,male,Married,1.22,1.26,1.75,1.72,2,5.0,1.77,2.72,2.52,2.51,2.55,2.87,5.0,0.57,0.57,0.6,0.63,,1.2,1.19,1.2
>10,male,Married,1.24,1.27,1.76,1.73,2,1.76,1.77,2.6,2.51,2.49,2.53,2.85,5.0,0.56,0.57,0.59,0.62,1.24,1.22,1.21,1.22
>10,female,Married,1.26,1.28,1.77,1.74,2,1.76,1.78,2.59,2.48,2.47,2.61,2.83,5.0,0.55,0.56,0.58,1.43,1.26,1.24,1.23,1.34
>10,?,Married,1.28,1.3,1.77,1.74,2,1.77,1.79,2.58,2.47,2.45,2.46,2.81,5.0,0.55,0.56,0.57,0.6,1.28,1.26,1.25,1.27
>10,female,Married,1.29,1.32,1.78,,2,1.77,1.8,2.57,2.45,2.43,2.48,2.79,5.0,,0.55,0.57,,1.45,1.27,1.26,1.27
>10,female,Married,1.31,1.34,1.79,1.76,2,1.78,1.8,2.56,2.43,2.42,5.0,2.77,5.0,0.53,0.54,0.57,0.59,1.46,1.29,1.28,1.29
>10,female,Married,1.33,1.36,2.28,1.77,2,1.79,1.81,2.55,2.41,2.4,5.0,2.97,5.0,0.53,0.54,0.56,0.58,1.47,1.31,1.3,1.31
>10,female,Married,1.35,1.37,1.81,1.78,2,1.8,1.82,2.64,2.39,2.38,5.0,2.74,5.0,0.52,0.53,0.56,0.58,1.36,1.33,1.32,1.33
>10,female,Married,1.36,1.39,2.33,,2,1.8,1.83,2.63,2.37,2.36,2.4,2.71,5.0,0.52,0.52,0.54,0.57,1.36,1.35,1.34,1.35
>10,?,Married,1.38,1.41,1.44,1.79,2,1.81,1.84,2.62,2.36,2.34,2.39,2.69,5.0,0.52,0.55,0.54,1.42,1.38,1.38,1.36,1.47
>10,female,Married,1.4,,1.48,1.8,2,1.82,1.84,2.61,2.34,2.32,5.0,2.67,5.0,0.52,0.52,0.53,1.54,1.4,1.53,1.37,1.38
>10,?,Married,1.42,1.44,2.39,1.81,2,1.83,1.85,2.49,2.32,2.31,5.0,2.65,5.0,5.0,0.51,0.58,0.73,1.41,1.43,1.39,1.4
>10,female,Married,1.44,1.46,2.41,1.82,2,1.84,1.86,2.59,2.3,2.29,5.0,2.63,2.86,5.0,0.5,0.58,0.54,1.43,1.55,1.41,1.42
5-10,male,Married,1.46,1.48,2.41,1.82,2,1.85,1.87,2.58,2.28,2.27,2.38,2.61,2.84,5.0,0.0,0.6,0.53,1.45,1.44,1.43,1.44
5-10,male,Married,1.47,1.5,1.55,1.83,2,1.86,1.88,2.57,2.26,2.25,5.0,2.59,5.0,5.0,0.0,0.56,0.76,1.47,1.46,1.45,1.46
5-10,male,Married,1.49,1.52,1.56,1.84,2,5.0,1.88,2.56,2.24,2.23,2.24,2.57,5.0,5.0,0.0,0.58,0.73,1.49,1.47,1.47,1.48
>10,male,Married,1.51,1.54,1.58,1.6,2,5.0,1.89,2.55,2.23,2.21,2.24,2.55,5.0,5.0,0.0,0.56,0.74,1.51,1.49,1.48,1.5
>10,female,Married,1.53,1.56,1.6,1.86,2,1.88,1.9,2.54,2.21,2.19,2.26,2.53,5.0,5.0,0.0,0.54,0.68,,1.51,1.5,1.52
>10,?,Married,1.55,1.57,1.62,1.87,2,5.0,1.91,2.53,2.19,2.18,2.22,2.51,5.0,5.0,0.0,0.57,0.7,1.54,1.53,1.52,1.54
>10,female,Married,1.56,1.59,1.63,1.87,2,5.0,1.91,2.52,2.17,2.16,2.21,2.49,5.0,5.0,0.0,0.53,0.71,1.56,1.55,1.54,1.55
>10,female,Married,1.58,1.6,1.64,1.88,2,5.0,1.92,2.51,2.15,2.14,2.21,2.47,5.0,5.0,0.0,0.55,0.69,1.58,1.56,1.55,1.56
>10,male,Married,1.6,1.62,1.66,1.89,2,5.0,1.93,2.51,2.14,2.13,2.19,2.46,5.0,5.0,4.61,0.5,0.68,1.59,1.58,1.57,1.58
>10,male,Married,1.62,1.64,1.68,1.89,2,5.0,1.93,2.5,2.12,2.11,2.15,2.44,5.0,5.0,5.0,0.51,0.69,1.6,1.59,1.58,1.59
>10,female,Married,2.01,1.65,1.68,1.9,2,5.0,1.94,2.49,2.11,2.1,2.13,2.42,2.26,5.0,5.0,0.0,0.65,1.62,1.6,1.6,1.6
>10,female,Married,2.01,1.68,1.7,1.9,2,5.0,1.95,2.49,2.1,2.08,2.12,2.41,2.68,5.0,5.0,0.0,0.66,1.63,1.62,1.61,1.62
>10,female,Married,1.69,1.69,1.72,1.91,2,5.0,2.01,2.48,2.08,2.07,2.09,2.4,5.0,5.0,5.0,,0.67,1.65,1.63,1.62,1.63
5-10,female,Married,1.66,2.61,1.94,1.92,2,5.0,1.96,2.48,2.07,2.06,2.08,2.38,2.62,5.0,5.0,3.65,0.63,1.66,1.65,1.64,1.64
5-10,female,Married,1.67,2.62,1.95,1.92,2,2.49,1.96,2.47,2.06,2.05,2.07,2.37,2.61,5.0,5.0,0.0,0.62,1.67,1.65,1.65,1.66
5-10,female,Married,1.68,2.63,1.96,1.93,2,2.24,1.97,2.46,2.05,2.04,2.06,2.35,2.59,1.5,5.0,5.0,0.62,1.68,1.67,1.66,1.67
5-10,?,Married,1.69,2.64,1.96,1.93,2,2.48,1.97,2.06,2.04,2.02,2.07,2.35,2.58,1.49,5.0,2.13,0.63,1.69,1.68,1.67,1.68
5-10,male,Married,1.71,2.65,2.71,1.94,2,2.47,1.98,2.45,2.02,2.01,2.05,2.33,2.57,1.48,,3.16,0.6,0.87,1.69,1.68,1.7
>10,female,Married,1.72,2.66,1.97,1.94,2,2.47,1.98,2.32,2.02,2,2.03,2.32,2.56,1.48,5.0,5.0,0.6,1.72,1.7,1.69,1.71
5-10,female,Married,1.73,1.76,2.7,1.95,2,2.46,2.0,2.44,2.0,1.99,2.01,2.31,2.54,1.47,5.0,5.0,0.61,0.87,1.72,1.7,1.74
5-10,female,Married,1.74,2.69,2.7,1.95,2,2.46,1.98,2.43,1.99,1.98,2.0,2.29,2.53,1.46,5.0,5.0,0.57,0.89,1.73,1.72,1.73
>10,male,Married,1.76,2.7,2.74,1.96,2,2.45,2.0,2.3,1.98,1.96,1.97,2.0,2.52,1.45,5.0,5.0,0.54,0.85,1.74,1.73,1.74
>10,male,Married,1.77,1.82,2.75,1.96,2,2.46,2.0,2.42,1.97,1.95,1.96,1.98,2.5,1.45,5.0,5.0,0.58,0.75,1.75,1.74,1.75
>10,female,Married,1.79,1.83,2.74,1.97,2,5.0,2.03,2.42,1.96,1.94,1.95,1.97,2.49,,5.0,5.0,0.52,0.77,1.77,1.76,1.77
>10,female,Married,1.8,1.84,2.03,1.98,2,5.0,1.99,2.41,1.95,1.93,1.93,1.95,2.47,1.44,5.0,5.0,0.53,0.78,1.79,1.77,1.78
>10,male,Married,1.81,1.85,2.76,1.99,2,2.0,2.02,2.4,1.93,1.91,1.91,1.93,2.46,1.43,5.0,5.0,0.52,0.72,1.8,1.79,1.79
>10,female,Married,1.82,1.87,2.77,1.99,2,2.0,1.95,2.4,1.91,1.89,1.89,1.92,2.44,1.42,1.43,5.0,,0.71,1.82,1.8,1.81
>10,male,Married,1.83,1.88,1.89,2.0,2,2.0,2.39,2.39,1.9,1.88,1.88,1.89,2.42,1.42,1.42,5.0,1.9,0.69,1.84,1.82,1.82
>10,male,Married,1.85,1.88,1.91,2.01,2,2.01,1.93,2.38,1.89,1.86,1.86,1.88,1.9,1.41,1.41,2.83,1.92,0.64,1.86,1.84,1.84
>10,female,Married,1.87,1.91,1.92,2.01,2,5.0,1.94,2.37,1.87,1.84,1.84,1.86,1.88,1.41,,,5.0,0.64,1.88,1.86,1.86
>10,female,Married,1.89,2.85,1.94,2.02,2,2.02,2.36,2.36,1.85,1.83,1.82,1.84,1.86,1.41,1.4,1.42,5.0,0.62,1.9,1.88,1.88
>10,female,Married,1.91,2.87,1.96,2.02,2,2.05,1.88,2.35,1.83,1.81,1.8,1.81,1.84,1.41,1.4,1.41,5.0,0.63,1.92,1.89,1.89
>10,male,Married,1.93,2.89,1.98,2.03,2,2.03,1.85,2.34,1.82,1.79,1.78,1.8,1.82,1.4,1.39,1.41,2.03,0.65,1.94,1.91,1.91
>10,?,Married,1.95,2.9,2.01,2.03,2,2.37,1.83,2.33,1.8,1.77,1.76,1.78,1.8,1.39,,1.41,5.0,0.59,1.95,1.93,1.93
>10,male,Married,1.96,2.91,2.03,2.04,2,2.05,1.82,2.32,1.77,1.75,1.75,1.76,2.3,,1.39,1.4,2.03,0.6,1.97,1.95,1.95
>10,male,Married,1.98,2.93,2.04,2.04,2,2.08,1.8,2.31,1.75,1.73,1.73,1.74,2.28,1.38,1.38,1.42,2.05,0.62,1.99,1.97,1.97
5-10,male,Married,2.0,2.94,2.06,2.05,2,2.08,2.11,2.3,1.73,1.71,1.71,1.73,2.27,1.38,1.38,1.42,5.0,0.62,2.0,1.99,1.99
>10,male,Married,2.03,2.08,2.09,2.05,2,2.32,1.76,2.12,1.71,1.69,1.69,1.71,2.25,1.38,1.38,2.76,5.0,0.64,2.02,2.0,2.01
>10,,Married,2.1,2.98,2.97,2.05,2,2.3,1.74,2.29,1.7,1.68,1.68,1.7,2.24,1.37,1.41,2.74,5.0,0.65,2.03,2.02,2.03
>10,male,Married,2.08,2.97,2.99,2.05,2,2.29,1.72,1.7,1.68,1.66,1.68,1.69,2.22,1.37,1.38,2.74,2.1,0.66,2.04,2.03,2.05
5-10,female,Married,2.07,2.98,3.06,2.05,2,2.28,1.7,1.68,1.66,1.65,1.66,1.96,2.21,1.36,1.37,2.73,2.1,0.67,1.5,2.04,2.11
5-10,female,Married,2.08,3.0,5.0,2.06,2,2.27,1.69,1.66,1.65,1.64,1.65,1.95,2.2,1.36,1.37,2.73,5.0,0.78,1.52,2.06,2.07
5-10,male,Married,2.1,2.13,5.0,2.08,2,2.1,1.67,1.65,1.63,1.62,1.63,1.93,2.19,1.36,1.37,2.72,2.13,0.79,2.09,2.07,2.08
5-10,?,Married,2.11,2.14,5.0,2.08,2,2.26,1.66,1.81,1.62,1.61,1.62,1.65,2.18,1.35,1.36,1.39,5.0,0.8,1.55,2.08,2.09
5-10,male,Married,2.19,2.16,2.31,2.06,2,2.25,1.81,1.78,1.61,1.6,1.6,1.63,2.17,1.35,1.36,1.39,1.42,0.89,1.56,2.1,2.11
5-10,female,Married,2.16,2.18,5.0,2.07,2,2.25,1.63,,1.6,1.58,1.59,1.9,2.15,1.35,1.36,5.0,5.0,0.89,2.11,2.11,2.13
<5,female,Married,2.15,3.08,5.0,2.07,2,2.23,1.92,1.59,1.58,1.57,1.59,1.89,1.81,1.35,1.36,5.0,5.0,1.05,2.12,2.12,2.16
<5,female,Married,2.14,2.25,2.09,2.07,2,2.21,1.92,1.58,1.56,1.56,1.78,1.88,2.13,1.34,2.69,5.0,5.0,1.22,2.13,2.14,2.17
<5,male,Married,2.13,3.11,2.09,2.08,2,2.23,1.58,1.56,1.55,1.55,1.86,2.12,5.0,1.37,2.69,5.0,5.0,1.23,2.15,2.18,2.18
<5,female,Married,2.14,5.0,2.09,2.08,2,2.2,1.56,1.55,1.53,1.55,1.56,2.1,5.0,1.35,2.69,5.0,5.0,1.6,2.16,2.17,2.18
<5,male,Married,2.15,5.0,2.13,2.09,2,2.2,1.55,1.53,1.52,1.56,1.44,2.09,5.0,1.33,2.68,5.0,0.75,1.61,2.17,2.18,2.19
<5,female,Married,2.15,5.0,2.11,2.09,2,2.19,1.53,1.54,1.51,1.52,1.55,2.08,5.0,1.33,1.35,5.0,0.76,1.62,2.18,2.19,2.21
<5,male,Married,2.18,2.13,2.11,2.1,2,2.19,1.52,1.51,1.5,1.51,1.81,1.58,1.48,1.32,1.34,5.0,0.77,1.63,2.19,2.2,2.23
<5,female,Married,2.18,2.13,2.11,2.11,2,1.54,1.68,1.5,1.49,1.51,1.8,2.05,1.44,1.32,1.35,5.0,0.78,1.65,2.2,2.22,2.18
<5,male,Married,2.15,2.13,2.11,2.12,2,1.55,1.49,1.48,1.48,2.06,1.79,1.72,1.33,2.66,5.0,5.0,0.79,2.21,2.22,2.23,2.19
<5,male,Married,2.15,2.14,2.12,2.13,2,1.87,1.49,1.47,1.47,1.79,2.03,1.35,1.31,,5.0,2.26,0.86,2.22,2.23,2.22,2.19
<5,female,Married,2.16,2.14,2.13,2.17,2,1.53,1.47,1.46,1.46,1.76,2.01,1.34,1.3,2.64,5.0,2.27,0.94,2.23,2.24,2.21,2.19
<5,male,Married,2.16,2.15,2.14,,2,1.49,1.45,1.45,1.46,1.75,2.0,1.31,1.29,5.0,5.0,2.28,2.25,2.24,2.25,2.22,2.2
<5,?,Married,2.18,2.16,2.15,2.16,2,1.47,1.44,1.44,1.49,1.73,1.99,1.3,1.34,1.3,5.0,2.77,1.32,2.25,2.27,2.7,2.31
<5,female,Married,2.48,5.0,2.16,2.17,2,1.46,1.43,1.42,1.44,1.71,1.97,5.0,1.31,1.29,5.0,2.76,1.32,2.27,2.28,2.3,2.32
<5,male,Married,2.41,5.0,2.17,2.18,2,1.68,1.45,1.42,1.43,1.7,1.96,5.0,1.28,1.28,5.0,2.33,1.34,2.28,2.29,2.37,2.33
<5,female,Married,2.43,2.19,2.19,2.2,2,1.68,1.41,1.41,1.42,1.68,1.94,,1.24,5.0,5.0,2.33,2.29,2.29,2.31,2.36,3.26
<5,female,Married,2.22,2.2,2.2,2.21,2,1.68,1.4,1.4,1.41,1.68,1.92,1.34,1.23,5.0,2.34,0.83,2.3,2.3,2.32,2.39,3.31
<5,male,Married,2.23,2.22,2.22,2.23,2,1.68,1.38,,1.46,1.81,1.28,1.26,1.21,5.0,2.35,0.83,2.31,,2.36,2.41,3.37
>10,female,Married,2.25,2.23,2.26,2.24,2,1.68,1.37,1.4,1.54,1.88,1.23,1.21,1.2,2.57,2.37,0.84,2.32,2.34,4.11,2.4,3.34
>10,female,Married,2.27,2.24,2.25,2.23,2,5.0,1.36,1.37,1.48,1.87,1.89,1.19,1.18,1.23,2.36,0.84,2.33,2.35,4.12,2.4,5.0
<5,female,Married,2.27,2.25,2.26,2.21,2,1.47,1.35,1.36,1.6,1.41,1.87,1.18,1.16,1.13,2.37,0.85,2.34,,4.13,3.34,5.0
<5,,Married,2.28,2.27,2.28,2.21,2,1.54,1.34,1.35,1.59,1.84,1.85,1.16,1.15,1.12,2.37,0.85,2.34,2.36,,2.41,2.32
<5,female,Married,2.3,2.29,2.3,2.22,2,1.42,1.34,1.35,1.57,1.82,1.84,1.19,1.13,1.11,2.38,0.86,2.35,2.36,4.16,2.42,2.33
<5,female,Married,2.31,2.3,2.31,2.23,2,1.35,1.33,1.34,1.56,1.81,1.83,1.17,1.12,1.1,2.39,2.37,2.36,2.37,4.68,2.43,2.35
<5,female,Married,2.33,2.32,2.32,2.23,2,1.34,1.32,1.33,1.54,1.79,1.81,1.14,1.1,1.1,2.39,,2.37,2.37,4.19,2.43,5.0
<5,female,Married,2.35,2.34,2.33,2.25,2,1.33,1.32,1.33,1.53,1.78,1.79,1.83,1.08,1.09,2.4,2.38,2.37,2.38,4.2,2.44,5.0
<5,male,Married,2.36,2.35,2.34,2.25,2,1.32,1.31,1.32,1.51,1.76,1.78,1.13,1.06,1.08,2.41,0.88,2.38,2.39,4.22,3.44,5.0
<5,female,Married,2.38,2.37,2.35,2.27,2,1.32,1.3,1.31,1.5,1.75,3.56,1.06,1.05,,2.41,0.88,2.39,2.4,4.24,3.45,5.0
<5,male,Married,2.4,2.39,2.4,2.28,2,1.31,1.3,1.31,1.49,1.73,1.74,1.17,1.03,1.07,2.42,0.89,2.39,2.4,4.71,2.45,5.0
<5,,Married,2.42,2.4,2.38,2.28,2,1.3,1.29,1.3,1.48,1.71,1.73,1.06,1.01,1.06,2.43,2.41,2.4,2.41,4.72,3.49,5.0
<5,male,Married,2.43,2.42,2.39,2.29,2,1.29,1.28,1.29,1.47,1.7,1.71,5.0,1.0,1.06,2.44,,2.41,2.42,4.73,2.48,2.51
<5,male,Married,2.45,2.44,2.09,2.29,2,1.29,1.28,1.29,1.68,1.34,1.7,1.0,0.98,1.05,1.06,2.43,0.9,2.42,4.74,2.47,5.0
<5,,Married,2.4,2.46,2.1,2.3,2,1.29,1.27,1.28,1.31,1.67,1.69,,0.97,1.05,1.06,2.45,0.9,2.43,4.75,2.48,2.52
<5,male,Married,2.39,2.47,2.12,2.31,2,1.27,1.26,1.27,1.3,1.32,1.04,1.7,0.95,1.04,1.05,5.0,0.9,2.44,4.76,2.49,2.52
<5,female,Single,2.39,2.49,2.43,2.32,2,1.29,1.26,1.27,1.42,1.32,1.01,1.05,0.93,1.0,1.05,5.0,0.91,2.45,4.77,2.5,2.54
<5,male,Married,2.41,2.51,2.44,1.75,2,1.29,1.25,1.27,1.29,1.32,1.01,0.92,0.92,0.98,1.04,5.0,0.91,2.46,5.0,2.51,2.57
<5,female,Married,2.41,2.52,2.45,1.75,2,1.27,1.25,1.26,1.6,1.61,0.99,0.9,0.9,0.97,1.03,5.0,0.92,2.47,5.0,2.52,5.0
>10,?,Married,2.42,2.54,2.45,1.76,2,1.29,1.24,1.26,1.5,1.59,0.97,0.88,0.88,1.02,1.03,5.0,0.92,2.48,5.0,2.52,2.56
>10,female,Married,2.43,2.56,2.38,2.36,2,1.24,1.24,1.26,1.56,1.21,0.88,0.87,0.87,1.01,1.02,5.0,0.93,4.38,4.8,2.6,2.6
>10,female,Married,2.44,2.57,2.38,2.37,2,1.24,1.23,1.25,1.56,1.2,0.87,0.85,0.85,1.0,1.02,5.0,0.93,4.4,5.0,2.62,2.62
>10,female,Married,2.44,2.51,2.39,2.06,2,1.23,1.23,1.28,1.55,1.17,0.85,0.84,0.84,1.0,1.01,5.0,0.94,4.41,4.82,2.63,2.6
>10,female,Married,2.45,2.51,2.4,2.06,2,1.23,1.22,1.34,1.53,1.16,0.84,0.82,0.82,0.99,0.92,5.0,0.94,4.42,5.0,2.65,2.62
>10,female,Married,2.46,2.61,2.4,2.17,2,1.23,1.22,1.24,1.48,1.15,0.83,0.82,0.82,0.99,0.92,,0.9,4.43,5.0,2.66,2.64
<5,male,Married,2.46,2.61,2.41,2.39,2,1.24,1.22,1.24,1.54,1.16,0.84,0.82,0.82,0.99,0.92,5.0,0.9,4.43,5.0,2.67,2.63
<5,male,Married,2.46,2.6,2.51,1.79,2,1.24,1.22,1.24,1.51,1.16,0.91,0.83,0.82,0.95,1.0,0.9,0.89,4.43,5.0,3.68,5.0
<5,male,Married,2.46,2.6,2.41,1.79,2,1.24,1.22,1.24,1.51,1.16,0.9,0.85,0.82,0.95,1.0,0.9,0.89,4.43,5.0,3.68,5.0
<5,female,Married,2.46,2.6,2.41,1.79,2,1.25,1.22,1.24,1.51,1.16,0.9,0.83,0.82,0.89,0.92,5.0,0.89,4.43,4.43,3.68,2.67
<5,male,Married,2.46,2.6,2.41,1.79,2,1.25,1.22,1.24,1.51,1.16,0.9,0.83,0.82,,1.0,0.9,0.89,5.0,5.0,3.68,5.0
<5,female,Married,2.46,2.6,2.5,1.78,2,1.24,1.22,1.24,1.27,1.29,0.91,1.6,0.82,0.95,0.92,0.9,0.89,5.0,5.0,3.68,5.0
<5,female,Married,2.47,2.6,2.5,1.79,2,1.25,1.22,1.24,1.27,1.55,0.91,0.87,0.82,0.99,1.0,0.9,0.89,5.0,4.83,3.68,5.0
<5,male,Married,2.46,2.6,2.51,1.79,2,1.24,1.22,1.24,1.27,1.54,0.91,0.87,0.82,0.99,1.0,0.9,0.89,5.0,4.43,3.67,5.0
<5,female,Married,2.47,2.6,2.63,1.79,2,1.24,1.23,1.24,1.44,1.54,0.91,0.83,0.82,0.99,1.02,0.9,0.89,5.0,4.42,3.68,5.0
<5,female,Married,2.61,2.6,2.22,2.4,2,1.24,1.23,1.24,1.44,1.28,0.92,0.83,0.81,0.99,3.62,0.9,0.89,5.0,4.42,3.68,2.65
<5,female,Single,2.61,,2.62,2.4,2,1.24,1.23,1.24,1.35,1.29,0.85,0.82,0.81,0.99,1.05,0.9,0.89,,4.42,3.67,2.64
<5,male,Single,2.61,2.6,2.61,2.41,2,1.25,1.23,1.25,1.54,1.54,1.56,0.82,0.81,0.99,0.92,5.0,0.89,5.0,4.83,3.68,2.65
<5,female,Married,2.62,2.6,2.52,2.41,2,1.25,1.23,1.29,1.35,1.54,0.85,0.83,0.81,5.0,0.98,5.0,0.88,5.0,4.42,3.68,2.65
<5,male,Married,2.62,2.61,2.61,2.41,2,1.26,1.23,1.57,1.35,1.54,0.85,0.83,0.82,1.0,0.98,5.0,0.89,5.0,4.42,2.68,2.66
<5,female,Married,2.62,2.61,2.61,2.41,2,1.27,1.24,1.27,1.26,1.54,1.16,0.91,0.82,0.98,0.98,0.99,2.05,0.93,4.43,3.73,3.68
<5,female,Married,2.62,2.61,2.61,2.43,2,5.0,1.24,1.24,1.26,1.55,1.16,0.87,0.82,0.98,0.92,0.99,0.9,0.92,5.0,3.73,3.68
<5,female,Married,2.64,2.62,2.61,2.43,2,5.0,1.25,1.24,1.26,1.55,1.16,0.9,0.82,0.98,0.97,1.02,5.0,0.88,5.0,3.73,2.67
<5,male,Married,2.64,2.63,2.61,2.62,2,1.28,1.28,1.25,1.26,1.55,1.16,0.91,5.0,0.98,0.97,0.91,0.88,0.87,5.0,4.42,3.67
<5,male,Married,5.0,2.63,2.61,2.24,2,1.68,1.26,1.25,1.25,1.28,1.16,1.57,0.92,0.98,0.97,3.63,0.88,0.87,,4.42,3.67
<5,male,Married,2.66,2.62,2.61,2.63,2,1.8,1.26,1.25,1.29,1.28,1.55,1.57,0.82,0.84,0.97,,0.88,0.87,5.0,4.42,3.67
<5,male,Married,2.64,2.62,2.61,2.62,2,1.8,1.26,1.25,1.26,1.55,1.3,1.57,0.82,0.84,0.97,0.9,5.0,0.86,5.0,2.71,2.68
<5,female,Married,2.65,2.63,2.61,2.54,2,1.8,1.26,1.26,1.26,1.29,1.55,,0.82,0.83,0.96,0.96,0.98,0.86,0.92,4.42,2.69
<5,male,Married,2.65,2.64,2.62,2.62,2,1.8,1.27,1.26,1.26,1.4,1.55,1.18,0.91,0.83,0.87,0.96,0.97,0.87,0.88,4.42,2.69
<5,female,Married,3.67,2.64,2.62,2.62,2,1.79,1.27,1.26,1.26,1.28,1.55,1.17,0.92,0.83,0.97,0.95,0.97,0.88,0.87,4.43,3.72
<5,female,Married,2.66,2.64,2.62,2.62,2,1.8,1.29,1.27,1.26,1.27,1.55,1.17,0.91,0.83,0.96,0.95,0.89,0.87,0.86,5.0,4.83
<5,male,Married,3.66,2.66,2.63,2.62,3,1.81,1.82,1.27,1.26,1.27,1.3,1.16,0.9,0.81,0.84,0.95,0.89,0.86,0.86,0.87,4.84
<5,female,Married,2.68,5.0,2.64,2.62,3,1.81,1.28,1.29,1.26,1.27,1.29,1.16,1.59,0.81,0.83,0.95,5.0,0.86,0.86,0.87,4.83
<5,male,Married,3.67,3.75,2.64,2.62,3,1.81,1.29,1.27,1.26,1.27,1.29,1.17,1.58,0.81,0.83,0.95,0.97,0.86,0.85,0.87,4.43
<5,male,Married,2.69,3.74,2.64,2.62,3,1.82,1.29,1.27,1.26,1.28,1.29,1.56,1.57,0.8,0.82,0.95,0.95,0.86,0.85,0.87,4.43
<5,female,Married,2.7,5.0,2.64,2.63,3,1.83,1.29,1.27,1.26,1.3,1.44,1.33,1.57,0.8,0.82,0.96,0.95,0.87,0.85,0.91,4.42
<5,male,Married,3.69,3.73,2.64,2.5,3,2.44,1.64,1.28,1.27,1.27,1.38,1.33,1.57,0.8,0.82,5.0,0.89,0.96,0.86,0.86,4.43
<5,male,Married,3.75,3.68,2.65,2.64,3,2.44,1.63,1.29,1.27,1.27,1.39,1.55,1.56,0.79,0.81,0.85,0.94,0.95,0.88,0.85,5.0
<5,male,Married,4.44,3.69,2.66,2.64,3,1.85,1.81,1.84,1.31,1.27,1.28,1.55,1.16,0.79,,0.83,0.94,0.87,0.86,0.85,5.0
<5,female,Married,4.44,3.68,2.67,2.65,3,2.45,1.75,1.84,1.29,1.27,1.28,1.31,1.16,0.79,0.8,0.84,0.94,0.87,0.86,0.85,0.86
<5,male,Married,4.44,3.68,5.0,2.65,3,1.85,1.82,1.84,1.28,1.27,1.28,1.3,1.15,0.78,0.79,0.82,0.93,,0.86,0.85,0.86
<5,male,Single,3.74,3.68,5.0,2.66,3,2.45,1.32,1.85,1.27,1.27,1.28,1.55,1.16,0.78,0.79,0.81,,0.87,0.86,0.85,0.86
<5,male,Married,4.44,3.69,5.0,2.66,3,2.46,1.33,4.85,1.28,1.27,1.27,1.55,1.55,0.77,0.79,0.81,0.93,0.88,0.86,,0.86
5-10,male,Single,4.44,3.69,5.0,2.66,3,2.47,1.32,1.3,1.28,1.27,1.28,,1.55,0.77,0.78,0.82,5.0,0.87,0.86,0.85,0.87
>10,male,Single,4.44,3.69,5.0,2.66,3,2.55,1.32,1.31,1.28,1.27,1.34,1.55,1.55,0.77,0.78,5.0,5.0,0.88,0.95,0.85,0.85
5-10,female,Single,4.44,3.74,3.69,2.66,3,2.47,1.33,1.84,1.28,1.27,1.27,1.29,1.55,0.77,0.79,5.0,0.94,0.93,5.0,0.85,0.85
5-10,female,Single,0.92,3.76,3.69,2.67,3,2.48,1.34,1.84,1.29,1.27,1.27,1.29,1.54,0.77,0.77,5.0,0.93,0.92,0.94,0.85,0.85
5-10,male,Single,0.87,3.76,3.69,2.67,3,2.48,2.1,1.84,1.29,1.27,1.27,1.28,1.54,0.77,0.77,0.96,0.94,0.93,0.94,0.86,0.85
5-10,female,Single,0.9,3.76,3.7,2.67,3,2.47,1.34,1.84,1.29,1.27,1.27,1.28,1.54,0.77,0.78,5.0,0.94,0.93,0.94,,0.86
5-10,female,Single,0.91,3.77,3.7,2.68,3,2.47,1.33,1.84,1.86,1.26,1.26,1.28,1.53,0.77,0.79,5.0,0.95,0.93,0.94,0.86,0.86
5-10,male,Single,0.91,3.76,3.71,2.72,3,2.47,1.32,1.83,1.27,1.25,1.25,1.27,1.52,0.76,0.78,5.0,0.95,0.94,0.95,0.87,0.87
,male,Single,0.92,3.77,3.72,5.0,3,2.46,1.31,1.64,1.27,1.24,1.24,1.27,1.51,0.76,0.77,5.0,0.95,0.94,0.95,0.88,0.88
5-10,male,Single,0.93,3.78,3.73,2.69,3,2.46,1.82,1.82,1.25,1.23,1.23,1.25,1.5,0.75,0.77,5.0,0.96,0.95,0.96,0.89,0.89
5-10,female,Single,0.94,3.79,3.74,2.71,3,2.45,1.81,1.81,1.24,1.22,1.22,1.24,1.49,0.75,0.75,5.0,0.97,0.96,0.97,0.91,0.91
5-10,female,Married,0.94,3.8,3.76,2.7,3,2.45,1.8,1.81,1.22,1.2,1.2,1.29,1.47,0.75,0.75,5.0,0.98,0.97,0.98,0.92,0.92
<5,female,Single,0.95,3.82,3.77,2.72,3,2.45,1.79,1.8,1.21,1.18,1.18,1.28,1.46,0.74,0.75,0.79,5.0,0.98,0.99,0.94,0.94
<5,female,Married,0.97,3.83,3.79,2.74,3,2.43,1.79,1.8,5.0,1.17,1.17,1.19,1.44,0.74,0.74,0.77,1.0,0.99,0.99,0.96,0.95
<5,female,Single,0.98,3.85,3.85,2.74,3,2.43,1.78,1.79,1.17,1.15,1.15,1.17,1.42,0.73,,,5.0,1.0,1.01,0.98,0.97
<5,female,Married,1.01,3.87,3.82,5.0,3,2.42,1.77,5.0,1.16,1.13,1.13,1.15,1.41,0.73,0.73,0.79,5.0,1.01,1.02,0.99,0.99
<5,male,Single,1.03,3.88,3.84,2.75,3,2.42,1.76,5.0,1.13,1.11,1.11,1.13,1.39,,,0.79,5.0,1.02,1.03,1.01,1.01
<5,male,Single,1.04,3.9,3.87,2.75,3,2.41,1.75,5.0,1.12,1.09,1.09,1.11,1.37,0.71,0.72,0.78,5.0,1.03,1.04,1.03,1.03
>10,male,Single,1.06,3.92,3.88,5.0,3,2.4,1.74,1.44,1.1,1.07,1.07,1.09,1.35,0.71,0.71,0.78,5.0,1.04,1.06,1.05,1.05
>10,male,Single,1.08,3.91,3.9,5.0,3,2.4,1.72,5.0,1.08,1.05,1.05,1.07,1.33,0.7,0.71,0.73,5.0,1.05,1.07,1.07,1.07
>10,female,Married,1.11,3.92,3.91,2.74,3,2.39,1.72,5.0,1.06,1.03,1.03,1.05,1.31,0.69,0.71,0.72,5.0,1.07,1.08,1.09,1.09
<5,female,Married,1.13,3.93,3.93,2.78,3,2.39,1.71,4.9,1.03,1.01,1.01,1.03,1.29,0.69,0.69,0.78,5.0,1.08,1.1,1.11,1.11
>10,male,Married,1.15,3.95,3.96,2.75,3,2.39,1.7,4.9,1.01,0.99,0.99,1.01,1.28,0.68,0.69,0.74,5.0,1.09,1.1,1.13,1.13
<5,,Married,1.16,3.97,3.98,2.76,3,2.38,1.69,4.9,1.0,0.97,0.97,0.99,1.26,0.67,0.69,0.76,5.0,1.1,1.13,1.15,1.15
<5,,Married,1.19,3.98,3.99,2.77,3,2.38,1.68,1.27,0.98,0.95,0.95,0.97,1.24,0.67,0.67,0.75,5.0,1.11,1.13,1.17,1.17
<5,male,Married,1.22,4.0,4.01,2.77,3,2.37,1.67,4.9,0.96,0.93,0.93,0.96,1.22,0.66,0.67,0.74,5.0,1.12,5.0,1.19,1.19
<5,female,Married,1.22,4.02,5.0,5.0,3,2.37,1.67,4.9,0.94,0.92,0.92,0.94,1.2,0.66,0.67,0.75,5.0,1.14,1.16,1.2,1.21
<5,female,Married,1.24,4.04,5.0,5.0,3,2.36,1.58,4.91,0.92,0.9,0.89,0.92,1.18,0.65,0.66,0.75,5.0,1.15,1.16,1.22,1.23
<5,female,Married,1.26,,1.31,5.0,3,2.36,1.65,4.91,0.9,0.88,0.87,0.9,1.17,0.64,0.65,0.7,5.0,1.16,1.18,1.24,1.24
<5,male,Married,1.28,4.07,1.33,5.0,3,2.36,1.54,4.91,0.88,0.86,0.86,0.88,1.15,0.63,0.65,0.72,5.0,1.17,1.19,1.26,1.26
<5,female,Married,1.3,4.1,1.35,5.0,3,2.36,1.5,4.92,0.86,0.84,0.84,0.86,1.13,0.62,0.65,0.72,5.0,1.19,1.2,1.28,1.28
<5,female,Married,1.32,4.12,1.37,5.0,3,2.35,1.63,1.65,0.84,0.82,0.82,0.84,1.11,0.62,0.63,0.7,5.0,1.2,5.0,1.3,1.3
<5,female,Married,1.34,4.13,1.38,5.0,3,2.29,1.52,4.93,0.83,0.81,0.8,0.82,1.1,0.61,0.63,0.71,0.84,1.21,5.0,1.32,1.32
<5,female,Single,1.35,4.14,1.4,5.0,3,2.35,1.48,1.64,0.82,0.79,0.79,0.8,1.08,,0.62,0.64,5.0,1.23,5.0,1.33,1.33
<5,?,Married,1.35,1.38,1.4,5.0,5,2.35,1.61,1.63,0.92,0.78,0.78,0.79,1.07,0.61,0.61,0.64,0.82,5.0,5.0,1.34,1.34
<5,female,Married,1.35,1.37,1.39,5.0,5,2.35,1.62,1.64,0.93,0.8,0.78,,0.82,0.65,0.6,0.63,0.8,5.0,5.0,1.35,1.33
<5,female,Married,1.34,1.36,1.39,5.0,5,2.36,1.63,1.64,5.0,0.79,0.78,0.79,0.82,0.61,0.6,0.63,0.81,5.0,5.0,1.35,1.33
<5,male,Married,1.34,1.36,1.39,5.0,5,2.36,1.63,1.64,5.0,0.8,0.78,0.8,0.82,0.61,0.6,0.63,0.81,5.0,5.0,1.43,1.33
<5,female,Married,1.34,1.36,1.39,5.0,5,2.36,1.63,1.64,5.0,0.79,0.78,0.8,0.82,0.61,0.6,0.63,4.8,5.0,5.0,1.39,1.33
<5,male,Married,1.34,1.36,4.13,5.0,5,2.36,1.63,1.64,4.93,0.79,0.78,0.8,0.82,0.61,0.6,,4.8,5.0,5.0,5.0,1.33
<5,female,Married,1.34,1.36,1.39,5.0,5,2.36,1.63,1.64,5.0,0.79,0.78,0.8,0.82,0.61,,0.63,0.77,5.0,5.0,5.0,1.33
<5,male,Married,1.34,1.36,4.13,5.0,5,2.36,1.63,5.0,4.93,0.79,0.78,0.79,0.82,0.61,0.6,0.62,0.77,5.0,,5.0,1.33
<5,male,Married,1.34,1.36,4.13,5.0,3,2.36,1.63,5.0,4.93,0.79,0.78,0.79,0.81,0.61,0.6,0.62,0.65,5.0,5.0,5.0,1.33
<5,male,Married,1.34,4.93,4.13,5.0,3,2.36,1.63,5.0,4.93,0.79,0.78,0.79,0.81,0.6,0.6,0.62,0.65,5.0,1.23,1.35,1.33
<5,female,Married,1.33,4.95,4.13,5.0,5,2.36,1.63,5.0,5.0,0.79,0.78,0.79,0.82,0.6,0.59,0.62,0.72,0.68,1.22,,1.33
<5,male,Married,1.28,5.0,4.13,5.0,3,2.36,1.63,0.86,5.0,0.8,0.78,0.8,0.81,0.6,0.59,,0.72,0.67,1.22,1.34,1.33
<5,female,Single,1.27,4.75,4.13,4.78,5,2.38,1.64,1.64,4.95,0.8,0.78,0.8,0.83,0.6,0.59,0.65,0.63,1.39,1.22,5.0,1.33
<5,male,Single,1.34,1.37,4.14,4.77,5,3.4,1.65,0.86,1.66,0.8,0.79,0.79,0.83,0.6,0.59,0.61,0.63,,1.22,5.0,1.33
<5,male,Single,1.33,1.37,4.14,4.14,3,2.82,1.96,1.63,1.66,0.81,0.79,0.79,0.81,0.62,0.59,0.6,0.67,0.64,5.0,5.0,1.33
<5,female,Single,1.33,1.37,4.15,4.14,3,2.82,2.37,1.63,1.66,0.9,0.79,0.79,0.8,,0.59,0.59,0.62,0.64,5.0,5.0,1.33
<5,male,Single,1.33,5.0,4.16,4.16,5,4.75,2.37,1.63,1.66,0.9,0.8,0.79,0.8,0.75,0.6,0.59,0.62,0.79,5.0,5.0,1.35
<5,female,Single,1.33,1.43,4.77,4.15,5,2.41,1.66,1.64,2.41,0.81,0.79,0.78,0.79,0.61,0.59,0.58,0.61,0.79,5.0,5.0,5.0
<5,female,Single,1.32,1.34,4.77,4.14,5,2.82,2.38,1.65,1.66,0.94,0.79,0.78,0.79,0.74,0.58,0.58,0.6,0.76,5.0,5.0,5.0
<5,female,Single,1.32,1.33,4.76,4.14,5,2.82,2.38,1.65,1.65,0.82,0.79,0.78,0.79,0.72,0.58,0.58,0.6,0.73,5.0,1.21,1.34
<5,female,Single,1.33,1.35,4.76,4.14,5,2.83,2.38,1.65,1.65,4.94,0.79,0.78,0.79,0.63,0.58,0.57,0.65,0.73,5.0,1.21,1.34
<5,male,Single,1.33,1.28,4.76,4.15,5,2.83,2.38,1.65,1.49,4.94,0.79,0.78,0.79,1.1,0.58,0.57,0.64,0.62,4.8,1.21,1.34
<5,female,Single,1.33,1.41,4.76,4.18,5,2.83,2.39,1.66,1.5,4.95,0.8,0.78,0.79,0.62,,0.57,0.59,0.61,5.0,1.21,5.0
<5,female,Single,1.33,1.34,4.77,4.18,5,2.85,2.43,1.67,1.5,1.67,0.8,0.78,0.78,0.61,0.59,,0.58,0.6,4.79,1.21,5.0
<5,female,Single,1.34,1.33,4.77,4.77,5,2.93,2.37,1.98,1.64,1.67,0.84,0.79,0.78,0.62,0.59,0.58,0.58,0.61,0.79,5.0,5.0
<5,female,Single,1.43,1.33,5.0,4.77,5,2.93,2.38,2.39,1.65,1.67,0.91,0.79,0.78,1.05,0.59,0.58,0.57,0.6,,5.0,5.0
<5,male,Single,1.34,1.33,1.35,4.77,5,2.93,2.42,2.39,1.65,5,0.81,0.79,0.78,0.84,0.59,0.57,0.56,0.59,0.75,5.0,5.0
<5,female,Single,1.34,1.33,1.34,4.77,4,5.0,2.41,2.39,1.66,5,0.81,0.79,0.78,0.84,0.59,0.57,0.56,,0.72,5.0,1.21
<5,male,Single,1.34,1.33,1.41,4.77,4,5.0,2.42,2.39,1.67,5,0.81,0.79,0.78,0.83,0.7,0.57,0.56,0.58,0.7,5.0,5.0
<5,male,Single,1.34,1.34,1.37,4.77,5,5.0,2.84,2.4,1.67,1.66,0.81,0.79,0.78,1.04,1.09,0.57,0.55,0.57,0.76,5.0,1.2
<5,male,Single,1.35,1.34,1.35,4.77,5,5.0,2.85,2.4,1.68,1.51,0.82,0.8,0.78,1.04,0.86,0.58,0.56,0.57,0.65,1.42,5.0
<5,?,Single,1.36,1.34,1.34,4.78,5,5.0,2.85,2.57,2.4,1.51,5.0,0.83,0.78,1.04,1.05,3.4,0.55,0.58,0.64,0.62,5.0
<5,male,Single,0.67,1.35,1.34,5.0,5,5.0,2.87,3.39,2.4,1.51,5.0,0.9,0.78,1.03,0.84,1.42,0.55,0.56,0.59,0.61,0.64
<5,female,Single,0.66,5.0,1.34,1.35,4,5.0,2.87,2.87,1.68,1.66,1.68,0.91,0.79,0.81,0.6,,0.56,0.56,0.58,0.61,0.63
<5,female,Single,0.66,5.0,1.34,1.35,5,5.0,2.94,3.4,1.68,1.66,1.68,0.9,0.78,0.8,0.84,0.58,0.55,0.55,0.57,0.61,0.63
<5,male,Single,1.21,1.35,1.34,1.35,5,5.0,2.95,2.87,2.4,1.66,5.0,0.95,0.78,,1.03,0.71,0.55,0.54,0.57,0.59,5.0
<5,male,Single,1.2,1.35,1.35,1.36,5,5.0,5.0,2.86,2.41,1.67,5.0,0.81,0.78,0.8,1.03,0.59,0.55,0.54,0.56,0.59,0.62
<5,female,Single,1.2,1.36,1.35,1.38,5,5.0,2.97,2.86,2.4,1.67,1.46,0.95,0.78,0.79,1.02,0.58,0.55,0.54,0.55,0.64,1.41
<5,female,Single,1.41,5.0,1.35,1.36,5,4.79,5.0,2.86,2.58,1.67,1.67,5.0,0.78,0.79,0.83,0.59,0.58,0.54,0.55,0.63,1.41
<5,female,Single,5.0,5.0,1.35,1.35,5,4.79,5.0,2.87,3.39,2.4,0.86,5.0,0.79,0.8,0.83,1.02,0.59,0.54,0.54,,0.78
<5,?,Single,0.63,5.0,1.36,1.36,1,4.2,5.0,2.87,2.87,2.4,1.52,1.68,5.0,0.78,0.8,1.02,1.7,0.54,0.54,0.57,4.8
<5,female,Single,5.0,5.0,5.0,1.36,1,4.8,5.0,5.0,2.41,2.41,1.51,1.68,5.0,0.77,0.79,1.02,0.69,0.54,0.54,0.57,0.74
<5,male,Married,1.42,5.0,1.37,1.36,1,4.8,5.0,2.97,2.42,1.68,1.55,1.69,4.97,0.77,0.79,1.01,0.59,0.54,0.53,0.55,0.74
<5,female,Single,1.42,5.0,5.0,1.36,1,4.2,5.0,2.96,2.87,1.68,1.66,1.19,0.95,0.76,0.78,1.01,0.68,0.54,0.53,,0.59
<5,male,Single,0.6,5.0,1.37,1.36,1,4.21,5.0,2.97,2.87,2.41,1.66,1.68,0.94,0.76,0.78,1.01,0.66,0.54,0.53,0.54,0.67
<5,male,Single,0.59,5.0,1.38,1.36,1,4.22,5.0,5.0,2.88,2.41,1.66,1.58,0.94,0.76,0.78,1.0,1.05,0.54,0.53,0.54,0.58
<5,female,Single,0.59,5.0,5.0,1.37,1,4.97,4.82,5.0,2.88,2.41,1.67,1.43,0.94,0.76,0.81,1.0,0.83,0.54,0.53,0.54,0.57
<5,female,Single,0.58,5.0,5.0,1.37,1,4.23,1.45,,2.98,2.42,1.67,1.43,5.0,0.75,0.78,0.8,0.57,0.55,0.53,0.53,0.63
<5,male,Single,0.57,0.62,5.0,1.39,1,4.99,4.28,5.0,2.9,2.68,1.68,1.52,5.0,,0.76,0.79,0.57,0.57,0.53,0.53,0.64
<5,female,Married,0.57,0.61,5.0,1.42,1,4.98,1.44,5.0,2.97,2.42,1.99,1.54,1.69,0.74,0.75,0.78,0.58,0.55,0.56,0.52,0.61
>10,male,Married,0.68,0.61,5.0,1.39,1,1.42,1.43,5.0,2.97,3.39,1.99,1.65,1.68,0.74,0.75,,0.8,0.55,0.53,0.52,0.55
>10,male,Married,0.68,0.6,5.0,1.38,1,1.41,1.43,5.0,2.97,2.47,1.68,1.67,1.68,0.74,0.74,0.77,0.8,0.56,0.53,,0.54
>10,female,Married,0.63,0.61,5.0,1.39,1,5.0,1.43,5.0,5.0,2.9,1.68,1.66,5.0,0.73,0.74,0.76,0.79,0.55,0.53,0.52,0.53
>10,female,Married,0.63,0.6,1.23,1.39,1,5.0,1.44,5.0,5.0,2.88,1.69,1.66,1.69,0.73,0.74,0.77,0.79,0.55,0.53,0.52,0.53
<5,female,Married,0.63,0.6,5.0,1.39,1,5.0,1.43,5.0,5.0,2.88,1.68,1.66,5.0,0.73,0.74,0.99,0.79,0.55,0.53,0.52,0.53
<5,female,Single,0.64,0.6,1.23,1.39,1,5.0,1.43,5.0,5.0,2.88,1.68,1.66,5.0,0.73,0.74,0.76,0.79,0.56,0.54,0.53,0.54
<5,?,Single,0.65,0.62,1.24,1.39,1,5.0,1.44,5.0,5.0,2.87,1.67,1.65,5.0,0.73,0.73,0.76,0.99,0.56,0.54,0.53,0.54
<5,female,Married,0.66,0.63,5.0,1.39,1,5.0,1.44,5.0,5.0,2.86,1.66,1.64,5.0,0.72,0.73,0.76,0.78,,,0.54,0.55
<5,female,Married,0.67,4.83,5.0,1.4,1,5.0,1.44,5.0,5.0,5,1.65,1.63,5.0,0.72,0.73,0.75,1.0,0.58,0.56,0.55,0.56
<5,female,Married,0.6,0.66,1.26,1.41,1,5.0,1.44,5.0,5.0,5,1.64,1.61,5.0,0.72,0.72,,1.01,0.59,0.58,0.57,0.57
<5,female,Married,0.61,5.0,1.28,1.41,1,5.0,1.45,5.0,5.0,5,1.62,1.6,5.0,0.71,0.72,0.74,0.77,0.61,0.59,0.58,0.59
<5,female,Married,0.62,5.0,1.28,1.41,1,5.0,1.46,5.0,5.0,2.34,1.6,1.59,5.0,0.7,0.71,0.73,1.01,0.62,0.6,0.59,0.6
<5,female,Married,0.63,5.0,1.29,1.42,1,5.0,1.47,5.0,5.0,5,1.59,1.57,5.0,0.7,0.7,0.73,0.77,0.63,0.62,0.61,0.62
>10,female,Married,0.65,1.48,1.31,1.43,1,5.0,1.47,5.0,5.0,5,1.58,1.56,1.57,0.69,0.7,0.72,0.75,0.65,0.63,,0.63
>10,,Single,0.66,5.0,1.32,1.43,1,5.0,1.47,5.0,5.0,2.31,1.57,1.55,1.56,0.69,0.69,0.78,0.74,0.66,0.64,0.63,0.64
>10,female,Married,0.66,,1.32,1.44,1,5.0,1.47,5.0,5.0,2.3,1.56,1.54,1.55,0.68,0.69,0.72,0.72,0.67,0.66,0.64,0.65
>10,male,Married,0.67,4.86,1.33,1.44,1,5.0,1.48,5.0,5.0,2.76,2.27,1.53,1.54,0.68,0.69,0.72,0.96,0.68,0.66,0.65,0.66
>10,female,Married,0.67,4.85,1.33,1.45,1,5.0,1.47,5.0,5.0,2.77,2.27,1.53,1.53,0.68,0.69,0.71,0.96,0.69,0.67,0.65,0.66
>10,male,Married,0.67,4.85,1.33,1.35,1,1.47,1.48,5.0,5.0,5,2.27,1.53,1.53,0.68,0.69,0.72,0.73,0.69,0.67,0.65,0.66
>10,female,Married,0.67,4.86,1.33,1.35,1,5.0,1.48,5.0,5.0,2.77,2.27,1.53,1.53,0.68,0.69,0.76,0.73,0.69,0.67,0.65,0.67
>10,male,Married,0.68,6.16,1.33,1.35,1,5.0,1.48,5.0,5.0,2.76,2.27,1.53,1.53,0.68,0.69,0.71,1.04,0.69,0.67,0.65,0.66
>10,male,Married,0.68,,1.34,1.35,1,5.0,4.17,5.0,5.0,2.76,2.26,1.52,1.53,0.68,0.68,0.71,1.04,0.69,0.67,0.66,0.67
>10,?,Married,0.68,5.0,1.34,1.36,1,1.47,4.17,5.0,5.0,5,2.26,1.52,1.52,0.67,0.68,0.72,0.73,0.7,0.67,0.66,0.67
>10,male,Married,0.68,5.0,1.34,1.35,1,1.47,1.48,5.0,5.0,5,2.26,1.52,1.52,0.67,0.68,0.76,0.73,0.69,0.68,0.66,0.67
<5,male,Married,0.68,1.51,1.34,1.36,1,5.0,1.49,5.0,5.0,2.75,2.26,1.52,1.52,0.67,0.68,0.77,0.72,0.71,0.68,0.66,0.67
<5,female,Married,0.69,5.0,1.35,1.36,1,5.0,4.16,5.0,5.0,2.31,2.25,1.51,1.51,0.67,0.68,0.77,0.97,0.71,0.69,0.67,0.69
<5,?,Married,0.7,5.0,1.35,1.37,1,5.0,4.16,5.0,5.0,2.73,2.24,1.5,1.5,0.67,0.68,0.77,0.72,0.71,0.7,0.68,0.7
>10,female,Married,0.71,5.0,1.36,1.46,1,5.0,4.16,5.0,5.0,2.25,2.23,1.49,1.49,0.66,0.67,0.77,0.72,0.72,0.71,0.69,0.71
>10,female,Married,0.72,5.0,1.37,1.39,1,5.0,4.15,5.0,5.0,2.24,2.22,1.48,1.48,0.66,0.67,0.78,0.71,0.73,0.72,0.7,0.71
<5,male,Married,0.73,5.0,1.38,1.4,1,5.0,4.14,5.0,5.0,2.23,2.2,1.47,1.47,0.65,0.67,0.69,0.88,0.75,0.73,0.71,0.72
<5,,Married,0.76,5.0,1.39,1.41,1,5.0,4.14,5.0,5.0,5,2.19,1.45,1.45,0.65,0.66,0.78,0.81,0.76,0.74,0.72,0.73
>10,male,Married,0.77,5.0,1.4,1.41,1,5.0,4.14,5.0,5.0,2.68,2.18,1.44,1.44,0.65,0.66,0.76,0.9,0.78,0.75,0.74,0.74
<5,female,Married,0.78,5.0,1.42,1.42,1,5.0,4.14,,5.0,5,2.17,1.43,1.43,0.64,0.66,0.67,1.08,0.78,0.77,0.75,0.75
>10,male,Married,0.79,5.0,1.42,1.43,1,5.0,4.13,5.0,5.0,5,2.16,1.42,1.42,0.64,0.65,5.0,0.69,1.09,0.79,0.76,0.76
>10,male,Married,0.8,5.0,1.43,1.44,1,5.0,4.12,5.0,5.0,5,2.15,1.42,1.41,0.63,0.64,0.67,0.8,0.81,0.8,0.77,0.77
>10,male,Married,0.81,5.0,1.44,1.45,1,5.0,4.12,5.0,5.0,5,2.14,1.42,1.4,0.63,0.64,0.66,0.8,1.1,0.81,0.78,0.78
<5,female,Married,0.81,5.0,1.45,1.45,1,5.0,4.12,5.0,5.0,5,2.13,1.69,1.39,0.63,0.63,0.65,0.8,1.11,1.13,0.79,0.79
>10,male,Married,0.82,5.0,1.46,1.46,1,5.0,4.11,5.0,5.0,5,2.12,1.68,1.37,0.62,0.63,0.65,0.81,1.11,,0.8,0.8
>10,male,Married,0.83,5.0,1.47,1.47,2,5.0,4.11,5.0,5.0,5,2.1,1.67,1.36,0.62,0.62,0.64,0.8,1.12,1.14,,0.81
>10,male,Married,0.84,1.5,0.9,1.48,2,5.0,4.1,5.0,5.0,5,2.09,1.66,1.35,0.62,0.62,0.64,0.81,1.13,1.14,0.83,0.82
<5,female,Married,0.85,5.0,0.92,1.5,2,5.0,4.1,5.0,5.0,5,2.08,1.65,1.33,0.61,0.61,0.63,0.81,1.14,1.15,0.84,0.84
>10,female,Married,0.87,1.52,0.94,1.51,2,5.0,4.09,5.0,5.0,5,2.07,1.63,1.32,0.61,0.61,0.63,0.81,1.15,1.15,0.86,0.86
>10,male,Married,0.88,1.53,0.94,1.52,2,5.0,4.08,5.0,5.0,5,2.05,1.62,1.3,0.61,0.6,0.62,0.65,1.11,1.16,0.88,0.87
<5,?,Single,0.9,1.54,1.53,1.54,2,5.0,4.08,5.0,5.0,5,2.03,1.61,1.29,0.6,0.6,0.62,,1.13,1.17,0.9,0.89
<5,male,Married,0.92,1.56,0.99,1.55,2,5.0,4.07,5.0,5.0,5,2.01,1.58,1.27,0.59,0.59,0.61,0.65,1.06,1.18,0.92,0.91
<5,male,Married,0.94,0.96,1.56,1.57,2,5.0,4.06,5.0,5.0,5,2.0,1.28,1.25,0.59,0.59,0.6,0.63,0.97,1.19,0.95,0.92
<5,female,Single,0.95,0.98,1.57,1.59,2,5.0,4.05,5.0,5.0,5,1.98,1.28,1.24,0.58,0.58,0.6,0.72,0.99,1.2,0.96,0.94
<5,male,Single,0.97,1.0,1.58,1.59,2,5.0,4.04,5.0,5.0,5,2.01,1.9,1.22,0.58,0.58,0.59,0.87,1.01,1.21,0.97,0.96
>10,male,Single,0.99,1.02,1.6,1.61,2,5.0,4.04,5.0,5.0,5,1.95,1.88,1.2,0.58,0.58,0.59,0.71,1.01,1.23,0.99,0.97
>10,female,Single,1.0,1.03,1.61,1.62,2,5.0,4.03,5.0,5.0,5,1.93,1.86,1.19,0.57,0.57,0.58,5.0,1.04,1.24,1.0,0.99
<5,female,Single,1.02,1.05,1.63,1.64,2,5.0,4.02,5.0,5.0,5,1.91,1.84,1.17,0.57,0.57,,1.27,0.89,1.25,1.02,1.01
>10,female,Single,1.04,1.06,1.64,1.65,2,5.0,4.02,5.0,5.0,5,1.9,1.82,1.15,0.57,0.56,0.57,0.82,0.9,,1.04,1.03
5-10,male,Single,1.05,1.08,1.66,5.0,2,5.0,4.01,5.0,5.0,5,1.88,,1.14,0.56,0.56,0.57,1.65,0.91,1.28,1.06,1.04
5-10,female,Single,1.07,1.1,1.67,1.7,2,5.0,4.0,5.0,5.0,5,1.87,1.78,1.12,0.56,0.55,0.57,1.66,0.92,1.29,1.1,1.06
5-10,?,Single,1.09,1.12,1.69,1.7,2,5.0,3.99,5.0,5.0,5,1.85,1.76,1.11,0.55,0.55,0.56,1.68,0.93,1.3,1.1,1.08
5-10,male,Single,1.11,1.41,1.7,5.0,2,5.0,3.98,5.0,5.0,5,1.83,1.74,1.09,0.55,0.54,0.56,0.58,,1.32,,1.1
5-10,male,Single,1.13,1.73,1.72,1.73,2,5.0,3.98,5.0,5.0,5,1.82,1.73,1.07,0.55,0.54,0.55,0.67,0.95,0.97,1.15,1.12
5-10,male,Single,1.14,1.74,1.73,5.0,2,5.0,3.97,5.0,5.0,5,1.8,1.71,1.06,0.54,0.54,0.55,0.58,0.96,1.34,1.15,1.13
5-10,female,Single,1.16,1.19,1.74,5.0,2,5.0,3.97,5.0,5.0,5,1.77,1.69,1.05,0.54,0.53,0.54,0.57,0.97,1.36,1.17,1.15
5-10,female,Single,1.18,1.2,1.76,1.78,5,5.0,3.96,5.0,5.0,5,1.75,1.68,1.04,0.54,0.53,0.54,0.57,0.98,1.37,1.19,1.17
<5,male,Single,1.19,1.22,1.77,5.0,2,5.0,3.95,5.0,5.0,5,1.73,1.66,1.03,0.53,0.52,0.53,0.56,0.98,1.22,1.22,1.18
<5,female,Single,1.21,1.24,1.78,5.0,2,5.0,3.95,5.0,5.0,5,1.72,1.64,1.33,0.53,0.52,0.53,0.57,1.0,1.28,,1.2
<5,female,Single,1.23,1.26,1.8,1.81,2,5.0,4.6,5.0,5.0,5,1.7,1.62,1.31,0.52,0.52,0.53,0.65,1.01,1.28,1.23,1.22
<5,male,Single,1.25,1.27,1.81,1.83,2,5.0,4.59,5.0,5.0,5,1.68,1.61,1.3,0.52,0.51,0.52,0.64,1.01,1.04,1.25,1.24
<5,female,Single,1.27,1.28,1.83,5.0,2,5.0,3.92,5.0,5.0,1.72,1.66,1.59,1.65,0.52,0.51,,0.63,1.05,1.05,1.27,1.26
<5,male,Single,1.28,1.3,1.84,5.0,2,5.0,3.92,5.0,5.0,5,1.64,1.57,1.63,0.52,0.51,0.51,0.63,1.05,1.06,1.29,1.27
<5,female,Single,1.3,1.32,1.85,5.0,2,3.21,3.91,5.0,5.0,5,1.63,1.55,1.61,0.51,0.51,0.51,0.54,0.89,1.07,1.3,1.29
<5,female,Single,1.32,1.35,1.87,1.91,2,5.0,3.9,5.0,5.0,5,1.61,1.6,1.18,,0.5,0.51,0.53,0.87,1.08,1.32,1.31
<5,female,Single,1.34,1.37,1.88,1.9,2,3.21,3.89,5.0,5.0,1.63,1.59,1.52,1.57,0.51,0.5,0.51,0.53,1.11,1.1,1.34,1.33
<5,female,Single,1.37,1.39,1.42,1.9,2,3.21,4.53,5.0,5.0,1.62,1.57,1.5,1.56,0.51,0.0,0.51,0.53,0.56,1.11,1.37,1.35
<5,male,Single,1.39,1.41,1.42,1.92,2,3.21,4.52,5.0,5.0,5,1.56,1.54,1.54,0.51,0.0,0.51,0.52,0.56,1.12,1.38,1.37
<5,male,Single,1.42,1.42,1.44,1.93,2,3.21,3.88,5.0,5.0,1.6,1.54,1.53,1.52,0.5,0.0,0.5,0.53,0.55,1.13,1.4,1.39
<5,male,Single,1.4,1.43,1.45,1.94,2,3.21,5.0,5.0,5.0,1.58,1.53,1.52,1.51,0.51,0.0,0.0,0.57,0.54,0.59,,1.4
<5,female,Single,1.41,1.45,1.94,1.94,2,3.21,3.24,5.0,5.0,1.58,1.53,1.52,1.51,0.5,0.0,0.0,0.54,0.53,0.59,1.42,1.4
<5,female,Single,1.4,,5.0,1.94,2,3.21,3.23,5.0,5.0,1.59,1.53,1.53,1.51,0.51,0.0,0.0,0.54,0.53,0.59,1.46,1.4
<5,female,Single,1.4,1.42,1.94,1.94,2,3.21,3.23,5.0,5.0,1.59,1.54,1.53,1.51,0.51,0.0,,0.56,0.53,0.58,1.42,1.4
<5,female,Single,1.4,1.42,1.95,1.94,3,3.21,3.23,5.0,5.0,1.59,1.54,1.53,1.51,0.51,0.0,0.0,0.52,0.53,0.59,1.42,1.4
<5,male,Single,1.4,,1.95,1.94,2,3.21,3.23,5.0,5.0,1.59,1.54,1.53,1.51,0.51,0.0,0.0,0.54,0.53,1.11,1.46,1.4
<5,male,Single,1.4,1.42,5.0,1.93,3,3.21,3.23,3.87,5.0,1.59,1.54,1.56,1.51,0.51,0.0,0.0,0.51,0.53,1.11,1.42,1.4
<5,female,Single,1.4,1.41,5.0,1.48,3,3.21,3.23,3.87,5.0,5,1.54,1.55,1.51,0.56,0.0,0.0,0.51,0.53,0.58,1.47,1.4
<5,,Single,1.4,1.41,1.95,1.93,2,3.21,3.23,3.88,5.0,5,1.55,1.55,1.51,0.56,0.0,0.0,0.5,0.52,1.14,1.46,1.4
<5,female,Single,1.39,1.41,1.95,1.47,2,3.21,3.23,3.87,5.0,5,1.56,1.54,1.51,0.56,0.0,0.0,0.5,0.52,1.14,1.46,1.4
<5,female,Single,1.39,1.41,5.0,1.47,2,3.21,4.52,3.88,5.0,5,1.55,1.54,1.52,0.56,0.0,0.0,0.0,0.72,1.14,1.44,1.4
<5,female,Single,1.39,1.41,5.0,1.46,2,3.21,5.0,5.0,5.0,5,1.55,1.54,1.52,0.56,0.0,0.0,0.0,0.71,1.14,1.42,1.4
<5,male,Single,1.39,1.4,1.43,1.46,2,3.21,3.96,3.88,5.0,5,1.57,1.53,1.45,0.55,0.0,0.0,0.0,0.64,0.93,1.15,1.4
<5,male,Single,1.39,1.4,1.43,1.46,2,3.21,3.23,4.53,5.0,5,1.57,1.53,1.45,0.57,0.0,0.0,0.0,0.64,0.93,1.14,1.4
5-10,male,Single,1.39,1.4,1.43,1.46,2,3.21,3.23,4.52,5.0,5,1.55,1.57,1.45,0.56,0.0,0.0,0.0,0.64,0.93,1.14,1.4
<5,female,Single,1.39,1.4,1.43,1.45,2,3.22,3.23,3.88,5.0,5,1.54,,1.45,0.56,0.0,0.0,0.0,0.64,1.45,1.14,1.4
<5,female,Married,1.39,1.4,1.43,1.45,5,3.22,3.23,3.88,3.96,5,1.54,1.53,1.45,,0.0,0.0,0.0,0.62,1.45,1.14,1.4
<5,male,Married,1.39,1.4,1.43,1.46,5,3.22,3.23,3.88,5.0,5,1.54,1.52,1.45,0.52,0.0,0.0,0.0,0.62,1.45,1.14,1.4
<5,female,Married,1.39,1.4,1.43,1.45,5,3.22,3.23,3.88,5.0,5,1.54,1.53,1.45,0.52,0.0,0.0,0.0,0.62,1.45,1.13,1.4
<5,female,Married,1.39,1.4,1.43,1.45,5,3.22,3.23,3.88,5.0,5,1.55,1.52,1.44,0.52,0.0,0.0,0.0,0.62,1.45,1.14,1.4
<5,female,Married,1.4,1.41,1.43,1.45,5,3.22,3.23,3.88,5.0,5,1.54,1.52,1.45,0.52,0.0,0.0,0.0,0.61,1.45,1.14,1.4
<5,male,Married,1.4,1.41,1.43,1.46,5,3.22,3.23,3.88,3.96,5,1.55,1.52,1.44,0.58,0.0,0.0,0.0,0.6,1.45,1.14,1.41
<5,male,Married,1.4,1.41,1.43,1.46,5,3.21,3.23,3.89,5.0,5,1.57,1.52,1.44,0.53,0.0,0.0,0.0,0.62,1.45,1.14,1.41
<5,,Married,1.4,1.41,1.44,1.46,3,3.22,3.23,3.87,5.0,5,1.57,1.51,1.44,0.58,,0.0,0.0,0.61,1.46,1.14,1.41
<5,female,Married,1.41,1.42,1.44,1.95,3,3.22,3.23,3.87,5.0,5,1.53,1.51,1.43,0.53,0.0,0.0,0.0,0.62,1.47,,1.42
<5,male,Married,1.42,1.44,1.45,1.47,5,3.22,3.23,3.86,5.0,5,1.56,1.51,1.43,0.6,0.0,0.0,0.0,0.62,1.48,1.15,1.42
<5,male,Married,1.43,1.44,1.46,1.96,3,3.22,3.24,3.85,5.0,5,1.52,1.5,1.48,0.6,0.0,0.0,0.0,0.6,1.48,1.16,1.44
<5,male,Married,1.44,1.44,1.47,1.97,2,3.22,3.23,3.85,5.0,5,1.57,1.49,1.47,0.62,0.0,0.0,0.0,0.52,1.5,1.17,1.45
<5,male,Married,1.45,1.46,1.67,1.98,5,3.22,5.0,3.85,5.0,5,1.56,1.48,1.46,0.64,0.0,0.0,0.0,0.51,1.51,1.18,1.46
<5,male,Married,1.46,1.47,1.67,1.98,2,3.21,5.0,3.84,5.0,5,1.52,1.49,1.46,0.63,0.0,0.0,0.0,0.6,1.52,1.19,1.47
<5,male,Married,1.47,1.48,1.75,2.0,2,3.21,5.0,3.84,5.0,5,1.52,1.47,1.45,0.61,0.0,0.0,0.0,0.51,0.77,1.12,1.48
<5,male,Married,1.48,1.49,1.77,2.0,2,3.21,5.0,,3.92,5,1.5,1.46,1.44,,0.0,0.0,0.0,0.58,0.53,1.13,1.49
<5,female,Married,1.48,1.49,1.53,2.0,2,3.21,3.24,3.83,5.0,5,1.49,1.45,1.44,0.65,0.0,0.0,0.0,0.52,0.73,0.58,1.5
<5,male,Married,1.49,1.5,1.52,2.01,2,3.22,3.23,3.82,5.0,5,1.48,1.44,1.44,0.64,0.0,0.0,0.0,0.52,1.68,0.58,1.52
<5,male,Married,1.5,1.5,1.53,2.02,2,3.22,3.23,3.82,5.0,5,1.48,1.43,1.43,0.65,0.5,0.0,0.0,0.52,1.58,0.58,1.52
<5,male,Married,1.51,1.51,1.53,2.02,2,3.22,3.23,3.81,3.81,5,1.47,1.43,1.43,0.53,0.5,0.0,0.0,0.52,1.59,0.57,1.52
<5,female,Married,1.52,1.52,1.54,2.62,2,3.21,3.23,3.81,3.8,5,1.46,1.42,1.42,0.53,0.5,0.0,0.0,0.52,0.71,0.58,1.54
<5,female,Married,1.53,1.53,1.55,,2,3.21,5.0,4.46,3.8,5,1.46,1.42,1.41,0.54,0.51,,0.0,0.51,0.72,1.04,1.27
<5,male,Married,1.54,1.54,1.55,5.0,2,3.22,3.22,5.0,3.79,5,5.0,1.4,1.41,0.54,0.52,0.0,,0.51,1.62,1.05,1.27
<5,female,Married,1.55,1.55,1.56,1.59,2,3.24,3.21,4.45,3.78,5,5.0,,1.41,0.54,0.57,0.0,0.0,0.51,0.73,1.03,1.27
<5,male,Single,1.56,1.56,1.57,5.0,2,3.23,3.21,4.44,3.78,5,5.0,1.41,1.41,0.55,0.57,0.52,0.0,0.51,1.64,0.58,1.29
<5,female,Single,1.57,1.56,1.58,5.0,2,3.27,3.2,4.44,3.77,5,5.0,1.41,1.38,0.55,0.6,0.51,0.0,0.51,1.65,1.07,1.29
<5,male,Married,1.58,1.57,1.59,1.62,2,3.28,3.2,4.43,3.77,5,5.0,1.4,1.38,0.7,0.52,0.51,0.0,0.51,0.72,1.06,1.3
<5,female,Married,1.59,1.58,1.59,1.63,2,3.28,3.2,4.44,3.76,5,2.06,1.39,1.38,0.7,0.53,0.51,0.5,0.51,1.68,1.63,1.31
<5,female,Single,1.6,1.59,1.6,5.0,2,3.28,3.2,4.43,3.75,5,2.05,1.38,1.37,0.7,0.53,0.51,0.5,0.52,1.69,1.08,1.32
<5,male,Married,1.35,1.6,1.62,1.64,2,3.28,3.19,4.42,3.74,5,2.04,1.37,1.35,0.7,0.53,0.52,0.51,0.52,1.7,1.06,1.33
<5,female,Single,1.36,1.62,1.63,1.65,2,3.27,3.19,5.0,3.73,5,2.02,1.35,1.34,0.7,0.54,0.52,0.51,0.52,0.69,0.9,1.34
<5,female,Single,1.38,1.63,1.64,1.67,2,3.27,3.18,5.0,3.72,5,2.01,1.34,1.33,0.7,0.55,0.53,0.52,0.52,0.65,0.91,1.36
<5,female,Married,1.39,1.65,1.66,1.68,2,3.27,3.18,5.0,3.7,5,1.99,1.33,1.32,1.35,0.55,0.53,0.52,0.53,0.65,0.92,1.37
<5,male,Married,1.41,1.67,1.68,1.7,2,3.27,3.17,5.0,3.69,5,1.98,5.0,1.3,1.33,0.56,0.54,0.53,0.54,0.67,0.93,1.39
<5,male,Married,1.42,1.68,1.69,1.71,2,3.27,3.17,5.0,3.68,5,1.95,5.0,1.28,1.32,0.56,,0.53,0.54,0.68,0.96,1.41
<5,female,Married,1.44,1.7,1.71,1.73,2,3.26,3.16,5.0,3.67,5,1.93,5.0,1.26,0.68,0.57,0.55,0.54,0.55,0.7,0.98,1.42
<5,,Married,1.46,1.72,1.73,1.75,2,3.26,3.16,5.0,3.65,5,1.92,5.0,1.25,0.69,0.57,0.56,0.55,0.56,0.71,1.0,1.44
<5,male,Married,1.48,1.73,1.74,1.76,2,3.26,3.15,5.0,3.63,5,1.9,5.0,1.23,0.69,0.58,0.56,0.55,0.56,0.74,1.79,1.46
<5,female,Married,1.49,1.75,1.76,1.78,2,3.26,3.14,5.0,3.62,5,1.88,5.0,1.21,0.85,0.59,0.57,0.56,0.57,0.77,1.8,1.48
<5,female,Married,1.51,1.77,1.78,1.8,2,3.26,3.14,5.0,3.61,5,1.85,5.0,1.19,0.85,0.6,0.57,0.57,0.58,0.71,1.83,1.5
<5,male,Married,1.53,1.79,1.8,1.82,2,3.26,3.13,4.34,3.59,5,1.84,5.0,1.17,0.85,0.6,0.58,0.58,0.58,5.0,5.0,1.52
<5,male,Married,1.55,1.81,1.82,1.84,2,3.25,3.12,4.34,3.58,5,1.82,1.63,1.16,0.82,0.61,0.59,0.58,0.59,0.73,1.56,1.54
<5,female,Married,1.57,1.83,1.84,1.86,3,3.26,3.12,4.34,3.57,5,1.8,1.61,1.1,0.82,0.62,0.6,0.59,0.6,0.76,0.95,1.56
<5,female,Married,1.59,1.85,1.86,2.84,2,3.25,3.11,4.33,3.55,5,1.78,5.0,1.08,0.81,0.63,0.6,0.6,0.6,0.76,0.97,1.58
<5,?,Married,1.61,1.87,1.88,2.85,2,3.25,3.1,4.33,3.54,5,1.75,1.57,1.06,0.85,0.63,0.61,0.6,0.61,2.85,1.63,1.56
<5,male,Married,1.63,1.88,1.89,2.86,2,3.25,3.1,4.33,3.53,5,1.74,5.0,1.04,0.92,0.64,0.62,0.61,0.62,2.88,1.65,1.62
<5,female,Married,1.65,1.9,1.92,2.88,2,3.25,3.09,5.0,3.51,5,1.72,5.0,1.02,0.91,0.65,0.62,0.62,0.63,2.88,1.96,1.55
<5,female,Married,1.67,1.92,1.94,1.96,2,3.25,3.08,5.0,3.49,5,1.7,5.0,1.0,1.1,0.66,0.64,0.63,0.63,2.9,1.98,1.56
<5,female,Married,1.69,1.94,1.95,1.98,5,3.24,3.08,5.0,3.48,5,1.68,5.0,0.98,0.9,0.66,0.64,0.63,0.64,2.91,2.0,1.58
<5,female,Married,1.71,1.96,1.97,2.0,5,3.24,3.07,3.08,3.46,5,1.65,5.0,0.96,0.71,0.67,0.64,0.64,0.65,5.0,2.02,1.61
<5,male,Married,1.74,1.98,1.99,2.02,5,3.24,3.06,3.08,3.45,5,1.63,5.0,0.95,0.71,0.68,0.65,0.65,0.65,5.0,5.0,1.63
<5,male,Married,1.76,2.0,2.01,2.04,5,3.24,3.05,5.0,3.44,5,1.61,1.43,0.93,0.71,0.68,0.65,0.65,0.66,5.0,2.06,1.64
<5,?,Married,1.78,2.02,2.03,2.06,5,3.24,3.05,3.06,3.42,5,1.59,5.0,0.91,0.72,0.69,0.66,0.66,0.67,0.84,5.0,1.67
<5,female,Single,2.05,2.04,2.05,2.08,5,3.24,3.04,3.05,5.0,5,1.57,5.0,0.89,0.73,0.7,0.67,0.67,0.68,2.97,5.0,1.78
<5,female,Single,1.83,2.05,2.07,2.1,5,3.24,3.03,4.24,3.41,5,1.55,5.0,0.87,1.05,0.7,0.67,0.68,0.68,2.99,5.0,1.8
<5,?,Single,2.08,2.07,2.09,2.12,3,3.24,3.02,5.0,3.38,5,1.54,5.0,0.85,1.04,,0.69,0.68,0.69,3.01,5.0,1.82
<5,female,Single,2.1,2.09,2.1,5.0,3,3.24,3.02,3.03,3.36,4.09,1.52,5.0,0.84,1.03,0.72,0.7,0.67,0.7,5.0,2.15,1.57
<5,female,Single,2.12,2.11,2.12,5.0,3,3.24,3.01,3.02,3.35,5,1.5,5.0,0.82,1.03,0.74,0.71,0.68,0.7,5.0,5.0,1.67
<5,male,Single,2.14,2.13,2.14,5.0,3,3.24,3.0,3.02,3.34,5,1.48,5.0,5.0,1.02,0.71,,0.68,0.71,5.0,2.19,1.69
>10,female,Married,2.15,2.14,2.15,5.0,5,3.24,3.0,3.02,3.33,4.05,1.47,5.0,4.28,1.01,0.71,0.69,0.68,0.71,5.0,1.13,1.7
>10,female,Married,1.91,2.14,2.29,5.0,5,3.03,3.0,4.17,3.34,4.05,1.47,5.0,4.28,0.88,0.75,0.69,0.68,0.7,3.05,1.12,1.63
>10,male,Married,1.9,2.14,2.25,5.0,5,3.24,3.01,4.18,3.33,4.05,1.47,5.0,4.28,0.9,0.83,0.69,0.68,0.69,5.0,1.12,1.63
>10,male,Married,1.91,2.14,2.28,5.0,3,3.03,3.0,3.4,3.33,4.05,1.47,5.0,4.28,0.88,0.72,0.69,0.68,0.7,5.0,1.11,1.63
>10,female,Married,1.91,2.14,2.28,5.0,3,3.24,3.0,4.18,3.33,4.05,1.47,5.0,4.27,1.01,0.76,0.69,0.68,0.7,5.0,1.11,1.62
>10,male,Married,2.15,2.14,2.25,5.0,3,3.24,3.0,4.18,4.19,4.05,1.47,5.0,4.27,1.01,0.75,0.69,0.68,0.7,3.05,0.77,1.63
>10,male,Married,2.15,2.14,5.0,5.0,3,3.24,3.0,4.18,3.34,4.05,1.46,5.0,4.27,,0.74,0.69,0.68,0.7,3.06,1.12,1.63
>10,male,Married,1.93,2.15,5.0,5.0,5,3.02,3.0,3.02,3.33,4.05,1.46,5.0,4.27,0.88,0.75,0.69,0.68,0.7,3.05,1.13,1.64
<5,male,Married,2.17,2.16,5.0,5.0,3,3.02,3.0,4.17,3.33,4.05,1.45,5.0,4.27,0.87,0.82,0.7,0.69,0.7,5.0,0.78,1.61
<5,female,Married,1.94,2.17,2.26,5.0,5,3.01,2.99,4.17,3.32,4.04,1.44,5.0,5.0,0.86,0.83,,0.69,0.7,0.85,1.16,1.73
<5,female,Married,1.96,2.18,2.28,5.0,3,3.0,2.99,4.16,5.0,4.03,1.42,5.0,5.0,0.85,0.83,0.71,0.7,0.7,,1.17,1.64
<5,female,Single,1.96,2.2,2.29,5.0,5,3.24,2.98,4.17,3.3,4.02,1.41,5.0,5.0,0.84,0.82,0.72,0.7,0.71,0.85,0.79,1.72
<5,male,Single,1.98,2.21,2.3,5.0,5,3.24,2.97,4.15,3.27,4.02,1.39,5.0,5.0,0.83,0.82,0.72,0.71,0.72,5.0,0.8,1.58
<5,female,Single,0.86,2.23,2.36,5.0,5,3.24,2.97,4.14,3.26,4.02,1.38,5.0,1.18,0.83,0.76,0.73,0.72,0.72,4.19,0.81,1.76
<5,female,Single,0.86,,5.0,5.0,5,3.24,2.96,3.27,3.25,4.01,1.36,5.0,5.0,0.82,0.84,0.74,0.72,0.73,,5.0,1.56
<5,male,Single,0.88,2.26,5.0,,4,3.24,2.95,4.13,3.23,4.01,1.34,5.0,1.14,0.82,0.77,0.75,0.73,0.75,4.19,5.0,1.8
<5,,Single,2.05,2.28,5.0,5.0,4,3.24,2.94,3.61,3.22,4,1.32,5.0,1.12,0.82,0.97,0.76,0.74,0.79,4.2,5.0,1.67
<5,female,Single,2.07,2.3,2.42,,4,3.24,2.94,4.12,3.2,5,1.3,5.0,1.1,0.96,0.97,,0.75,0.76,4.2,5.0,2.07
<5,male,Single,2.08,2.31,2.42,5.0,4,3.24,2.93,4.12,3.19,3.99,1.29,5.0,1.09,0.96,0.96,0.82,0.76,0.8,4.21,5.0,1.58
<5,female,Single,2.1,2.33,2.45,5.0,5,3.24,2.93,4.11,3.18,3.98,1.11,1.1,1.07,0.94,0.8,0.78,0.76,0.78,4.22,5.0,1.6
<5,female,Single,2.11,2.34,2.45,5.0,5,3.24,2.92,4.11,3.17,3.98,1.1,5.0,1.06,0.89,0.79,0.81,0.77,0.79,4.22,1.17,2.12
<5,male,Single,2.12,2.35,5.0,5.0,5,3.24,2.92,4.14,3.16,3.98,5.0,5.0,1.05,0.88,,0.82,0.77,0.78,4.22,5.0,1.52
<5,female,Single,2.12,2.35,2.36,5.0,5,3.24,2.92,3.59,3.17,3.98,5.0,5.0,1.05,0.88,0.79,0.82,0.77,0.78,0.8,5.0,1.52
<5,female,Single,2.11,2.35,2.36,5.0,5,3.24,2.93,3.58,2.95,2.07,5.0,5.0,1.06,,0.79,0.82,0.76,0.77,0.8,5.0,1.53
<5,female,Single,2.11,2.35,2.36,5.0,5,3.24,2.93,3.58,3.17,2.07,5.0,5.0,1.06,0.88,0.79,0.82,0.76,0.77,0.8,5.0,5.0
<5,female,Single,2.11,2.35,2.35,5.0,5,3.24,2.93,2.93,2.95,2.07,5.0,5.0,1.06,0.88,0.79,0.82,0.76,0.77,0.79,5.0,1.52
<5,female,Married,0.87,2.35,2.35,5.0,5,3.25,2.93,2.93,2.95,2.07,4.9,5.0,1.06,0.88,0.78,0.78,0.76,0.77,0.79,5.0,0.85
<5,female,Married,1.88,2.35,2.35,5.0,5,3.25,2.93,2.93,2.94,2.07,4.9,5.0,1.06,,0.78,0.77,0.76,0.77,0.78,5.0,5.0
5-10,male,Single,1.92,2.35,2.35,5.0,5,3.25,2.93,2.93,2.95,2.07,4.9,5.0,1.06,0.88,0.78,0.77,0.76,0.77,0.78,0.82,5.0
5-10,female,Single,1.88,2.42,2.35,5.0,5,3.25,2.93,2.93,3.17,2.06,3.99,5.0,1.06,0.88,0.78,0.77,0.76,0.77,0.78,1.77,5.0
5-10,female,Single,1.88,5.0,2.35,5.0,5,3.25,3.26,2.93,2.95,2.06,3.98,5.0,1.06,0.88,0.78,0.8,0.76,0.76,0.78,1.72,5.0
5-10,female,Married,1.84,5.0,2.35,5.0,5,3.25,3.26,2.93,2.95,2.06,3.98,1.42,5.0,0.94,0.78,,0.75,0.76,0.77,1.0,5.0
5-10,male,Married,1.81,5.0,2.35,5.0,5,3.25,3.26,2.93,2.94,2.06,3.98,1.42,5.0,0.93,0.78,0.78,0.75,0.76,0.78,5.0,5.0
5-10,,Married,1.84,5.0,2.35,5.0,5,3.25,3.26,2.93,2.94,2.06,3.98,1.42,5.0,0.93,0.78,0.78,0.76,0.76,0.78,5.0,5.0
5-10,female,Married,1.88,2.57,2.36,5.0,5,3.25,2.94,2.93,3.22,2.06,3.98,5.0,5.0,0.93,0.78,0.78,0.76,0.77,0.78,1.77,5.0
5-10,female,Single,1.89,2.58,2.36,5.0,5,3.25,2.94,2.93,3.22,2.06,3.98,1.42,1.05,0.94,0.78,0.78,0.76,0.77,0.78,1.01,5.0
5-10,male,Single,1.85,5.0,2.36,5.0,5,3.25,3.26,2.92,2.94,2.05,3.97,,5.0,0.94,0.78,0.95,0.76,0.77,0.78,1.72,5.0
5-10,female,Single,1.86,5.0,2.37,5.0,5,3.25,3.26,2.92,2.94,2.04,3.97,5.0,5.0,0.93,0.78,0.8,0.76,0.77,0.79,1.72,5.0
>10,male,Single,1.87,5.0,2.38,5.0,5,3.25,3.26,2.91,2.93,2.03,3.96,5.0,1.07,0.93,0.78,,0.77,0.78,0.79,5.0,5.0
>10,female,Single,1.85,5.0,2.39,5.0,5,3.24,3.26,2.91,2.92,2.02,3.97,1.22,5.0,0.93,0.78,0.94,0.77,0.79,0.8,5.0,5.0
>10,female,Single,1.87,5.0,2.4,5.0,5,3.24,3.25,2.9,2.91,2,5.0,1.21,5.0,0.93,0.78,0.95,,0.79,0.81,5.0,1.38
<5,female,Single,1.88,5.0,2.41,5.0,5,3.24,3.25,2.89,2.9,1.99,3.95,1.19,5.0,0.92,0.78,0.95,0.79,0.8,0.82,5.0,5.0
<5,male,Single,1.9,2.5,2.46,5.0,5,3.24,3.25,2.88,2.89,1.97,3.94,1.17,5.0,0.92,0.78,0.93,0.79,0.81,0.83,5.0,5.0
<5,female,Single,1.95,2.52,2.45,5.0,5,3.24,2.9,2.87,2.88,1.96,3.93,5.0,5.0,0.92,0.89,0.78,0.81,0.82,0.84,5.0,1.43
<5,male,Single,1.96,2.54,2.48,5.0,5,3.24,2.89,2.86,2.87,1.94,4.77,5.0,5.0,0.92,0.89,0.78,0.82,0.82,0.85,5.0,5.0
<5,female,Single,1.99,2.56,2.49,2.5,5,3.23,2.88,2.85,2.86,1.93,3.94,1.11,0.94,0.92,0.89,0.78,0.83,0.83,0.85,5.0,5.0
<5,female,Single,2.01,5.0,2.5,2.51,5,3.23,2.87,2.84,2.85,1.91,3.91,1.09,0.92,0.92,0.89,0.78,0.86,0.84,0.87,5.0,5.0
<5,male,Single,2.03,5.0,2.52,2.53,5,3.23,2.85,2.83,2.84,1.89,3.9,1.07,0.9,0.92,0.83,0.78,0.86,0.84,0.88,5.0,1.42
<5,female,Single,2.05,5.0,2.53,2.55,5,3.23,3.24,2.82,2.83,1.87,3.89,,0.88,0.91,0.82,,0.86,0.85,0.9,5.0,5.0
<5,female,Married,2.07,5.0,2.55,2.56,5,3.23,2.83,2.8,2.82,1.85,4.67,1.03,0.87,0.91,0.82,0.78,0.89,0.86,0.88,5.0,1.43
<5,female,Single,2.17,5.0,2.57,2.58,5,3.22,5.0,2.79,2.81,1.83,3.87,0.88,0.85,0.91,0.81,0.78,0.88,0.87,0.89,5.0,1.59
<5,female,Single,2.38,5.0,2.58,2.6,5,3.22,2.81,2.78,2.79,1.81,3.87,0.98,0.83,0.0,0.82,0.79,0.89,0.88,0.9,5.0,1.47
<5,male,Married,2.39,5.0,2.6,2.61,5,3.22,2.8,2.77,2.78,1.8,3.85,0.97,0.82,0.0,0.9,0.9,0.9,0.89,0.9,1.95,5.0
<5,female,Single,2.11,5.0,2.61,2.63,5,3.21,5.0,2.76,2.77,1.78,3.84,0.95,0.8,0.0,0.9,0.91,1.01,0.9,0.91,1.2,0.98
<5,?,Single,2.43,,2.63,2.64,5,3.22,2.78,2.75,2.77,1.77,3.83,0.93,0.79,0.0,0.9,0.9,0.92,0.91,0.92,4.32,0.97
<5,female,Single,1.95,5.0,2.63,2.65,5,3.22,2.76,2.75,2.77,1.76,3.83,0.8,0.78,0.0,0.9,0.87,0.81,0.91,0.92,1.22,0.98
<5,male,Single,2.03,5.0,2.64,2.65,5,3.22,2.76,2.75,2.76,1.76,3.83,0.81,0.78,0.0,0.9,0.89,0.8,0.91,0.93,5.0,5.0
<5,female,Single,1.95,2.65,2.63,2.65,5,3.22,2.76,2.75,2.77,1.76,3.83,0.93,0.78,0.8,0.9,0.87,0.8,0.91,0.92,4.33,5.0
<5,female,Single,1.95,2.66,2.63,2.64,5,3.22,2.76,2.75,2.76,1.76,3.83,0.93,0.78,0.0,0.9,0.86,0.8,0.91,0.92,4.33,5.0
<5,male,Single,1.95,2.65,2.63,2.65,5,3.22,2.76,2.75,2.76,1.77,3.83,0.94,0.78,0.79,0.91,0.87,0.79,0.91,0.93,,5.0
<5,female,Single,1.91,2.45,2.63,2.66,5,3.22,2.76,2.75,2.77,1.77,3.83,0.94,0.78,0.8,0.91,0.86,0.79,0.91,0.93,4.32,5.0
<5,male,Single,1.76,2.45,2.64,2.71,5,3.22,2.76,2.75,2.76,1.77,3.83,4.58,0.78,0.79,0.92,0.86,0.79,0.91,0.93,4.32,5.0
<5,female,Single,1.76,2.45,2.64,2.71,5,3.22,2.77,2.75,2.76,2.95,3.83,4.58,0.78,0.79,0.91,0.81,0.79,0.91,0.96,4.32,5.0
<5,female,Single,1.64,2.44,2.64,2.66,5,3.22,2.77,2.76,2.76,2.95,3.83,4.58,0.79,0.79,0.9,0.86,0.79,0.91,0.96,4.31,5.0
<5,female,Single,1.64,2.45,2.64,2.71,5,3.22,3.24,2.76,2.76,2.81,3.83,4.58,0.78,,0.9,0.81,0.79,0.91,0.92,0.99,5.0
<5,male,Single,1.64,2.45,2.64,2.65,5,3.23,2.77,2.76,2.75,2.95,3.83,4.58,0.79,0.79,0.9,0.8,0.79,0.91,0.92,0.97,1.32
<5,male,Single,1.64,2.45,2.64,2.65,5,3.23,2.77,2.76,2.75,2.93,3.83,5.0,0.79,0.79,0.9,0.8,0.79,0.91,0.92,0.97,1.31
<5,male,Single,1.64,2.45,2.64,2.66,5,3.23,2.77,2.75,2.75,2.95,0.87,4.58,0.79,0.8,0.9,0.81,0.79,0.91,0.91,0.97,1.31
<5,male,Single,1.64,2.45,2.64,2.65,5,3.23,2.77,2.76,2.76,2.99,0.86,4.58,0.79,0.82,0.93,0.89,0.79,0.91,0.91,4.31,1.32
<5,?,Single,1.63,2.44,2.64,2.64,5,3.23,2.77,2.76,2.76,2.93,0.87,3.85,0.79,0.82,0.9,0.89,0.79,0.91,0.91,0.95,5.0
<5,male,Single,1.63,2.44,2.64,2.64,5,3.23,2.77,2.76,2.76,2.78,3.84,3.85,5.0,0.79,0.0,0.89,0.79,0.91,0.91,0.93,5.0
<5,?,Single,1.53,2.44,2.64,2.64,5,3.23,3.23,2.76,2.76,2.77,3.84,4.58,5.0,0.78,0.0,0.89,0.79,0.91,0.91,0.93,5.0
<5,,Single,0.98,2.44,2.64,2.64,5,3.23,3.23,5.0,2.76,2.77,3.84,3.84,5.0,0.78,0.0,0.89,0.79,0.9,0.91,0.92,5.0
<5,male,Single,0.97,2.44,2.64,2.64,5,3.24,3.23,2.77,2.76,2.77,0.87,3.85,5.0,0.78,0.0,,0.79,0.9,0.91,0.92,5.0
<5,female,Single,0.97,,2.65,2.64,5,3.24,3.23,2.77,2.76,2.77,1.77,3.84,5.0,0.77,0.0,0.89,0.79,0.9,0.9,0.92,5.0
<5,female,Single,0.96,2.44,2.65,2.64,3,3.24,3.23,2.78,2.76,2.77,1.77,3.84,0.93,0.77,0.0,0.88,0.89,0.89,0.9,0.91,5.0
<5,female,Single,0.97,2.45,2.66,2.64,3,3.84,3.23,2.79,2.76,2.77,1.76,0.82,0.92,0.77,0.0,0.89,0.88,0.89,0.9,,0.94
<5,male,Single,0.96,2.46,2.96,2.64,3,3.84,2.79,2.78,2.76,2.79,1.76,3.85,0.92,0.77,,0.89,0.85,0.89,0.9,0.91,5.0
<5,female,Single,1.31,,2.46,2.65,3,3.26,3.24,2.78,2.76,2.78,1.76,3.84,0.93,0.77,0.0,,0.79,0.78,0.9,0.91,4.32
<5,male,Single,1.31,5.0,2.88,2.65,3,5.0,3.24,2.78,2.77,2.78,1.77,3.84,5.0,0.79,0.78,0.89,0.84,0.78,0.9,0.91,4.32
<5,male,Single,0.98,1.76,2.45,2.65,3,3.26,3.24,2.79,2.77,2.77,1.77,3.85,5.0,0.76,0.0,0.88,0.84,0.77,0.9,0.9,4.33
<5,male,Single,0.98,1.76,2.45,2.65,3,5.0,3.25,2.79,2.77,2.77,1.77,3.84,5.0,0.75,0.81,0.89,0.87,0.77,0.89,0.9,4.32
<5,female,Single,1.22,1.65,2.45,5.0,3,5.0,3.25,3.25,2.78,2.77,2.58,1.77,5.0,0.75,0.76,,0.87,0.77,0.88,0.9,0.94
>10,female,Single,1.0,0.97,2.45,2.66,3,5.0,3.25,3.25,5.0,2.77,2.79,1.77,3.85,0.75,0.76,0.0,0.87,0.77,0.88,0.89,0.91
>10,female,Single,0.93,0.96,2.45,2.9,3,5.0,3.25,3.25,5.0,2.77,2.78,1.77,3.85,0.75,0.75,0.0,0.87,0.77,0.88,0.89,0.91
<5,male,Single,0.92,5.0,2.19,2.91,3,5.0,3.26,3.25,2.78,2.77,2.78,1.77,3.85,0.74,0.75,,0.87,0.86,0.88,0.89,0.9
<5,female,Single,0.92,5.0,2.46,2.89,3,5.0,3.27,3.26,2.78,2.77,2.78,1.77,3.87,0.74,0.75,0.77,0.87,0.83,,0.89,0.92
<5,female,Single,0.92,5.0,2.46,2.46,3,5.0,2.73,3.26,2.78,2.77,2.82,1.76,3.86,0.74,0.75,0.77,0.87,0.83,0.76,0.89,0.91
<5,male,Single,0.96,5.0,2.46,2.46,3,5.0,3.27,3.26,2.78,2.77,2.94,1.76,5.0,0.74,0.75,0.77,0.87,0.83,0.76,0.89,0.91
<5,female,Single,0.92,5.0,2.04,2.47,3,5.0,2.72,3.26,2.78,2.77,2.94,,5.0,0.74,0.75,0.77,0.87,0.83,0.77,0.89,0.91
<5,female,Single,0.92,5.0,2.46,2.69,3,5.0,3.84,3.26,2.78,2.77,2.79,1.76,5.0,0.74,0.75,0.77,0.87,0.83,0.77,0.89,0.91
<5,male,Single,0.92,5.0,2.04,2.89,3,5.0,2.83,3.25,2.78,2.77,2.79,1.76,3.85,0.74,0.75,0.77,0.87,0.83,0.77,0.9,0.91
<5,female,Single,0.92,1.42,2.46,2.89,3,5.0,2.83,3.25,2.78,2.77,2.93,1.76,3.85,0.74,0.75,0.77,0.87,0.83,0.77,0.89,0.91
<5,male,Single,0.93,1.42,2.47,2.69,3,5.0,3.27,3.25,2.77,2.76,2.78,1.76,3.85,0.74,0.74,0.77,0.87,0.83,0.77,0.9,0.91
<5,?,Single,0.94,1.42,1.98,2.9,3,5.0,2.81,3.25,2.77,2.75,2.92,1.75,3.84,0.73,0.74,0.76,0.88,0.84,0.78,0.91,0.92
<5,,Single,0.94,1.44,2.48,2.92,3,5.0,2.8,3.24,2.76,2.75,2.77,1.74,3.83,0.73,0.74,0.76,0.88,0.84,0.78,0.92,0.93
<5,male,Single,0.96,,2.49,2.7,3,5.0,2.79,3.23,2.75,2.73,2.75,1.73,3.82,0.73,0.73,0.76,0.89,0.81,0.79,0.93,0.95
<5,male,Single,0.97,5.0,2.5,2.7,3,5.0,3.23,3.22,2.73,2.72,2.88,1.71,3.81,0.72,0.73,0.92,0.78,0.81,0.8,0.94,0.97
<5,female,Single,0.98,5.0,2.51,2.7,3,5.0,2.77,3.22,2.72,2.71,2.87,1.7,3.8,0.71,0.72,0.75,0.0,0.83,0.81,0.94,0.97
<5,,Single,0.99,5.0,2.03,2.53,3,5.0,2.75,3.21,2.71,2.7,2.71,1.69,5.0,0.71,0.71,0.74,0.0,0.82,0.82,0.93,0.98
>10,male,Single,0.99,5.0,2.04,2.53,3,5.0,3.22,3.2,2.7,2.68,2.7,1.67,3.78,0.7,0.71,0.95,0.0,0.83,0.84,0.93,0.99
>10,female,Single,0.99,5.0,2.54,2.54,3,5.0,3.21,3.19,2.69,2.67,2.68,1.67,3.78,0.7,0.72,0.72,0.0,0.84,0.85,0.94,0.97
>10,?,Single,0.99,1.42,2.56,2.55,3,5.0,3.2,3.19,2.69,2.67,2.68,2.81,3.77,0.7,0.71,0.72,0.0,0.84,0.87,0.94,0.97
>10,female,Single,0.98,1.42,2.56,2.55,3,5.0,3.2,3.19,2.69,2.67,2.68,2.81,2.83,0.7,0.7,0.72,0.95,0.85,0.86,0.94,0.97
>10,?,Single,0.98,1.42,2.55,2.55,3,5.0,3.2,3.19,2.69,2.67,2.68,2.08,3.77,,0.7,,0.0,0.93,0.86,0.94,0.97
>10,male,Single,0.98,1.42,2.55,2.54,3,5.0,3.2,3.19,2.69,2.67,2.68,1.67,2.83,,0.71,0.72,0.0,0.85,0.85,0.94,0.97
>10,female,Single,0.98,1.08,2.56,2.55,3,5.0,3.2,3.19,2.69,2.67,2.68,2.08,3.82,0.7,0.7,,0.0,0.84,0.87,0.94,0.97
>10,female,Single,0.99,1.43,2.56,2.55,3,5.0,3.2,,2.69,2.67,2.67,2.81,3.77,0.7,0.7,0.72,0.0,0.84,0.87,0.94,0.97
>10,male,Single,0.99,1.43,2.55,2.55,3,5.0,3.2,3.19,2.68,2.67,2.67,2.81,3.77,0.69,0.7,0.72,0.0,0.85,0.93,0.95,0.97
>10,female,Single,0.99,1.43,2.56,2.55,3,5.0,3.2,3.19,2.69,2.66,2.67,2.8,3.76,0.69,0.7,0.72,0.74,0.87,0.94,0.95,0.98
>10,,Single,0.99,1.44,5.0,2.56,3,5.0,3.19,3.18,2.67,2.66,2.66,2.8,3.76,0.69,0.7,0.71,0.96,0.87,0.94,0.95,0.98
>10,male,Single,1.0,1.44,5.0,2.57,3,5.0,3.19,3.18,2.67,2.65,2.65,2.79,3.76,0.69,0.69,0.71,0.97,0.95,0.94,0.96,0.98
>10,female,Single,1.0,5.0,5.0,2.57,3,5.0,3.18,3.17,2.66,2.64,2.64,2.8,3.75,,0.69,0.7,3.19,0.96,0.95,0.96,0.99
>10,male,Single,1.01,5.0,5.0,2.58,3,5.0,3.18,3.17,2.65,2.63,2.63,2.65,5.0,0.68,0.68,0.7,0.72,0.77,0.96,0.97,1.04
>10,male,Single,1.02,5.0,5.0,2.59,3,2.76,3.17,3.16,2.64,2.62,2.62,2.64,5.0,0.68,0.68,,0.74,0.97,0.97,0.98,1.0
>10,male,Single,1.08,1.49,5.0,2.59,3,2.77,2.17,3.15,2.63,2.61,2.62,2.4,5.0,0.68,0.68,0.69,0.73,0.0,0.98,0.98,1.01
>10,female,Single,1.03,1.28,1.83,2.6,3,5.0,2.16,3.14,3.15,2.6,2.6,2.39,5.0,0.68,0.67,0.68,0.0,0.0,0.91,0.92,1.01
>10,female,Single,1.05,1.1,5.0,2.61,3,5.0,2.15,3.13,3.13,5,2.59,2.6,5.0,0.67,0.67,0.68,0.71,0.0,1.0,0.94,1.03
>10,male,Single,1.06,1.11,1.98,2.63,3,5.0,2.13,3.12,3.12,5,2.57,2.58,5.0,0.67,0.66,0.68,0.71,0.0,1.01,0.95,1.11
>10,male,Single,1.13,1.12,1.99,2.64,3,5.0,2.12,3.11,3.11,5,2.55,2.56,5.0,0.66,,0.67,0.71,0.0,1.0,0.96,1.13
>10,female,Single,1.15,1.14,1.21,2.65,3,5.0,2.6,3.1,3.1,3.2,2.53,2.33,2.7,0.66,0.56,0.67,0.7,0.0,0.96,0.98,1.09
>10,male,Single,1.17,1.15,1.23,2.67,3,5.0,2.59,3.09,3.08,3.2,2.51,2.52,1.5,0.66,0.65,0.66,0.7,0.0,0.97,0.99,1.1
>10,female,Single,1.18,1.21,5.0,2.68,3,5.0,2.07,3.07,3.07,3.19,2.49,2.51,1.48,0.65,0.65,0.66,0.54,0.0,1.07,1.01,1.11
>10,male,Single,1.2,1.57,5.0,2.69,3,5.0,3.07,3.06,3.06,2.5,2.48,2.49,1.46,0.65,0.64,0.65,0.69,0.5,1.09,1.03,1.12
>10,female,Single,1.22,1.25,5.0,2.7,3,5.0,3.06,3.04,3.09,3.16,2.46,2.47,1.44,0.64,,0.65,0.68,0.52,0.52,,1.13
>10,female,Single,1.24,1.2,5.0,2.72,3,5.0,2.05,3.03,3.04,5,2.44,2.45,1.42,0.64,0.63,0.65,1.98,0.53,0.53,1.07,1.14
>10,female,Single,1.19,1.29,1.32,2.75,3,5.0,2.04,3.02,3.02,5,2.42,2.43,1.41,0.63,0.63,0.64,0.67,0.55,0.54,1.08,1.15
>10,?,Single,1.2,,1.34,5.0,3,5.0,2.04,3.01,3.01,5,2.4,2.41,5.0,0.63,0.62,0.63,0.7,0.56,0.56,1.1,1.17
>10,female,Single,1.21,1.33,1.36,5.0,3,5.0,3.0,2.99,3.0,5,2.38,2.39,1.37,0.62,0.62,0.63,0.67,0.58,0.57,0.59,1.18
>10,male,Single,1.23,1.26,1.37,5.0,3,5.0,2.99,2.98,2.98,5,2.36,2.37,1.35,0.62,0.62,0.62,0.65,0.59,0.58,0.6,1.2
>10,female,Single,1.25,1.28,1.39,5.0,3,5.0,2.08,2.96,2.97,5,2.34,2.35,1.33,0.61,0.61,0.62,0.65,0.61,0.6,0.61,1.22
>10,female,Single,1.36,1.39,1.41,2.81,3,5.0,2.13,2.95,2.96,5,2.32,2.33,1.31,0.61,0.61,0.62,0.65,0.62,0.62,0.63,1.24
>10,,Single,1.28,1.42,1.43,2.82,3,5.0,2.12,2.94,2.94,5,2.3,2.31,1.29,0.6,0.6,0.61,0.64,0.64,0.63,0.64,1.26
>10,male,Single,1.4,1.43,1.46,2.83,3,5.0,2.11,2.92,2.93,5,2.27,2.29,1.27,0.6,0.6,0.61,0.64,0.66,0.65,0.65,0.69
>10,male,Single,1.42,1.44,1.47,3.26,5,5.0,2.12,2.91,2.92,5,2.25,2.27,1.26,0.6,0.59,0.6,0.65,0.67,0.66,0.67,0.69
>10,male,Single,1.44,1.47,1.49,4.03,3,5.0,2.11,2.9,2.9,5,2.23,2.25,1.25,0.6,0.59,,0.64,,0.68,0.69,0.71
>10,female,Single,0.75,1.49,1.53,4.04,5,5.0,2.89,2.88,2.89,2.23,2.22,2.23,1.21,0.59,0.58,0.59,0.64,0.67,0.69,0.7,0.72
>10,female,Single,0.77,1.51,1.55,4.04,5,5.0,2.1,2.87,2.88,2.21,2.2,1.99,2.38,0.58,0.58,0.59,0.63,0.66,0.71,0.71,0.75
>10,male,Single,0.79,5.0,1.57,5.0,3,5.0,2.88,2.86,2.87,2.19,2.18,1.97,2.21,0.58,0.57,0.59,0.61,0.66,,0.73,0.76
>10,female,Single,1.43,1.56,1.59,3.32,5,5.0,2.15,2.85,2.85,2.18,2.16,2.17,2.2,0.57,0.57,0.58,0.61,0.65,0.73,0.75,0.77
5-10,?,Single,0.82,5.0,1.61,3.33,5,5.0,2.14,2.83,2.89,2.15,2.14,1.93,2.18,0.57,0.57,0.58,1.69,0.76,0.75,0.76,0.78
5-10,female,Single,0.83,5.0,5.0,3.35,5,5.0,3.39,2.82,2.83,2.13,2.12,1.92,2.16,0.57,0.56,0.57,1.72,0.77,0.76,0.77,0.8
5-10,female,Single,0.83,5.0,5.0,3.36,3,5.0,3.37,2.81,2.82,2.11,2.1,1.9,2.14,0.57,0.56,0.57,1.71,0.79,0.78,0.79,0.81
5-10,female,Single,0.85,5.0,5.0,3.37,3,5.0,3.36,2.8,2.81,2.1,2.08,2.09,1.11,0.56,0.55,0.56,0.6,0.83,0.79,0.8,0.83
5-10,male,Single,0.87,5.0,5.0,3.39,3,5.0,2.14,2.79,2.79,2.07,2.06,2.08,1.09,0.56,0.55,0.56,0.59,0.82,0.81,0.82,0.84
5-10,male,Single,0.88,5.0,3.02,4.1,5,5.0,2.79,2.77,2.79,2.05,2.04,2.06,2.08,0.55,0.55,0.55,0.58,0.62,0.82,0.83,0.85
5-10,male,Single,0.9,5.0,5.0,4.11,5,5.0,2.12,2.76,2.77,2.03,2.02,2.04,2.05,0.55,0.54,0.55,4.11,0.85,0.84,0.85,0.87
5-10,female,Single,0.91,5.0,5.0,,5,5.0,2.78,2.75,2.77,2.02,2.0,2.02,2.04,0.54,0.54,0.55,0.58,0.61,0.85,0.86,0.89
5-10,female,Single,0.93,5.0,5.0,4.13,5,5.0,2.79,2.74,2.75,2,1.98,2.0,2.02,,0.53,0.54,0.57,0.88,0.87,0.88,0.9
5-10,male,Single,0.94,5.0,5.0,4.14,5,1.89,2.74,2.72,2.74,1.98,1.96,1.98,1.99,0.53,0.53,0.54,0.57,0.89,0.88,0.9,0.92
5-10,female,Single,0.96,5.0,5.0,4.14,5,1.89,2.73,2.71,2.72,1.96,1.94,1.95,1.97,0.53,0.53,0.53,0.57,0.91,0.9,0.91,0.93
5-10,?,Single,0.97,5.0,5.0,4.15,5,1.88,2.72,2.7,2.72,1.96,1.92,1.94,3.28,0.53,0.52,0.53,0.57,0.92,,0.93,0.95
5-10,female,Single,0.99,5.0,5.0,4.17,5,1.89,2.72,2.69,5.0,1.93,1.9,1.92,5.0,0.52,0.52,0.53,,0.94,0.93,0.94,0.96
5-10,female,Single,1.01,,3.12,4.17,5,1.92,2.69,2.68,5.0,1.89,1.89,1.9,1.92,0.52,0.51,0.52,0.55,0.96,0.95,0.96,0.98
<5,female,Single,1.02,5.0,3.14,4.18,5,5.0,2.67,2.66,1.92,1.87,1.87,1.88,1.9,0.52,0.51,0.52,0.56,0.97,0.96,0.97,0.99
<5,female,Single,1.03,5.0,3.15,4.19,5,1.92,2.66,2.65,5.0,1.86,1.85,1.86,1.88,0.51,0.51,,0.55,,0.98,0.99,1.01
>10,male,Single,1.05,5.0,3.17,4.2,5,1.88,2.65,2.64,5.0,1.84,1.83,1.84,1.86,0.51,0.5,0.51,0.55,1.0,0.99,1.0,1.02
<5,female,Single,1.06,5.0,3.19,4.2,5,1.87,2.64,2.63,5.0,1.81,1.81,1.82,1.84,0.5,0.0,0.51,0.55,1.02,1.01,1.02,1.04
5-10,?,Single,1.08,1.77,3.19,4.22,5,1.87,2.63,2.62,5.0,1.8,1.79,1.8,1.82,0.0,0.0,,0.54,1.03,1.02,1.03,1.05
5-10,female,Single,1.09,5.0,3.21,4.23,5,1.87,2.62,2.61,5.0,1.79,1.77,1.79,1.8,0.0,0.0,0.0,0.54,1.04,1.03,1.04,1.07
<5,male,Single,1.1,5.0,3.22,4.23,5,1.87,2.61,2.6,5.0,1.77,1.76,1.77,1.79,0.0,0.0,0.0,0.54,1.06,1.05,1.06,1.08
<5,male,Single,1.11,5.0,3.23,3.66,5,1.87,2.6,2.59,5.0,1.76,1.74,1.75,1.77,,0.0,0.0,0.53,1.07,1.06,1.07,1.09
<5,female,Single,1.12,5.0,3.24,3.67,5,5.0,2.59,2.59,3.89,1.74,1.73,1.74,1.76,0.0,0.0,0.0,0.53,1.08,1.07,1.08,1.1
<5,male,Single,1.13,5.0,3.25,4.24,5,1.89,2.59,2.58,2.61,1.73,1.72,1.73,1.75,,0.0,0.0,0.62,1.08,1.08,1.08,1.77
<5,female,Single,1.13,5.0,3.25,4.24,5,1.87,2.59,1.77,3.89,1.73,1.72,1.73,1.75,0.0,0.0,0.0,0.62,1.08,1.08,1.08,1.77
<5,male,Single,1.13,5.0,3.27,4.24,5,1.87,2.6,1.78,2.61,1.73,1.72,1.73,1.75,0.0,,0.0,0.62,0.55,1.07,1.08,1.76
<5,male,Single,1.13,5.0,3.26,4.24,5,1.87,2.6,1.78,3.89,1.73,1.72,1.73,1.75,,0.0,0.0,0.62,0.55,1.07,1.08,1.1
<5,?,Single,1.12,5.0,3.26,4.24,5,1.87,2.6,1.78,3.9,1.73,1.73,1.73,1.75,0.0,0.0,0.0,0.62,0.55,1.07,1.08,1.75
<5,male,Single,1.12,5.0,5.0,4.24,5,1.87,2.6,1.78,2.65,1.73,1.72,1.75,1.75,0.0,0.0,0.0,0.62,0.54,1.07,1.08,1.75
<5,male,Single,1.12,5.0,5.0,4.24,5,1.87,2.6,1.78,2.6,1.73,1.72,1.75,1.75,0.0,0.0,0.0,0.62,0.54,1.07,1.09,1.11
<5,male,Single,1.12,5.0,5.0,4.24,5,1.87,2.6,1.77,5.0,1.73,1.72,1.74,1.75,0.0,0.0,0.0,0.51,1.08,1.07,1.08,1.75
<5,female,Single,1.12,5.0,5.0,4.24,5,1.89,2.6,1.78,2.6,1.73,1.72,1.74,1.75,0.0,0.0,0.0,0.51,1.08,1.07,1.11,1.6
<5,female,Single,1.12,5.0,5.0,4.25,5,1.87,2.6,1.78,2.6,1.73,1.72,1.74,1.86,,0.0,0.0,0.5,1.09,1.07,1.11,1.75
<5,female,Single,1.79,5.0,5.0,4.25,5,1.87,3.18,1.78,1.79,1.73,1.73,1.73,1.85,0.0,,0.0,0.5,0.53,1.07,1.08,1.75
<5,male,Single,1.79,5.0,5.0,4.25,5,1.9,2.6,1.78,2.6,1.74,1.73,1.73,1.85,0.0,0.0,0.0,0.5,0.53,1.07,1.07,1.75
5-10,female,Single,1.81,5.0,5.0,4.25,4,1.9,2.6,1.79,2.59,1.74,1.73,1.73,1.51,0.0,0.0,0.0,4.25,0.52,0.58,1.07,1.75
5-10,male,Single,1.78,5.0,5.0,3.26,4,5.0,1.98,1.79,2.6,5,1.73,1.73,1.51,0.0,0.0,0.0,0.52,0.51,0.57,1.07,1.09
5-10,male,Single,1.78,1.15,1.83,3.25,5,5.0,2.02,2.6,2.6,1.75,1.73,1.73,1.51,0.0,0.0,0.0,0.52,,1.56,1.07,1.08
5-10,male,Single,1.11,1.14,1.83,3.26,4,5.0,2.03,2.6,2.59,1.76,1.73,1.73,1.74,0.0,0.0,0.0,0.0,0.51,1.08,1.07,1.08
5-10,?,Single,1.11,1.15,1.83,3.25,4,5.0,2.03,2.6,2.59,1.76,1.73,1.73,1.74,0.0,0.0,0.0,0.0,0.5,1.08,1.07,1.08
5-10,male,Single,1.11,1.14,1.83,3.25,4,5.0,2.61,2.6,2.59,1.75,1.73,1.72,1.74,0.0,0.0,0.0,0.0,0.51,1.08,1.07,1.08
5-10,female,Single,1.11,5.99,1.83,3.25,4,5.0,1.99,2.59,2.59,1.75,1.73,1.72,1.74,0.0,0.0,0.0,0.0,0.51,1.08,1.07,1.08
5-10,,Single,1.11,1.14,1.83,3.26,4,5.0,2.06,2.59,2.59,1.75,1.73,1.72,1.74,0.0,0.0,0.0,0.0,0.51,1.56,1.07,1.08
5-10,female,Single,1.11,1.15,1.83,3.26,4,5.0,2.06,2.6,2.59,1.76,1.73,1.72,1.74,0.0,0.0,,0.0,0.51,1.56,1.07,1.08
5-10,male,Single,1.11,1.14,1.83,3.26,4,5.0,2.06,2.59,2.59,1.76,1.73,1.72,1.74,0.0,0.0,0.0,0.0,0.51,1.08,1.07,1.09
5-10,male,Single,1.76,1.14,1.83,3.26,4,5.0,2.03,2.6,2.59,1.76,1.73,1.72,1.74,0.0,0.0,0.0,0.0,0.51,1.56,1.07,1.09
5-10,?,Single,1.11,1.14,1.83,3.26,4,5.0,2.62,2.6,2.59,1.77,1.72,1.72,1.74,0.0,0.0,0.0,0.0,0.51,1.08,1.07,1.08
5-10,male,Single,1.11,1.14,1.83,3.26,4,5.0,3.2,2.62,2.59,1.76,1.72,1.72,1.74,0.0,0.0,0.0,0.0,0.51,1.08,1.07,1.08
5-10,female,Single,1.11,1.14,1.83,3.26,4,5.0,2.61,2.59,2.59,1.76,1.73,1.72,1.74,0.0,0.0,0.0,0.0,0.51,1.08,1.07,1.08
,female,Single,1.11,1.15,1.83,3.26,4,5.0,2.61,2.6,2.59,1.75,1.73,1.72,1.74,0.0,0.0,0.0,0.0,0.51,1.08,1.07,1.08
5-10,female,Single,1.11,1.15,1.83,3.26,4,5.0,2.61,2.6,2.59,1.76,1.73,1.72,1.74,0.0,0.0,0.0,0.0,0.51,1.08,1.07,1.08
5-10,female,Single,1.77,1.15,1.83,3.26,4,5.0,2.61,2.6,2.59,1.75,1.73,1.72,1.74,0.0,,0.0,0.0,0.51,1.08,1.07,1.08
5-10,male,Single,1.11,1.15,1.83,5.0,4,5.0,2.6,2.6,2.59,1.76,1.73,1.72,1.74,0.0,0.0,0.0,0.0,0.5,1.08,1.07,1.08
5-10,male,Single,1.11,1.15,1.84,3.26,4,5.0,2.61,2.59,2.59,1.75,1.73,1.72,1.74,0.0,0.0,0.0,0.0,0.5,1.09,1.07,1.08
<5,,Single,1.11,1.15,1.84,5.0,5,5.0,2.6,2.59,2.59,1.75,1.72,1.72,1.73,0.51,0.0,0.0,0.0,0.5,,1.07,1.09
5-10,female,Single,1.12,1.15,5.0,3.27,5,5.0,1.99,1.79,2.58,5,1.72,1.71,1.72,0.51,0.0,0.0,0.0,0.5,1.09,1.08,1.09
5-10,male,Single,1.12,1.16,5.0,3.27,5,5.0,2.01,1.78,2.58,5,1.71,1.7,1.72,0.51,0.0,0.0,0.0,0.5,1.1,1.08,1.1
5-10,male,Single,1.12,1.83,5.0,3.28,4,5.0,1.96,1.77,2.57,5,1.7,1.7,1.71,0.53,0.0,0.0,0.0,0.5,5.0,1.09,1.1
<5,?,Single,1.13,1.84,5.0,3.28,4,5.0,1.96,1.77,2.57,2.59,1.69,1.69,1.7,1.79,0.0,0.0,0.0,0.0,2.05,1.1,1.11
5-10,female,Single,1.13,1.84,5.0,3.29,4,5.0,1.96,1.77,2.56,2.58,1.69,1.68,1.69,1.78,0.0,0.0,0.0,0.63,1.12,1.1,1.11
,female,Single,1.14,5.0,5.0,3.29,4,5.0,1.89,1.76,2.56,1.7,1.68,1.67,1.68,1.84,0.0,0.0,0.0,0.63,1.12,1.11,1.12
5-10,female,Single,1.15,5.0,5.0,3.3,4,5.0,1.88,2.55,2.55,1.69,1.67,1.66,1.67,1.84,0.0,0.0,0.0,0.64,1.13,1.12,1.13
5-10,male,Single,1.15,2.05,5.0,3.31,4,5.0,1.88,2.56,2.55,1.68,1.66,1.66,1.67,0.0,0.0,0.0,0.0,0.65,1.14,1.12,1.14
,female,Single,1.16,2.05,5.0,5.0,4,5.0,1.91,2.55,2.54,1.68,1.65,1.65,1.66,0.0,0.0,0.0,0.0,0.66,1.14,1.13,1.17
5-10,male,Single,1.83,2.06,5.0,5.0,4,5.0,1.87,2.54,2.53,1.67,1.65,1.64,1.65,0.0,0.0,0.0,0.0,0.67,1.16,1.14,1.17
<5,?,Single,1.84,2.06,5.0,5.0,4,5.0,1.87,2.54,1.72,1.66,1.64,1.63,1.75,3.11,0.0,0.0,0.0,1.65,1.17,1.15,1.65
<5,female,Single,1.85,2.07,5.0,5.0,4,5.0,1.87,2.53,1.71,1.65,1.63,1.62,1.63,3.1,0.0,0.0,0.0,1.66,1.91,1.15,1.17
<5,female,Single,1.66,2.07,5.0,5.0,4,5.0,1.86,2.53,1.7,1.64,1.62,1.61,1.62,3.1,0.0,0.0,0.0,0.5,0.69,1.16,1.88
5-10,female,Single,1.28,2.08,5.0,5.0,5,5.0,1.86,2.53,1.69,1.64,1.61,1.6,1.61,1.79,0.0,0.0,0.0,0.0,0.69,1.17,1.18
5-10,female,Single,1.22,2.09,5.0,5.0,4,5.0,1.86,2.52,1.69,1.63,1.6,1.59,1.6,1.67,0.0,,0.0,0.0,0.52,1.19,1.19
<5,female,Single,1.21,2.1,5.0,5.0,4,5.0,1.85,2.52,1.68,1.62,1.59,1.58,1.59,1.66,0.0,,0.0,,0.52,1.2,1.2
<5,female,Single,1.22,2.11,5.0,5.0,4,5.0,1.85,2.51,1.67,1.64,1.58,1.57,1.58,0.66,,0.0,0.0,0.0,0.52,1.21,1.21
<5,male,Single,1.23,2.12,5.0,5.0,4,5.0,1.85,2.5,2.48,1.6,1.57,1.56,1.57,0.52,0.0,0.0,0.0,0.0,0.52,1.22,1.22
<5,male,Single,1.24,2.14,5.0,5.0,4,5.0,1.85,2.49,2.47,2.49,1.56,1.55,1.55,0.65,0.0,0.0,0.0,0.0,0.52,0.57,1.22
<5,female,Single,1.25,2.14,5.0,5.0,4,5.0,1.84,1.87,2.47,1.59,1.55,1.54,1.55,0.52,0.0,0.0,0.0,0.0,0.52,1.23,1.23
<5,male,Single,1.26,2.15,5.0,5.0,4,5.0,1.84,1.86,2.46,1.58,1.55,1.54,1.54,0.52,0.0,0.0,0.0,0.0,0.52,1.24,1.24
<5,female,Single,1.27,2.16,5.0,5.0,4,5.0,1.83,1.86,2.45,2.47,1.54,1.53,1.53,0.52,0.0,0.0,0.0,0.0,0.52,1.26,1.25
5-10,female,Single,1.27,2.16,5.0,5.0,5,5.0,1.83,2.47,2.44,2.46,1.54,1.52,1.52,0.52,0.0,0.0,0.0,0.0,0.52,1.26,1.26
5-10,male,Single,1.28,1.31,5.0,5.0,5,5.0,1.83,2.47,2.44,2.45,1.52,1.51,1.51,0.52,0.0,0.0,0.0,0.0,0.52,1.28,1.27
5-10,male,Single,1.29,1.31,5.0,5.0,5,5.0,1.83,1.84,2.43,2.44,1.51,,1.49,0.52,0.0,0.0,0.0,0.0,5.0,1.29,1.28
5-10,male,Single,1.3,1.32,5.0,5.0,5,5.0,1.82,1.85,2.42,2.43,1.5,1.49,1.48,0.53,0.0,0.0,0.0,0.0,4.37,1.31,1.29
<5,female,Single,1.31,1.33,5.0,5.0,5,5.0,1.82,1.83,2.41,2.42,1.49,1.48,1.47,0.53,0.0,0.0,0.0,0.0,4.37,2.25,1.3
<5,female,Single,1.31,1.34,5.0,5.0,5,5.0,1.82,1.83,2.4,1.87,1.49,1.48,1.46,0.53,0.51,0.0,0.0,0.0,4.38,2.29,1.31
,male,Single,1.32,1.35,5.0,5.0,5,1.84,1.81,1.82,2.4,1.87,1.5,1.46,1.45,0.53,0.61,0.52,0.0,0.0,2.34,1.64,1.31
<5,male,Single,1.33,1.36,5.0,5.0,5,1.83,1.81,1.82,1.84,1.86,1.48,1.46,1.44,0.54,0.53,0.0,0.0,0.0,2.35,2.3,1.33
<5,female,Single,1.34,1.36,5.0,5.0,3,5.0,1.8,1.82,2.38,1.86,1.46,1.45,1.43,0.54,0.51,0.0,0.0,0.5,2.35,0.82,1.34
<5,female,Single,1.35,1.37,5.0,3.49,3,1.83,1.8,1.81,2.37,1.86,1.66,1.44,1.42,0.55,0.52,0.5,,0.5,4.4,0.83,1.35
<5,female,Single,1.36,1.38,1.41,3.5,3,1.83,1.8,1.81,2.37,1.85,1.45,1.43,1.42,0.55,0.52,0.5,0.0,0.5,4.4,0.83,1.36
<5,male,Single,1.37,1.39,1.42,3.51,3,1.82,1.8,1.81,2.36,1.85,1.44,1.42,1.41,1.46,0.52,0.5,0.0,0.51,4.4,0.84,1.37
<5,?,Single,1.38,1.4,1.43,,3,1.82,1.79,1.8,2.35,1.85,1.42,1.41,1.4,1.45,0.53,0.51,0.0,0.51,4.41,0.85,1.37
<5,female,Single,1.4,1.41,1.43,,3,1.81,1.79,1.8,2.34,2.34,1.41,1.4,1.39,1.44,0.53,0.51,0.5,0.51,4.42,0.86,1.38
<5,,Single,1.42,1.42,1.44,5.0,3,1.8,1.79,1.8,2.34,2.33,1.41,1.39,1.38,0.58,0.53,0.51,0.51,0.51,4.42,0.86,1.39
<5,female,Single,1.44,1.43,1.45,5.0,3,1.8,1.78,1.79,2.33,2.32,1.39,1.38,1.37,1.42,0.54,0.52,0.51,0.52,4.43,0.57,1.41
<5,male,Single,1.45,1.45,1.46,5.0,3,1.8,1.78,1.79,2.31,2.31,1.38,1.37,1.35,1.41,0.54,0.52,0.51,0.52,4.43,0.58,1.42
<5,male,Single,1.47,1.47,1.48,5.0,3,1.79,1.77,1.78,2.3,2.3,1.37,1.35,1.34,1.4,0.55,0.52,0.52,0.52,4.44,0.58,1.44
<5,male,Single,1.46,2.16,1.5,5.0,3,1.78,1.76,1.78,2.29,2.28,1.36,1.33,1.33,1.38,0.56,0.53,0.52,0.53,4.46,0.58,1.45
<5,,Single,1.48,2.17,1.51,5.0,4,1.78,1.76,1.78,1.81,2.27,1.34,1.32,1.31,1.5,0.56,0.54,0.53,0.54,4.46,0.93,1.47
<5,female,Married,0.66,,1.53,5.0,4,1.77,1.75,1.81,1.78,2.26,1.34,1.3,1.3,1.35,0.57,0.54,0.53,0.54,4.48,0.6,1.49
<5,female,Married,0.66,1.56,1.55,5.0,4,1.76,1.74,1.78,1.78,2.24,2.26,1.29,1.28,1.33,0.57,0.55,0.54,0.55,4.49,,1.51
<5,?,Married,0.67,1.56,1.56,5.0,4,1.75,1.74,1.77,1.8,2.22,2.24,1.27,1.26,1.47,0.59,0.56,0.55,0.56,4.5,4.48,1.53
<5,female,Married,1.55,1.58,1.58,5.0,4,1.75,1.73,1.77,1.78,2.21,2.23,,1.25,1.47,0.59,0.57,0.56,0.56,5.0,0.63,1.56
<5,,Married,1.56,1.6,1.6,1.64,4,1.76,1.72,1.76,2.2,2.19,2.21,1.24,1.23,1.28,0.6,0.57,0.57,0.57,5.0,0.63,1.56
<5,male,Single,1.58,1.62,1.64,5.0,4,1.73,1.71,1.74,2.17,2.17,1.25,1.23,1.21,1.27,0.61,,0.57,,5.0,4.51,1.58
<5,male,Married,0.7,1.64,2.54,5.0,5,1.72,1.7,1.73,1.76,2.16,1.23,5.0,1.19,1.41,0.61,0.59,0.58,0.59,5.0,0.64,1.6
<5,,Single,1.62,1.66,5.0,1.69,4,1.71,1.7,1.73,1.75,2.14,1.21,5.0,1.17,1.41,0.62,0.6,0.59,0.59,5.0,4.54,1.62
<5,female,Married,0.71,1.68,2.39,1.71,5,1.7,1.69,1.7,1.83,2.12,1.19,5.0,1.16,1.21,0.63,0.6,0.6,0.6,5.0,4.54,1.64
<5,female,Married,0.72,1.7,1.71,1.73,2,1.69,1.68,1.71,1.71,2.11,1.17,1.16,1.14,1.19,0.63,0.61,0.6,0.61,5.0,4.55,1.66
5-10,female,Married,0.73,1.72,1.72,1.75,5,1.69,1.67,1.68,2.09,2.09,1.15,1.13,1.12,1.08,1.42,0.62,0.61,,5.0,4.56,1.68
<5,female,Married,0.74,1.74,1.75,1.77,5,1.68,1.66,1.68,2.07,2.07,1.13,1.12,1.1,1.07,0.67,0.63,0.62,0.63,5.0,0.68,1.7
>10,female,Married,0.75,1.76,2.62,1.78,5,1.67,1.65,1.7,2.05,2.05,1.11,1.09,1.08,1.06,1.36,0.64,0.63,0.63,5.0,4.59,1.72
5-10,male,Married,0.75,,1.78,1.81,5,1.66,1.64,1.68,1.69,2.04,1.1,,1.07,1.05,1.35,0.65,0.64,0.64,5.0,0.7,1.74
<5,male,Married,0.76,2.48,2.68,5.0,5,1.65,1.63,1.64,2.02,2.02,1.08,1.06,1.04,1.32,0.68,0.66,,0.65,5.0,0.71,0.74
<5,,Married,0.77,1.83,5.0,5.0,5,1.64,1.62,1.64,1.68,1.68,1.06,1.04,1.02,1.08,0.69,0.67,0.65,0.7,5.0,0.71,0.75
<5,?,Married,0.78,2.52,2.71,1.88,5,1.63,1.61,1.62,1.65,1.68,1.04,1.02,1.01,1.05,0.7,0.67,0.66,0.67,5.0,0.72,1.8
<5,female,Married,1.83,2.52,5.0,1.9,5,1.62,1.6,1.61,1.63,1.97,1.02,1.0,0.99,1.04,0.7,0.68,0.67,0.68,5.0,0.72,1.83
<5,female,Married,1.85,2.56,2.74,5.0,2,1.61,1.6,1.6,1.62,1.95,1.0,0.98,0.97,,0.71,0.69,0.68,0.69,5.0,4.66,0.78
<5,female,Married,0.8,2.58,5.0,5.0,5,1.6,1.59,1.64,1.93,1.93,0.98,0.96,0.95,1.26,0.72,0.7,0.69,0.7,5.0,4.67,1.87
<5,female,Married,1.89,2.61,5.0,5.0,5,1.6,1.58,1.58,1.91,1.62,0.97,0.95,0.93,1.25,0.73,0.71,0.7,0.7,5.0,4.68,1.36
<5,female,Married,1.92,2.63,5.0,5.0,2,1.59,1.57,1.57,1.59,1.9,0.95,0.93,0.92,1.22,0.74,0.72,0.71,0.71,5.0,5.0,1.91
<5,?,Married,1.94,2.65,5.0,5.0,2,1.58,1.56,1.61,1.58,1.88,0.93,0.91,0.9,1.21,0.74,0.73,0.71,0.72,5.0,5.0,1.93
<5,female,Married,1.96,2.79,5.0,5.0,2,1.56,1.55,1.58,1.58,1.87,0.91,0.89,0.88,1.2,0.75,0.73,0.72,0.73,5.0,5.0,1.41
<5,male,Married,1.98,2.8,5.0,5.0,2,1.56,1.54,1.55,1.84,1.85,0.89,0.87,0.86,1.19,0.76,,0.73,,5.0,,1.42
<5,male,Married,1.99,2.82,5.0,2.06,2,1.55,1.53,1.56,1.83,1.84,0.87,0.85,0.84,1.18,0.77,0.75,0.74,0.74,5.0,0.81,1.44
<5,female,Married,2.02,2.84,5.0,5.0,2,1.54,1.51,1.56,1.81,1.57,0.86,0.84,0.83,0.89,0.78,0.76,0.75,0.75,5.0,0.8,2.01
<5,female,Married,0.87,2.86,5.0,5.0,2,1.53,1.5,1.54,1.56,1.56,0.84,0.82,0.81,0.87,0.78,0.76,0.75,0.76,5.0,0.81,0.86
<5,male,Married,0.88,2.76,5.0,5.0,2,1.52,1.49,1.52,1.55,1.56,0.83,0.81,0.79,0.86,0.79,0.77,0.76,0.77,5.0,0.82,1.5
<5,female,Married,2.05,2.78,5.0,5.0,5,1.53,1.5,1.53,1.58,1.78,0.82,0.8,0.79,0.84,0.8,0.77,0.76,0.77,5.0,5.0,1.49
<5,male,Married,2.05,2.72,5.0,5.0,5,1.54,1.5,1.51,1.52,1.56,0.82,0.8,0.78,0.84,0.8,0.77,0.76,0.77,5.0,5.0,0.85
<5,female,Married,2.05,2.73,2.89,5.0,5,1.54,1.5,1.51,1.52,1.78,0.83,0.8,0.79,0.85,0.81,0.78,0.76,0.79,0.79,5.0,0.84
<5,?,Married,0.88,2.75,2.89,5.0,2,1.54,1.51,1.51,1.52,1.56,0.83,0.81,0.79,0.84,0.8,0.77,0.76,0.78,0.79,5.0,0.85
<5,male,Single,,,2.89,5.0,5,1.55,1.51,1.51,1.52,1.79,0.83,0.81,0.79,0.84,0.8,,0.76,0.78,0.79,5.0,0.85
<5,female,Single,2.08,2.75,2.89,5.0,5,1.56,1.51,1.5,1.52,1.79,0.83,0.8,0.79,0.83,0.81,0.78,0.76,0.77,0.8,0.85,0.84
<5,,Single,2.04,2.73,2.89,5.0,5,1.56,1.51,1.5,1.52,1.79,0.83,0.81,0.79,0.82,0.81,0.77,0.76,0.77,0.8,0.85,0.84
<5,female,Single,0.86,2.75,2.88,5.0,5,5.0,1.5,1.5,1.51,1.79,0.83,0.81,0.79,0.83,0.82,0.78,0.76,0.76,0.78,5.0,0.84
<5,female,Single,0.86,2.73,2.88,5.0,5,5.0,1.51,1.5,1.52,1.78,0.83,0.81,0.79,0.85,0.82,0.78,0.76,0.76,0.78,5.0,0.84
<5,male,Single,,2.75,2.88,5.0,5,1.54,1.51,1.5,1.52,1.78,1.8,0.84,0.79,0.82,0.86,0.78,0.76,0.76,0.77,0.84,0.84
<5,female,Single,2.04,2.75,2.89,5.0,5,5.0,1.51,1.5,1.51,1.78,1.79,0.84,0.79,0.84,0.86,1.35,0.76,0.76,0.77,0.84,0.83
<5,male,Single,2.04,2.75,2.88,5.0,5,5.0,1.53,1.5,1.51,1.78,1.8,0.84,0.82,0.83,0.85,1.2,0.76,0.75,0.77,0.79,0.82
<5,male,Single,2.04,2.72,2.88,5.0,5,1.56,1.53,1.5,1.51,1.56,1.8,1.65,1.63,0.82,0.86,1.2,0.77,0.75,0.77,0.79,0.82
<5,male,Single,2.04,2.73,2.88,5.0,5,5.0,1.53,1.5,1.51,1.55,1.57,1.59,0.83,,1.18,1.2,0.76,0.75,0.76,0.79,0.82
<5,female,Single,2.04,2.75,2.88,5.0,5,5.0,1.53,1.51,1.51,1.54,1.8,5.0,0.89,0.82,0.86,1.2,0.76,0.75,0.76,0.79,0.81
<5,male,Single,2.04,2.75,2.88,5.0,5,1.55,1.53,1.5,1.51,1.54,1.56,5.0,0.82,0.81,0.85,0.78,0.76,0.75,0.76,0.79,0.81
<5,male,Single,1.5,2.75,2.88,5.0,5,1.55,1.52,1.5,1.51,1.54,1.56,5.0,0.79,0.81,0.85,0.78,0.76,0.75,0.76,0.79,0.81
<5,female,Married,1.49,2.75,2.88,5.0,5,1.55,1.52,1.51,1.52,1.54,1.56,,0.79,0.81,1.14,0.78,0.76,0.75,0.76,0.78,0.81
<5,female,Married,2.04,2.75,2.88,5.0,5,1.55,1.52,1.51,1.53,1.54,1.56,0.81,0.79,0.81,0.84,0.78,0.75,0.75,0.76,0.78,0.81
<5,female,Married,0.83,2.76,2.89,,5,1.56,1.52,1.51,1.52,1.55,1.8,0.82,0.79,0.81,0.82,0.78,0.75,,0.75,0.78,0.8
<5,female,Married,0.85,2.06,2.89,5.0,5,1.56,1.54,1.51,1.51,1.55,1.55,5.0,0.79,0.8,0.82,0.78,0.75,0.75,0.75,0.78,0.8
<5,male,Married,1.48,2.77,2.79,2.91,5,1.56,1.54,1.51,1.51,1.55,1.56,5.0,0.79,0.8,1.13,0.78,0.76,0.75,0.75,5.0,5.0
<5,female,Single,0.82,2.92,2.76,2.9,5,5.0,1.54,1.52,1.51,1.56,1.79,5.0,0.79,0.79,,0.78,0.76,0.75,,0.77,5.0
<5,male,Single,0.81,2.05,2.73,2.9,5,1.57,1.55,1.52,1.51,1.54,0.87,1.81,0.79,0.8,0.81,0.79,0.76,0.74,0.75,0.77,5.0
<5,female,Married,0.81,2.05,2.73,2.89,5,1.57,1.56,1.52,1.51,1.53,1.79,1.81,0.8,0.79,0.81,1.17,0.76,0.74,0.74,0.76,0.8
<5,male,Married,0.8,2.05,2.74,2.89,5,1.58,1.86,1.52,1.52,1.53,1.79,1.59,5.0,0.79,0.8,1.18,0.79,0.74,0.74,0.75,0.79
<5,female,Single,0.8,2.05,2.75,2.89,5,5.0,1.56,1.54,1.52,1.53,1.55,1.59,5.0,0.78,0.8,1.17,1.18,0.75,0.74,0.75,0.78
<5,female,Single,0.8,2.05,2.76,2.9,5,1.59,1.56,1.55,1.52,1.53,1.55,1.81,5.0,0.78,0.8,1.16,0.76,0.75,0.74,0.75,0.77
<5,female,Single,0.79,1.5,2.76,2.9,5,1.59,1.56,1.54,1.52,1.53,1.55,0.83,1.82,0.78,0.8,1.13,1.2,0.74,0.74,0.74,0.77
<5,female,Single,0.79,0.83,2.76,2.9,5,1.61,1.56,1.54,1.52,1.54,1.55,1.58,5.0,0.77,0.79,1.12,0.94,0.74,0.73,0.74,0.77
<5,female,Single,0.78,0.83,2.06,2.9,5,5.0,1.57,1.56,1.52,1.55,1.55,1.8,5.0,0.77,0.79,1.12,0.77,0.74,0.73,0.74,0.76
<5,female,Single,0.78,1.49,2.05,2.74,5,5.0,1.59,1.56,1.53,1.53,1.55,1.58,5.0,0.77,0.79,1.12,1.19,0.74,0.73,0.74,0.76
<5,female,Single,0.77,,2.05,2.74,3,5.0,5.0,1.56,1.53,1.53,1.55,1.58,1.83,0.77,0.81,1.15,0.85,0.74,,0.74,5.0
<5,female,Single,0.77,0.85,2.05,2.75,3,5.0,5.0,1.58,1.53,1.53,1.55,1.58,1.81,0.76,0.78,1.15,1.16,0.74,0.73,0.73,0.77
<5,male,Single,0.8,0.81,2.05,2.76,3,5.0,5.0,1.61,1.54,1.53,1.54,1.58,1.81,0.76,0.77,0.81,1.17,0.75,0.73,0.73,0.75
<5,male,Single,0.77,0.79,2.05,2.77,3,5.0,5.0,5.0,1.55,1.53,1.54,1.57,1.6,0.76,0.77,0.79,1.15,0.75,0.74,0.73,0.74
5-10,female,Single,0.76,0.79,2.06,2.77,3,5.0,1.59,5.0,1.54,1.53,1.54,1.56,1.59,0.75,0.76,0.79,1.14,0.74,0.74,0.72,0.74
5-10,female,Single,0.75,0.78,2.06,2.77,3,5.0,1.59,5.0,1.54,1.53,1.54,1.57,1.8,0.75,0.76,0.78,0.78,0.75,0.73,0.72,0.73
<5,female,Single,0.75,0.78,1.5,2.77,3,5.0,1.6,5.0,1.54,1.53,1.54,1.79,1.81,0.75,0.76,0.78,1.1,0.75,0.73,0.72,0.73
5-10,female,Single,0.75,0.78,1.5,2.07,3,5.0,1.6,1.59,1.55,1.53,1.54,1.79,1.85,0.75,0.75,,1.1,0.75,0.73,0.72,0.73
5-10,female,Single,0.75,0.78,1.5,2.07,3,5.0,1.6,5.0,1.55,1.53,1.54,,1.82,0.75,0.75,0.77,0.8,0.75,0.73,0.72,0.73
5-10,female,Single,0.75,0.78,0.82,2.07,3,5.0,1.6,1.59,1.54,1.53,1.54,1.79,1.82,0.75,0.75,0.77,1.1,0.75,0.74,0.72,0.73
5-10,?,Single,0.75,0.78,1.5,2.07,3,5.0,1.6,1.58,1.54,1.53,1.54,1.79,1.85,0.75,0.75,0.77,1.1,0.75,0.74,0.73,0.73
5-10,female,Single,0.75,0.78,1.5,2.07,3,5.0,1.6,1.58,1.54,1.53,1.54,1.79,1.82,0.75,0.75,0.77,0.81,0.75,0.74,0.73,0.74
5-10,male,Single,0.75,0.78,0.82,2.07,3,5.0,1.6,5.0,1.54,1.53,1.54,1.79,1.82,0.74,0.75,0.77,1.1,0.75,0.74,0.73,0.74
5-10,female,Married,0.76,0.78,0.83,2.07,3,5.0,1.59,5.0,1.54,1.53,1.54,1.79,1.86,0.74,0.75,0.77,1.1,0.76,0.74,0.73,0.74
5-10,?,Married,0.75,0.78,1.5,2.07,3,5.0,1.59,1.58,1.54,1.53,1.53,1.78,1.82,,0.75,0.77,1.1,0.76,0.74,0.73,0.74
5-10,female,Single,0.76,0.79,0.83,2.07,3,5.0,1.59,1.58,1.54,1.52,1.53,1.78,1.81,0.74,0.75,0.77,0.8,0.76,0.74,0.73,0.74
5-10,male,Single,0.77,0.8,0.84,2.08,3,5.0,1.58,5.0,1.53,1.51,1.52,1.57,1.81,0.74,0.75,1.2,1.11,0.77,0.75,0.74,0.75
5-10,female,Single,0.78,0.8,0.84,2.09,3,5.0,1.58,5.0,1.52,1.5,1.51,1.76,1.77,0.74,0.74,1.52,0.79,0.78,0.76,0.75,0.76
5-10,female,Single,0.79,0.82,1.53,,3,5.0,1.57,5.0,1.5,1.49,1.51,1.75,1.79,0.73,0.74,,0.79,0.79,0.77,0.76,0.77
5-10,male,Single,0.8,0.83,1.54,2.11,3,5.0,1.56,5.0,1.49,1.48,1.49,1.74,1.77,0.73,0.73,0.76,0.78,0.8,0.78,0.77,0.78
5-10,male,Single,0.82,0.84,1.56,2.82,3,5.0,1.55,5.0,1.48,1.47,1.52,1.72,1.76,0.72,0.73,0.76,0.77,0.82,0.8,0.79,0.8
5-10,female,Single,0.83,0.85,0.9,2.83,3,5.0,1.56,5.0,1.46,1.45,1.5,1.7,1.71,0.71,0.72,0.75,0.77,0.83,0.82,0.8,0.81
5-10,female,Single,0.85,0.87,0.92,2.84,3,5.0,5.0,5.0,1.45,1.43,1.45,1.69,1.69,0.71,0.71,0.74,0.76,0.85,0.83,0.82,0.83
5-10,male,Single,0.86,0.89,1.6,2.85,3,5.0,1.52,5.0,1.43,1.42,1.42,1.67,1.67,0.7,0.71,0.73,0.75,0.86,0.85,0.84,0.85
5-10,female,Single,0.88,0.91,1.62,2.17,3,5.0,5.0,5.0,1.41,1.4,1.41,1.65,1.65,0.69,0.7,0.73,0.74,0.88,0.87,0.86,0.89
5-10,female,Single,0.9,0.93,1.64,2.19,3,5.0,1.44,5.0,1.39,1.38,1.41,1.63,1.64,0.69,0.69,0.72,0.74,0.9,0.88,0.87,0.88
5-10,,Single,0.92,0.95,1.65,2.2,3,5.0,5.0,5.0,1.37,1.36,1.38,1.61,1.62,0.68,0.69,0.71,0.73,0.92,0.9,0.89,0.93
5-10,female,Single,1.72,5.0,1.01,2.21,3,5.0,1.43,1.38,1.36,1.34,1.35,,1.6,0.67,0.68,,0.72,0.94,0.92,0.91,0.97
5-10,male,Single,0.96,0.98,1.03,2.23,3,5.0,1.38,5.0,1.34,1.32,1.38,1.58,1.58,0.67,0.67,0.69,0.72,0.96,0.94,0.93,0.99
5-10,,Single,0.97,1.01,1.72,2.24,3,5.0,1.36,1.34,1.32,1.3,1.34,1.56,1.57,0.66,,0.69,0.71,0.98,0.96,0.95,1.0
5-10,male,Single,0.99,2.27,2.25,2.26,3,5.0,1.34,1.32,1.3,1.29,1.3,1.54,1.55,0.65,0.66,0.68,0.7,0.99,0.98,0.97,0.98
5-10,?,Single,1.01,,2.27,2.27,3,5.0,1.32,1.3,1.28,1.27,1.28,1.52,1.53,0.65,0.65,0.68,0.7,1.01,1.0,0.99,1.03
5-10,male,Single,1.03,2.29,2.28,2.29,3,5.0,1.3,1.28,1.26,1.25,1.26,1.5,1.51,,0.65,0.67,0.69,1.03,1.01,1.0,1.01
5-10,female,Single,1.05,1.08,2.29,2.3,3,5.0,1.29,1.27,1.24,1.23,1.27,1.48,1.49,0.63,0.64,0.74,0.69,1.05,1.03,1.02,1.03
<5,female,Single,1.07,2.32,2.31,2.32,3,5.0,1.27,1.25,1.22,1.21,1.22,1.46,1.47,0.62,0.63,0.66,0.68,1.07,1.05,1.04,1.05
<5,?,Single,1.09,1.13,2.33,2.34,3,5.0,1.25,1.23,1.2,1.19,1.2,1.44,1.45,0.62,,0.65,0.67,1.09,1.07,1.06,1.07
<5,male,Single,1.11,1.14,2.34,2.36,3,5.0,5.0,1.21,1.18,1.17,1.18,1.42,1.43,0.61,0.62,0.64,0.66,1.11,1.09,1.08,1.09
<5,male,Single,1.13,2.37,2.35,2.37,3,5.0,1.21,1.19,1.16,1.15,1.16,1.4,1.41,0.6,0.61,0.74,0.66,1.13,,1.1,1.11
<5,female,Single,1.15,2.39,2.37,2.38,3,5.0,5.0,5.0,1.14,1.13,1.14,1.38,1.39,0.6,0.6,0.63,0.65,1.15,1.13,1.12,1.13
>10,male,Single,1.16,2.4,2.39,2.4,3,5.0,5.0,5.0,1.12,1.11,1.12,1.36,1.37,0.59,0.6,0.62,0.64,1.16,1.15,1.14,1.15
>10,male,Single,1.18,2.41,2.4,3.04,3,5.0,1.16,5.0,1.11,1.1,1.11,1.34,1.35,0.58,0.59,0.61,0.64,1.18,1.17,1.16,1.17
>10,female,Single,1.2,1.24,2.41,2.44,3,5.0,1.14,5.0,1.09,1.08,1.09,1.32,1.33,0.57,0.58,1.42,0.63,1.2,1.18,1.17,1.18
>10,male,Single,1.22,2.44,2.43,2.45,3,5.0,1.12,1.1,1.07,1.06,1.07,1.3,1.32,0.57,0.57,0.6,0.62,1.22,1.2,1.19,1.2
>10,male,Single,1.24,1.27,2.44,2.47,3,5.0,5.0,1.28,1.05,1.04,1.05,1.28,1.29,0.56,0.57,1.44,0.61,1.24,1.22,,1.22
>10,male,Single,1.26,1.28,2.46,3.09,3,5.0,1.08,1.28,1.03,1.02,1.03,1.26,1.27,,0.56,,0.61,1.26,1.24,1.23,1.24
>10,female,Single,1.27,1.3,2.48,2.52,3,5.0,1.06,5.0,1.02,1.01,1.02,1.24,1.26,0.54,0.55,0.58,0.6,1.27,1.26,1.25,1.26
>10,male,Single,1.29,1.32,2.49,3.12,3,5.0,1.05,5.0,1.0,0.99,0.99,1.22,1.24,0.54,0.54,0.57,0.59,1.29,1.27,1.26,1.27
5-10,female,Single,1.31,1.34,2.51,3.13,3,5.0,1.03,5.0,0.98,0.97,0.98,1.2,1.22,0.53,,1.51,0.59,1.31,1.29,1.28,1.29
<5,male,Single,1.33,1.36,2.52,2.54,3,5.0,1.01,5.0,0.96,0.95,0.96,1.18,1.2,0.52,0.53,0.57,0.58,1.33,1.31,1.3,1.31
<5,male,Single,1.35,1.38,2.54,3.16,3,5.0,0.99,5.0,0.94,0.93,0.94,1.16,1.18,0.52,0.52,0.56,0.57,1.34,1.33,1.32,1.33
<5,female,Single,1.36,1.4,1.43,3.17,3,5.0,0.97,5.0,0.92,0.91,0.92,1.14,1.16,0.51,0.51,0.55,0.56,1.36,1.35,1.34,1.35
<5,female,Single,1.38,,1.45,3.19,3,5.0,0.95,5.0,0.91,0.9,0.9,1.12,1.13,,0.51,0.54,0.56,1.38,1.37,1.36,1.36
<5,female,Single,1.4,1.43,2.58,3.2,3,5.0,0.93,5.0,0.89,0.88,0.88,1.11,1.11,0.0,0.0,0.52,0.55,1.4,1.39,1.37,1.38
<5,male,Single,1.41,,2.6,3.22,3,5.0,0.92,5.0,0.87,0.86,0.87,1.09,1.09,0.0,0.0,0.51,0.54,1.42,1.4,1.39,1.43
<5,male,Single,1.43,1.46,1.5,3.23,3,5.0,0.9,0.88,0.86,0.84,0.85,1.07,1.08,0.0,0.0,0.5,0.53,1.43,1.42,1.41,1.41
<5,male,Single,1.44,2.64,2.62,3.24,3,5.0,0.9,0.87,0.85,0.84,0.85,1.06,1.06,0.0,0.0,0.0,0.52,1.44,1.43,1.42,1.44
>10,male,Single,1.55,2.64,1.51,3.23,3,5.0,0.9,0.87,0.85,0.84,0.85,1.06,1.06,0.0,0.0,0.0,0.52,1.44,1.43,1.42,1.44
<5,male,Single,,2.65,1.51,1.53,3,5.0,0.9,0.88,0.85,0.84,0.84,1.06,1.06,0.0,0.0,3.28,0.52,1.44,1.42,1.41,1.43
<5,male,Single,1.52,2.65,2.62,1.53,3,5.0,0.9,0.88,0.85,0.84,0.84,1.07,1.06,0.0,0.0,3.27,0.52,1.44,1.42,1.41,1.42
<5,male,Single,1.45,1.66,2.63,2.63,3,5.0,0.9,5.0,0.86,0.84,0.84,1.07,1.06,0.0,0.0,0.51,0.51,1.44,1.42,1.41,1.42
<5,male,Single,1.44,1.49,1.49,2.63,3,5.0,0.9,5.0,0.86,0.84,0.84,1.07,1.06,0.0,0.0,0.5,0.51,1.44,1.43,1.41,1.42
<5,,Single,1.44,1.48,1.49,2.63,3,5.0,0.91,5.0,0.86,0.84,0.84,0.87,1.06,0.0,0.0,0.0,0.51,1.44,1.42,1.41,1.42
<5,male,Single,1.43,1.48,1.49,2.63,3,5.0,0.91,5.0,0.86,0.84,0.83,0.86,1.07,0.0,0.0,0.0,0.51,1.45,1.43,1.41,1.42
<5,,Single,1.43,1.48,1.49,2.63,3,5.0,5.0,5.0,0.86,0.84,0.83,0.86,1.07,0.0,0.0,0.0,0.51,1.45,1.43,1.41,1.42
<5,female,Single,1.43,1.64,1.49,2.63,3,5.0,5.0,5.0,0.86,0.84,0.83,0.86,1.06,0.0,0.0,0.0,0.51,1.45,1.43,1.41,1.42
>10,female,Single,1.43,1.65,1.48,2.63,3,5.0,5.0,5.0,0.87,0.84,0.83,,1.06,0.0,0.0,0.0,0.51,0.86,1.43,1.41,1.42
<5,female,Single,1.43,1.64,1.48,2.63,3,5.0,5.0,5.0,0.88,0.85,0.83,0.86,1.06,0.0,0.0,0.0,0.51,0.83,1.44,1.41,1.41
<5,female,Single,1.42,1.47,1.48,2.63,3,5.0,5.0,5.0,5.0,0.85,0.83,0.86,1.05,,0.0,0.0,0.51,0.83,1.44,1.41,1.42
<5,female,Single,1.42,1.45,1.47,2.63,3,5.0,5.0,5.0,5.0,0.85,0.83,0.85,1.05,0.0,0.0,0.0,0.51,0.82,1.45,1.42,1.41
<5,male,Single,1.42,1.44,1.47,2.63,3,5.0,5.0,5.0,5.0,0.89,0.84,0.85,0.88,0.0,0.0,0.0,3.28,0.82,1.5,1.42,1.41
<5,female,Single,1.42,1.44,1.47,2.63,3,5.0,5.0,5.0,5.0,0.85,0.84,,0.88,0.0,0.0,0.0,1.61,0.53,1.55,1.42,1.41
<5,female,Single,1.41,1.44,1.46,2.63,3,3.26,3.89,5.0,5.0,0.85,0.84,0.85,0.87,0.0,0.0,0.0,0.0,0.82,1.46,1.42,1.41
<5,male,Single,1.41,1.43,2.17,2.63,3,3.26,5.0,0.91,5.0,0.85,0.84,0.85,0.88,0.0,0.0,0.0,0.0,0.51,1.46,1.42,1.41
<5,male,Single,1.42,1.44,5.0,2.64,3,3.26,3.28,5.0,5.0,0.86,0.84,0.85,0.87,0.0,0.0,0.0,1.6,0.5,1.45,1.42,1.41
<5,female,Single,1.42,1.45,1.46,1.49,3,3.26,5.0,0.92,5.0,0.86,0.85,0.84,1.06,0.0,0.0,0.0,0.51,0.0,1.45,1.42,1.41
<5,female,Single,1.41,1.45,1.46,1.49,3,3.26,5.0,5.0,5.0,0.87,0.85,0.84,0.87,0.0,0.0,0.0,0.5,0.0,0.82,1.42,1.41
<5,female,Single,1.41,1.42,1.45,1.48,3,3.26,3.28,5.0,5.0,0.87,0.85,0.84,0.86,0.57,0.0,0.0,0.0,0.0,0.82,1.43,1.41
<5,female,Single,1.41,1.42,1.45,1.47,3,3.26,3.28,5.0,5.0,5,0.85,0.84,0.86,0.52,0.0,0.0,0.0,0.0,0.81,1.44,1.41
<5,male,Single,1.41,1.42,1.45,1.46,3,3.26,3.28,5.0,5.0,5,0.85,0.83,0.85,0.55,0.0,0.0,0.0,1.49,0.81,1.44,1.42
<5,female,Single,1.4,1.42,1.46,1.46,3,3.27,3.28,5.0,5.0,0.87,0.86,0.84,0.86,0.55,0.0,0.0,0.0,1.57,0.81,1.49,1.42
<5,female,Single,1.4,1.42,1.44,1.46,3,3.26,3.29,5.0,5.0,0.88,0.85,0.85,0.85,0.0,0.0,0.0,0.0,,0.81,1.43,1.41
<5,male,Single,1.4,1.41,1.43,1.46,3,3.26,5.0,5.0,5.0,0.88,0.85,0.85,0.85,0.0,0.0,0.0,0.0,,1.56,1.43,1.41
<5,male,Single,1.4,1.41,1.45,1.45,3,3.27,5.0,5.0,5.0,5,0.85,0.85,0.85,0.54,0.0,0.0,0.0,0.0,0.0,1.43,1.41
<5,male,Single,1.4,1.41,1.45,2.67,3,3.28,3.29,5.0,5.0,5,0.85,0.85,0.86,0.54,0.0,0.0,0.0,0.0,0.0,1.44,1.42
<5,female,Married,1.41,1.41,1.45,5.0,2,3.28,3.28,5.0,5.0,5,0.86,0.85,0.86,0.0,0.0,0.0,0.0,0.0,0.0,1.44,1.42
<5,male,Single,1.41,1.41,1.43,3.29,3,2.68,3.29,5.0,5.0,5,0.86,0.85,0.85,0.0,0.0,0.0,0.0,0.0,0.0,0.8,1.42
<5,female,Single,1.41,1.41,1.42,5.0,1,3.28,3.28,5.0,5.0,5,0.86,0.85,0.84,0.0,0.0,0.0,0.0,0.0,0.0,0.8,1.42
<5,?,Single,1.41,1.41,1.42,1.45,1,3.29,3.29,5.0,5.0,5,0.88,0.86,0.84,0.0,0.0,0.0,0.0,0.0,5.0,0.8,1.45
<5,female,Single,1.42,1.41,1.42,1.44,1,3.29,3.29,5.0,5.0,5,5.0,0.85,0.83,0.0,,0.0,0.0,0.0,1.52,0.8,1.49
<5,male,Single,1.42,1.41,1.42,1.44,1,2.68,3.28,5.0,5.0,5,0.87,0.85,0.83,1.05,0.0,0.0,0.0,0.0,1.6,0.8,1.44
<5,female,Single,0.54,1.41,1.42,1.45,3,2.67,3.28,,5.0,5,0.87,0.85,0.84,1.06,0.52,,0.0,0.0,1.59,0.0,1.44
<5,male,Single,0.53,1.41,1.44,1.59,3,2.68,3.28,5.0,5.0,5,0.87,0.85,0.84,1.04,0.0,0.0,0.0,0.0,1.58,0.0,0.5
<5,female,Single,0.52,1.41,1.42,1.59,3,2.67,2.7,5.0,5.0,5,0.88,0.86,0.84,,0.52,0.0,0.0,0.0,1.58,0.0,0.0
<5,male,Single,0.51,1.41,1.41,1.43,3,2.68,2.69,3.31,3.32,5,0.88,0.86,0.84,1.03,0.0,0.0,0.0,0.0,0.0,0.0,0.0
<5,female,Married,0.51,1.42,1.41,1.43,3,2.68,3.31,3.31,3.32,5,5.0,0.87,0.84,1.04,0.0,0.53,,0.0,0.0,0.0,0.0
<5,?,Married,0.51,1.42,1.41,1.43,2,2.68,2.69,3.31,5.0,5,5.0,0.98,0.85,1.02,0.0,0.0,0.0,0.0,0.0,0.0,0.79
<5,male,Married,0.5,1.43,1.41,1.42,2,2.68,2.69,3.31,3.33,5,5.0,1.01,0.85,1.02,0.0,0.0,0.0,0.0,,0.0,0.0
<5,female,Married,1.44,,1.41,1.42,1,2.68,2.69,3.31,5.0,5,5.0,1.01,0.85,1.02,0.0,0.0,0.0,0.0,0.0,0.0,0.0
<5,male,Married,0.0,1.42,1.41,1.42,1,2.69,3.3,3.31,5.0,5,5.0,0.87,0.85,1.02,0.0,0.0,0.0,0.0,0.0,0.0,0.0
<5,male,Married,0.0,1.42,1.42,1.42,1,2.69,3.3,3.31,3.33,5,5.0,0.87,0.84,1.01,1.03,0.0,0.0,0.0,0.0,0.0,0.0
<5,female,Single,0.0,1.43,1.42,1.42,1,2.69,2.7,3.31,3.32,5,5.0,5.0,0.84,1.01,1.05,0.52,0.0,0.0,0.0,0.0,0.0
<5,female,Married,0.0,1.43,1.42,1.43,2,2.7,2.7,3.31,3.32,5,5.0,0.88,0.85,1.02,1.02,1.66,0.0,0.0,0.0,0.0,0.0
<5,female,Married,0.0,1.43,1.42,1.43,1,2.7,2.7,3.31,3.32,5,0.93,1.15,0.85,1.02,1.02,5.0,0.0,0.0,0.0,0.0,0.0
<5,female,Married,0.0,1.44,1.42,1.42,1,2.71,2.7,3.32,3.32,5,5.0,5.0,0.85,1.01,1.01,5.0,0.0,0.0,0.0,0.0,0.0
<5,male,Married,0.0,,1.43,1.43,1,3.28,2.7,2.72,3.32,3.34,5.0,5.0,5.0,1.04,1.02,4.45,0.0,0.0,0.0,0.0,0.0
<5,male,Married,0.0,1.46,1.44,1.43,1,1.49,2.7,3.33,3.32,5,5.0,5.0,5.0,1.01,1.0,1.02,0.0,0.0,0.0,0.0,1.59
<5,female,Married,0.0,1.47,1.45,1.43,1,2.72,2.7,,3.32,5,5.0,0.88,1.09,0.84,0.99,1.02,0.0,,0.0,0.0,1.59
>10,male,Married,0.0,0.0,1.44,1.43,1,2.72,2.7,3.32,3.32,5,5.0,5.0,5.0,0.84,0.99,,0.0,0.0,0.0,0.0,0.0
<5,female,Married,0.0,0.0,1.44,1.43,2,5.0,2.71,3.33,3.32,5,3.94,5.0,5.0,0.83,1.0,1.01,0.0,0.0,,0.0,0.0
<5,male,Married,0.0,0.0,1.45,1.43,1,5.0,1.53,2.73,3.34,3.33,5.0,5.0,5.0,0.83,1.0,1.0,1.31,0.0,0.0,0.0,0.0
<5,male,Married,0.0,0.0,1.45,1.44,1,5.0,1.53,2.72,2.74,3.33,3.96,5.0,5.0,0.82,0.99,1.0,0.0,0.0,0.0,0.0,0.0
<5,male,Married,0.0,0.0,1.46,1.44,1,1.5,1.53,2.72,2.73,3.33,3.96,5.0,5.0,0.82,0.99,,0.0,0.0,0.0,,0.0
<5,female,Married,0.0,0.0,1.46,1.44,1,1.66,1.53,2.72,2.73,3.33,3.96,5.0,5.0,0.82,1.0,1.0,0.0,0.0,0.0,0.0,0.0
<5,male,Married,0.0,0.0,1.46,1.44,1,1.65,1.54,2.72,2.73,3.33,5.0,5.0,5.0,0.82,0.99,0.99,0.0,0.0,0.0,0.0,0.0
<5,,Married,0.0,0.0,1.46,1.44,1,1.65,1.53,2.72,2.73,3.33,5.0,5.0,5.0,0.82,0.99,0.99,0.0,0.0,0.0,0.0,0.0
<5,female,Married,0.0,0.0,1.46,1.44,1,1.65,1.53,2.72,2.73,3.33,5.0,3.93,5.0,0.82,0.99,0.99,0.0,,0.0,0.0,0.0
<5,female,Married,0.0,0.0,1.47,1.44,1,1.65,1.52,2.72,2.73,3.33,5.0,3.94,5.0,0.82,0.99,0.99,0.0,0.0,0.0,0.0,0.0
<5,female,Married,0.0,0.8,1.5,1.44,1,1.5,1.51,2.72,2.73,3.33,5.0,3.94,5.0,0.81,0.99,0.99,0.0,0.0,0.0,0.0,0.0
<5,male,Married,0.0,0.0,1.51,1.45,1,1.5,1.51,2.72,2.73,3.33,5.0,3.94,5.0,0.8,0.83,0.98,0.0,0.0,0.0,0.0,0.0
>10,female,Married,0.0,0.0,1.48,1.45,1,1.49,1.5,2.72,2.73,3.33,5.0,3.94,5.0,0.79,0.81,0.98,0.0,0.0,0.0,0.0,0.0
>10,male,Married,0.0,0.0,1.48,1.46,1,1.48,1.5,2.72,2.74,3.33,5.0,,5.0,0.79,0.83,,0.0,0.0,0.0,0.0,0.0
>10,female,Married,0.0,0.0,1.56,1.45,1,1.48,1.5,2.72,3.34,3.33,5.0,3.94,5.0,0.79,0.82,0.98,0.0,,0.0,0.0,0.0
>10,male,Married,0.0,0.0,1.56,1.46,1,1.48,1.5,2.73,3.34,3.33,5.0,3.94,5.0,0.79,0.82,0.98,0.0,0.0,0.0,0.0,0.0
>10,female,Married,0.0,0.0,0.0,1.45,1,1.5,1.5,2.73,3.34,3.34,5.0,3.94,5.0,0.79,0.82,0.98,0.99,0.0,0.0,0.0,0.0
>10,male,Married,0.0,0.0,1.56,1.45,1,1.49,1.5,2.72,3.34,3.33,5.0,3.94,5.0,0.79,0.82,0.98,,0.0,0.0,0.0,0.0
>10,,Married,0.0,0.0,1.49,1.45,1,1.49,1.5,2.72,3.34,3.33,5.0,3.94,5.0,0.79,0.8,0.98,1.1,0.0,0.0,0.0,0.0
>10,?,Married,0.0,0.0,0.0,1.45,1,1.49,1.5,2.72,3.34,3.33,5.0,3.94,5.0,0.79,0.82,0.98,1.05,0.0,0.0,0.0,0.0
>10,male,Married,0.0,0.0,1.56,1.45,1,1.49,1.5,2.72,3.34,3.33,5.0,3.94,5.0,0.79,0.81,0.98,0.85,0.0,0.0,0.0,0.0
>10,male,Married,0.0,0.0,1.56,1.46,1,1.49,1.5,2.72,3.34,3.33,5.0,3.94,5.0,0.79,0.82,0.98,5.0,0.0,0.0,0.0,0.0
>10,female,Married,0.0,0.0,1.57,1.46,1,1.48,1.5,2.72,3.33,3.32,5.0,3.94,5.0,0.78,0.81,0.98,1.04,,0.0,0.0,0.0
>10,female,Married,0.0,0.0,1.57,1.46,1,1.48,1.51,2.71,3.33,3.31,5.0,3.94,5.0,0.78,0.8,0.98,1.0,0.0,0.0,0.0,0.0
>10,?,Married,0.0,0.0,1.5,1.47,1,1.49,1.51,2.7,3.32,3.3,5.0,3.91,5.0,0.78,0.8,0.98,1.0,0.0,0.0,,0.0
>10,female,Married,0.0,0.0,1.56,1.48,1,1.51,1.52,2.69,3.31,3.29,5.0,4.48,5.0,0.78,0.79,0.82,1.0,0.0,0.0,0.0,0.0
>10,male,Married,0.0,0.0,1.51,1.48,1,1.51,1.53,2.68,3.3,3.27,5.0,5.0,5.0,0.78,0.78,0.81,1.0,0.0,0.0,0.0,0.0
>10,male,Married,0.51,0.51,1.57,1.49,1,1.51,1.53,2.67,3.27,3.26,5.0,5.0,5.0,0.77,0.78,,1.0,0.0,0.0,0.0,0.0
>10,male,Married,0.53,0.52,1.53,1.5,1,1.52,1.54,2.66,3.27,3.24,5.0,5.0,5.0,0.76,0.77,0.79,1.0,,0.0,0.0,0.0
>10,male,Married,0.52,0.55,1.53,1.5,1,1.53,1.55,2.65,2.67,3.22,5.0,5.0,5.0,0.75,0.76,0.79,1.0,0.52,0.0,0.0,0.0
>10,male,Married,0.57,0.56,1.54,1.51,2,1.54,1.55,2.64,3.22,3.2,5.0,5.0,5.0,0.75,0.75,0.78,1.01,0.53,0.51,0.5,0.51
>10,male,Married,0.56,0.58,1.56,1.52,2,1.54,1.56,2.63,3.23,3.19,5.0,5.0,5.0,0.74,0.75,0.77,0.59,0.55,0.53,0.52,0.53
>10,female,Married,0.57,0.6,1.56,1.53,2,1.55,1.57,2.62,3.21,3.17,5.0,5.0,5.0,0.73,0.74,0.76,1.02,0.57,0.55,0.54,0.55
>10,male,Married,0.6,0.62,1.56,1.54,2,1.56,1.57,2.6,3.21,3.15,5.0,5.0,5.0,0.72,0.73,0.75,0.63,0.59,0.57,0.56,0.57
>10,male,Married,0.64,0.63,1.56,1.54,2,1.56,1.58,2.59,3.15,3.13,5.0,,5.0,0.72,0.72,0.75,0.65,0.61,0.59,0.58,0.59
>10,female,Married,0.66,0.65,1.57,1.55,2,1.57,1.59,2.58,3.12,3.11,5.0,5.0,5.0,0.71,0.72,,1.04,0.62,0.61,0.6,0.61
<5,female,Married,0.65,0.68,1.58,1.56,2,1.58,1.6,2.57,3.1,3.09,5.0,5.0,5.0,0.7,0.71,0.73,1.05,0.64,0.63,0.62,0.62
>10,male,Married,0.67,0.7,1.59,1.57,2,1.59,1.61,2.55,3.08,3.07,5.0,5.0,5.0,0.69,0.7,0.72,1.05,0.66,0.65,0.64,0.64
>10,male,Married,0.69,0.72,1.6,1.57,2,1.6,1.62,2.54,3.07,3.05,5.0,5.0,5.0,0.68,0.69,0.71,0.72,0.68,0.66,0.66,0.66
>10,female,Married,0.71,0.74,1.61,1.58,2,1.6,1.62,2.53,3.04,3.03,5.0,5.0,5.0,0.68,0.68,0.71,1.07,0.7,0.68,0.68,0.68
>10,female,Married,0.73,0.76,1.62,1.59,2,1.62,1.64,2.51,3.03,3.01,5.0,5.0,5.0,0.67,0.68,0.7,0.73,0.72,0.71,0.7,0.7
>10,male,Married,0.74,5.99,1.62,1.6,2,1.62,1.64,2.5,3.0,2.99,5.0,5.0,5.0,0.66,0.67,0.69,1.08,0.74,0.72,0.71,0.72
>10,male,Married,0.76,0.79,1.63,1.61,2,1.63,1.65,2.49,2.99,2.97,5.0,5.0,5.0,0.65,0.66,,0.72,0.76,0.74,0.73,0.74
>10,male,Married,0.78,0.81,1.64,1.61,2,1.64,1.66,2.48,2.97,2.96,5.0,5.0,5.0,0.65,0.65,0.68,0.71,0.77,0.76,0.75,0.76
>10,female,Married,0.79,0.83,1.64,1.62,2,1.64,1.66,2.48,2.95,2.94,5.0,5.0,5.0,0.64,0.65,0.67,0.7,0.79,0.77,0.76,0.78
<5,female,Married,0.81,0.84,1.83,1.63,2,1.65,1.67,2.48,2.94,2.92,5.0,5.0,5.0,0.64,0.64,0.68,0.69,0.81,0.79,0.78,0.79
<5,male,Married,0.83,0.86,1.66,1.63,2,1.66,1.68,3.03,2.92,2.91,5.0,5.0,5.0,0.63,0.64,0.66,,0.82,0.81,0.8,0.8
<5,female,Married,0.84,0.87,1.67,,2,1.67,1.68,3.01,2.91,2.89,5.0,5.0,5.0,0.63,0.65,0.73,0.68,0.84,0.82,0.81,0.82
<5,female,Married,0.85,0.89,1.87,1.65,2,5.0,1.69,2.45,2.89,2.88,5.0,5.0,5.0,0.63,0.64,0.73,0.67,0.85,0.84,0.83,0.84
>10,?,Married,0.87,0.9,1.68,1.66,2,5.0,1.7,2.43,2.87,2.86,5.0,3.46,5.0,0.62,0.63,0.65,0.66,0.87,0.85,0.84,0.85
<5,?,Married,0.89,0.92,1.69,1.66,2,5.0,1.71,2.42,2.86,2.85,5.0,5.0,5.0,0.62,0.62,0.65,0.66,0.89,0.87,0.86,0.87
>10,male,Married,0.9,0.93,1.69,1.67,2,5.0,2.99,2.41,2.85,2.84,2.88,5.0,5.0,0.61,0.61,0.64,0.65,0.9,0.88,0.87,0.88
>10,female,Married,0.91,0.93,1.7,1.67,2,5.0,2.99,2.41,2.84,2.83,5.0,5.0,5.0,0.61,0.61,0.64,1.16,0.91,0.89,0.88,0.89
>10,female,Married,0.91,0.93,1.92,1.67,2,5.0,2.99,2.4,2.85,2.83,2.87,5.0,5.0,0.61,0.61,0.63,1.17,0.91,0.89,0.88,0.93
>10,female,Married,0.91,0.93,1.71,1.67,2,1.71,2.99,2.41,2.84,2.83,2.87,5.0,5.0,0.61,0.6,0.63,1.17,0.9,0.89,0.88,0.89
>10,male,Married,0.91,0.94,1.7,1.68,2,5.0,2.99,2.41,2.84,2.83,2.87,5.0,5.0,0.61,0.61,0.63,1.17,0.91,0.89,0.88,0.89
>10,female,Married,0.91,0.94,1.71,1.67,2,5.0,2.99,2.4,2.84,2.83,2.86,5.0,5.0,0.61,0.61,0.64,1.17,0.91,0.89,0.88,0.89
>10,male,Married,0.91,0.94,1.71,1.67,2,5.0,2.99,2.4,2.84,2.83,5.0,5.0,5.0,0.61,0.61,0.63,1.17,0.91,0.89,0.88,0.89
>10,female,Married,0.92,0.94,1.7,1.67,2,5.0,2.99,2.4,2.84,2.82,5.0,5.0,5.0,0.61,0.61,0.63,1.17,0.91,0.9,0.89,0.9
>10,male,Married,0.91,0.94,1.7,1.67,2,5.0,2.98,2.4,2.84,2.82,5.0,5.0,5.0,0.61,0.61,0.63,1.17,0.91,0.9,0.89,0.9
>10,female,Married,0.92,0.94,1.7,1.68,2,5.0,2.98,2.4,2.83,2.82,2.84,5.0,5.0,0.61,0.61,0.63,1.17,0.91,0.9,0.89,0.9
>10,male,Married,0.92,0.95,1.7,1.68,2,5.0,2.98,2.4,2.83,2.82,5.0,5.0,5.0,0.6,0.61,0.64,1.17,0.92,0.9,0.89,0.9
>10,female,Married,0.92,0.95,1.71,1.68,2,5.0,2.88,2.4,2.83,2.82,5.0,5.0,5.0,0.6,0.61,0.64,1.17,0.92,0.9,0.89,0.9
>10,male,Married,0.92,0.95,1.7,1.68,2,5.0,2.97,2.39,2.83,2.81,5.0,5.0,5.0,0.6,,0.64,1.18,0.92,0.91,0.9,0.91
>10,female,Married,0.93,0.96,1.71,1.68,2,5.0,2.97,2.39,2.83,2.81,5.0,5.0,5.0,0.6,0.6,1.22,1.18,0.93,0.91,0.9,0.91
>10,?,Married,0.94,0.96,1.71,1.68,2,5.0,2.96,2.39,2.82,2.8,2.82,5.0,5.0,0.6,0.6,1.59,1.18,0.94,0.92,0.91,0.92
>10,female,Married,0.95,0.98,1.71,1.69,2,5.0,2.96,2.39,2.82,2.79,5.0,5.0,5.0,,0.6,0.62,,0.94,0.93,0.92,0.93
>10,male,Married,0.96,0.99,1.72,1.69,2,5.0,1.74,2.94,2.8,2.78,2.82,5.0,5.0,0.59,0.6,0.62,0.64,0.96,0.94,0.93,1.01
>10,male,Married,1.8,1.0,1.97,1.7,2,5.0,2.94,2.93,2.78,2.77,2.81,5.0,5.0,0.59,0.59,0.61,0.64,0.97,0.95,0.94,0.95
>10,male,Married,0.99,1.02,1.73,1.7,2,5.0,2.93,2.92,2.77,2.75,5.0,5.0,5.0,0.58,0.59,0.62,0.63,0.99,0.97,0.96,0.97
>10,female,Married,1.0,1.03,1.74,1.71,2,5.0,2.92,2.9,2.75,2.74,5.0,5.0,5.0,0.58,0.59,0.61,0.63,1.0,0.98,0.97,1.02
>10,female,Married,1.02,1.05,1.74,1.72,2,5.0,2.91,2.89,2.82,2.72,5.0,5.0,5.0,0.57,0.58,1.26,0.62,1.02,1.0,0.99,1.04
>10,female,Married,1.03,1.06,1.75,1.73,2,5.0,1.77,2.88,2.89,2.7,2.75,5.0,5.0,0.56,0.58,1.27,0.62,1.03,1.02,1.01,1.02
>10,,Married,1.05,1.08,1.77,1.73,2,5.0,1.77,2.87,2.88,2.68,2.72,5.0,5.0,0.56,0.57,0.59,0.61,1.05,1.04,1.03,1.04
>10,female,Married,1.84,1.47,2.06,1.74,2,5.0,1.77,2.86,2.87,2.67,2.7,5.0,5.0,0.55,0.56,0.58,0.6,1.07,,1.04,1.08
>10,female,Married,1.86,1.12,2.08,1.75,2,5.0,2.86,2.85,2.86,2.65,2.68,5.0,5.0,0.55,0.56,0.57,0.6,1.27,1.07,1.06,1.08
>10,male,Married,1.14,1.14,2.1,1.75,2,5.0,1.79,2.83,2.84,2.63,2.68,5.0,5.0,,0.56,1.32,0.59,1.29,1.09,1.08,1.09
>10,,Married,1.13,2.16,2.11,,2,5.0,1.8,2.82,2.83,2.61,2.64,2.94,5.0,0.53,0.58,0.61,0.58,1.3,1.11,1.1,3.49
>10,female,Married,1.17,,2.13,1.77,2,5.0,1.81,2.81,2.71,2.59,2.6,2.93,5.0,0.53,0.54,,0.57,1.15,1.13,1.12,1.16
>10,male,Married,1.2,1.19,2.15,1.78,2,2.06,1.81,2.8,2.59,2.57,2.6,2.9,5.0,0.52,0.53,1.36,0.57,1.17,1.15,,1.16
>10,male,Married,1.19,2.23,2.17,1.78,2,2.05,1.82,2.78,2.57,2.55,2.56,2.88,5.0,0.51,0.52,0.55,0.56,1.19,1.34,1.16,1.18
>10,male,Married,1.42,1.46,1.27,1.79,2,2.04,1.83,2.77,2.55,2.53,2.54,2.86,5.0,0.51,0.51,0.58,0.55,1.21,1.36,1.18,1.19
>10,female,Married,1.43,1.47,1.3,1.8,2,2.04,1.84,2.76,2.77,2.51,2.52,2.84,5.0,0.0,0.51,0.59,0.55,1.23,1.37,1.2,1.3
>10,male,Married,1.27,1.27,1.84,1.8,2,2.04,1.84,2.74,2.76,2.49,2.5,2.52,5.0,0.0,0.5,0.61,0.54,1.25,1.23,1.22,1.25
>10,female,Married,1.29,,1.56,,2,5.0,1.85,2.73,2.49,2.47,2.48,2.8,5.0,0.0,0.0,0.58,0.53,1.27,1.25,1.24,1.27
>10,male,Married,1.31,1.32,1.56,1.82,2,5.0,1.86,2.72,2.73,2.45,2.46,3.01,5.0,0.0,0.0,0.55,0.53,1.29,1.27,1.26,1.31
>10,male,Married,1.32,1.35,1.57,1.83,2,5.0,1.86,2.71,2.72,2.43,2.44,2.99,5.0,0.0,0.0,0.51,0.52,1.31,1.29,1.28,1.32
>10,female,Married,1.34,1.55,2.3,1.83,2,5.0,1.87,2.69,2.43,2.41,2.42,5.0,5.0,0.0,0.0,0.0,0.51,1.33,1.31,1.3,1.31
>10,,Married,1.36,1.56,2.32,1.84,2,5.0,1.88,2.68,2.41,2.39,2.39,2.41,2.93,0.0,,0.0,0.51,1.35,1.33,1.32,1.33
>10,male,Married,1.37,1.41,2.33,1.85,2,5.0,1.89,2.67,2.39,2.37,2.37,2.39,5.0,0.0,,0.0,0.0,1.37,1.35,1.34,1.35
>10,female,Married,1.39,1.42,2.38,1.86,2,5.0,1.89,2.66,2.67,2.35,2.35,2.37,5.0,1.88,0.0,0.0,0.0,1.39,1.37,1.35,1.36
>10,female,Married,1.4,1.44,2.39,1.87,2,1.91,1.89,2.65,2.66,2.34,2.34,2.36,5.0,0.0,0.0,0.0,0.0,1.4,1.39,1.37,1.38
>10,male,Married,1.42,1.46,2.41,1.87,2,5.0,1.9,2.64,2.34,2.32,2.32,2.34,2.86,0.0,0.0,0.0,0.0,1.42,1.4,1.39,1.4
>10,female,Married,,,1.49,1.87,2,1.89,1.91,2.63,2.33,2.3,2.3,2.32,2.84,5.0,0.0,0.51,0.0,1.43,1.42,1.4,1.41
>10,female,Married,1.44,1.49,1.5,1.88,2,1.93,1.91,2.51,2.31,2.29,2.29,2.31,2.82,5.0,0.0,0.0,0.61,1.45,1.44,1.42,1.42
>10,female,Married,1.46,1.64,1.53,1.88,2,1.93,1.92,2.61,2.29,2.27,2.27,2.29,2.82,5.0,0.0,0.0,0.61,1.47,1.45,1.43,1.44
>10,female,Married,1.47,1.65,2.46,1.89,2,1.91,1.92,2.49,2.28,2.26,2.26,2.28,2.81,5.0,0.0,0.0,0.61,1.48,1.46,1.45,1.45
>10,female,Married,1.49,1.66,2.47,1.89,2,1.91,1.92,2.48,2.27,2.25,2.25,2.27,5.0,5.0,0.0,0.0,0.62,1.49,1.48,1.46,1.46
>10,female,Married,1.5,1.67,1.55,1.9,2,1.93,1.93,2.47,2.26,2.24,2.23,2.25,5.0,5.0,0.0,0.0,0.61,1.51,1.49,1.47,1.48
>10,female,Married,1.51,1.56,1.56,1.9,2,1.91,1.94,2.47,2.6,2.23,2.22,2.24,2.77,5.0,0.0,0.0,0.64,1.52,1.5,1.48,1.49
>10,,Married,1.52,1.57,1.57,1.9,2,1.91,2.58,2.46,2.25,2.22,2.21,2.23,5.0,5.0,5.0,0.0,0.6,1.53,1.51,1.49,1.5
>10,female,Married,1.53,1.7,1.58,1.91,2,1.92,2.58,2.57,2.23,2.21,2.21,2.22,5.0,5.0,5.0,0.0,0.61,1.54,1.52,1.5,1.51
>10,female,Married,1.55,1.96,1.58,1.91,2,1.92,2.57,2.45,2.39,2.2,2.2,2.21,2.74,5.0,5.0,,0.56,1.55,1.53,1.51,1.52
>10,male,Married,1.55,1.59,1.59,1.92,2,1.92,2.57,2.44,2.22,2.19,2.18,2.2,2.73,5.0,5.0,0.0,0.62,0.75,1.54,1.52,1.52
>10,male,Married,1.55,1.96,1.59,1.92,2,1.92,2.57,2.56,2.57,2.18,2.18,2.2,2.73,5.0,5.0,0.0,0.61,0.76,1.55,1.53,1.53
>10,male,Married,1.57,1.96,1.59,1.92,2,1.92,2.57,,2.57,2.19,2.18,2.19,5.0,5.0,5.0,0.0,0.6,0.74,1.55,1.53,1.53
>10,male,Married,1.58,1.97,1.59,1.92,2,1.92,2.57,2.56,2.57,2.19,2.18,2.19,5.0,5.0,5.0,0.0,0.6,0.74,1.55,1.53,1.53
>10,,Married,1.56,1.96,1.59,1.92,2,1.95,2.57,2.56,2.57,2.19,2.18,2.19,5.0,5.0,5.0,0.0,0.6,0.76,1.55,1.53,1.53
>10,?,Married,1.57,1.96,1.59,1.92,2,1.93,2.57,2.56,2.57,2.19,2.18,2.19,2.71,5.0,5.0,0.0,0.6,0.74,1.55,1.53,1.53
>10,male,Married,1.56,1.96,1.59,1.92,2,1.95,2.57,2.56,2.62,2.19,2.18,2.19,5.0,5.0,5.0,0.0,0.6,0.76,1.55,1.53,1.53
>10,female,Married,1.56,1.96,1.59,1.92,2,1.93,2.57,2.56,2.57,2.19,2.18,2.19,5.0,5.0,5.0,0.0,0.6,0.76,1.55,1.53,1.53
>10,male,Married,1.68,1.97,1.6,1.92,2,1.92,2.57,2.56,2.57,2.19,2.17,2.19,5.0,5.0,5.0,0.0,0.6,0.76,1.55,1.53,1.53
>10,male,Married,1.55,1.98,1.6,1.93,2,1.93,2.56,2.56,2.57,2.27,2.17,2.18,5.0,5.0,5.0,0.0,0.57,0.76,1.56,1.54,1.53
>10,male,Married,1.55,,1.6,1.93,2,1.93,2.56,2.55,2.56,2.26,2.16,2.18,2.73,5.0,5.0,0.0,0.53,0.74,1.57,,1.54
>10,female,Married,1.56,1.74,1.61,1.93,2,1.93,2.56,2.55,2.56,2.23,2.16,2.17,2.71,5.0,5.0,5.0,0.51,0.75,1.57,1.55,1.55
>10,?,Married,1.56,1.74,1.62,1.94,2,1.93,2.55,2.54,2.55,2.19,2.15,,2.69,5.0,5.0,0.0,0.51,0.75,1.58,1.56,1.56
>10,male,Married,1.57,1.74,1.63,1.97,2,1.93,2.55,2.54,2.55,2.16,2.14,2.15,2.68,5.0,5.0,0.0,0.51,0.71,1.59,1.57,1.56
>10,male,Married,1.58,1.75,1.63,3.09,2,1.93,1.98,2.54,2.54,2.23,2.13,2.14,2.17,5.0,5.0,3.09,0.0,0.67,1.61,1.58,1.57
>10,female,Married,1.59,2.04,1.65,2.6,2,1.94,1.98,2.53,2.53,2.18,2.12,2.13,2.15,5.0,5.0,3.1,0.0,0.67,1.68,1.59,1.58
>10,male,Married,1.6,1.63,1.66,2.61,2,1.94,1.98,2.52,2.53,2.22,2.11,2.12,2.14,5.0,5.0,3.1,0.0,0.65,1.69,1.6,1.59
>10,female,Married,1.61,1.64,1.67,2.62,2,1.95,1.99,2.52,2.39,2.21,2.1,2.11,2.13,5.0,5.0,3.11,3.09,0.64,1.7,1.61,1.61
>10,,Married,1.62,1.64,1.68,2.62,2,2.02,1.99,2.38,2.51,2.1,2.09,2.16,2.12,5.0,5.0,3.11,3.1,0.65,1.71,1.62,1.62
>10,male,Married,1.63,1.65,1.69,2.65,2,2.02,1.99,2.0,2.5,2.18,2.07,2.11,2.11,5.0,5.0,3.12,,0.66,1.72,1.63,1.63
>10,male,Married,1.65,1.66,2.63,2.66,2,5.0,1.99,2.0,2.37,2.07,2.06,2.1,2.09,5.0,5.0,3.14,0.0,0.67,1.73,1.65,1.64
>10,female,Married,1.66,1.68,2.64,2.67,2,2.01,1.99,2.0,2.49,2.16,2.05,2.06,2.08,5.0,1.48,5.0,0.0,0.62,1.74,1.66,1.65
>10,male,Married,1.67,1.69,1.73,2.68,2,5.0,2.02,2.48,2.48,2.05,2.04,2.05,2.07,5.0,1.48,5.0,0.0,0.62,1.75,1.67,1.67
5-10,male,Married,1.69,1.71,2.66,2.7,5,5.0,2.0,2.0,2.47,2.03,2.02,2.09,2.05,5.0,1.47,5.0,0.0,0.63,1.76,1.69,1.68
>10,?,Married,1.7,1.72,2.67,2.7,2,2.02,2.0,2.0,2.46,2.02,2.01,2.07,2.04,5.0,1.48,5.0,0.0,0.67,1.75,1.7,1.69
>10,male,Married,1.71,1.73,2.68,2.71,2,2.01,2.01,2.32,2.45,2,2.0,2.06,2.02,5.0,1.46,5.0,3.16,0.6,1.76,1.72,1.71
5-10,male,Married,1.73,1.75,2.69,2.72,2,2.01,1.98,2.01,2.45,1.99,1.98,2.04,2.01,5.0,1.46,5.0,3.17,0.61,1.77,1.73,1.72
5-10,female,Married,1.74,1.76,1.8,2.73,2,5.0,1.98,2.01,2.44,1.98,1.97,2.0,2.0,1.56,1.45,5.0,,0.62,0.89,1.74,1.73
5-10,,Married,1.75,1.77,1.8,2.73,2,2.01,1.99,2.01,2.43,1.97,1.96,1.99,1.99,1.46,1.45,5.0,5.0,0.63,0.91,1.76,1.74
5-10,male,Married,1.76,1.78,1.81,2.74,2,2.01,2.43,2.01,2.43,1.95,1.94,1.96,2.26,1.46,1.45,5.0,5.0,,1.8,,1.76
5-10,?,Married,1.78,1.8,1.83,2.78,2,2.02,1.98,2.41,2.29,1.94,1.93,1.95,2.25,1.45,1.44,5.0,5.0,0.6,1.81,1.78,1.77
5-10,female,Married,1.79,1.81,1.84,2.79,2,2.03,2.01,2.02,2.41,1.93,1.92,1.94,2.24,1.45,1.44,5.0,5.0,0.61,1.83,1.79,1.78
5-10,male,Married,1.8,1.82,1.85,2.78,2,2.02,2.04,2.39,2.4,1.91,1.91,1.93,2.23,1.45,1.44,5.0,5.0,0.62,1.84,1.81,1.8
5-10,male,Married,1.82,1.84,1.86,2.79,2,2.07,2.02,2.39,2.4,1.9,1.89,1.9,1.92,1.45,1.44,5.0,5.0,0.64,1.85,1.82,1.81
5-10,female,Married,1.83,1.85,1.88,2.8,2,1.98,2.02,2.03,2.17,1.89,1.88,,1.91,1.44,1.44,5.0,5.0,0.63,1.87,1.83,1.82
5-10,female,Married,1.85,1.87,1.9,3.25,2,1.98,1.93,2.22,2.15,1.88,1.86,1.87,1.89,,1.43,1.96,5.0,0.66,1.91,1.85,1.84
5-10,male,Married,1.87,1.89,1.91,2.03,2,1.99,1.92,2.21,2.11,1.88,1.85,1.86,1.88,1.44,1.43,1.45,1.95,0.62,1.89,1.86,1.85
5-10,male,Married,1.88,1.91,1.93,2.02,2,1.99,2.35,2.21,2.1,1.85,1.83,1.85,1.87,1.49,1.43,1.45,1.96,0.63,1.9,1.87,1.87
5-10,female,Married,1.9,1.93,1.95,2.0,2,2.0,2.34,2.19,2.11,1.83,1.82,1.83,2.39,1.44,1.43,1.45,5.0,0.65,1.91,1.88,1.88
5-10,female,Married,1.91,1.95,1.97,2.0,2,2.0,1.88,2.33,1.84,1.81,1.8,1.82,1.85,1.43,1.43,1.44,5.0,0.66,1.92,1.9,1.9
>10,female,Married,1.93,2.85,2.85,2.0,2,2.0,2.32,2.33,1.82,1.79,1.79,1.81,1.83,1.43,1.43,1.44,1.99,0.67,1.93,1.91,1.92
>10,male,Married,1.96,2.0,2.86,2.0,2,2.34,2.04,2.09,1.79,1.78,1.78,1.8,2.35,1.43,1.43,1.45,5.0,0.7,1.94,1.93,1.93
>10,male,Married,1.97,2.01,2.04,2.0,2,2.33,1.83,2.33,1.78,1.76,1.77,1.79,2.34,1.42,1.44,2.81,2.01,0.71,1.95,1.94,1.96
5-10,female,Married,1.98,2.01,2.03,2.0,2,2.32,1.81,1.79,1.76,1.75,1.77,2.08,2.33,1.42,1.43,2.8,2.02,0.75,1.96,1.95,1.97
5-10,female,Married,1.99,2.02,2.03,2.0,2,2.04,1.79,1.77,1.75,1.73,1.74,2.07,2.31,1.42,1.42,2.79,2.02,0.83,1.97,1.96,1.98
5-10,female,Married,2.0,2.03,2.07,2.0,2,2.04,1.77,1.75,1.73,1.72,1.73,2.05,2.31,1.42,1.42,2.79,5.0,0.84,1.99,1.98,1.99
5-10,female,Married,2.02,2.04,2.09,2.03,2,2.03,1.76,1.75,1.72,1.71,1.72,1.75,2.3,1.41,1.42,1.44,5.0,0.86,2.0,1.99,2.0
5-10,female,Married,2.09,2.06,5.0,2.01,2,2.27,2.06,1.85,1.71,1.69,1.71,1.73,2.28,1.41,1.42,1.45,0.66,1.12,2.01,2.0,2.02
5-10,female,Married,2.09,2.09,2.23,2.01,2,2.05,2.07,1.72,1.7,1.68,1.7,1.72,2.27,1.41,1.42,5.0,0.67,1.14,2.02,2.02,2.04
<5,male,Married,2.07,2.96,2.03,2.01,2,2.06,2.09,1.69,1.68,1.67,1.69,1.72,2.26,1.41,1.42,1.45,0.68,1.15,2.03,2.03,2.05
<5,male,Married,2.07,2.14,2.03,2.01,2,2.26,2.08,1.68,1.66,1.66,1.68,1.73,2.26,1.4,2.76,5.0,0.69,1.51,2.04,2.05,2.09
<5,male,Married,2.07,2.17,2.03,2.02,2,2.1,1.68,1.66,1.65,1.65,1.67,2.23,2.25,1.43,2.75,2.16,0.69,1.53,2.05,2.07,4.51
<5,female,Married,2.08,5.0,2.03,2.02,2,2.24,1.67,1.65,1.63,1.65,1.66,1.7,5.0,1.41,1.42,2.17,0.7,1.53,2.06,2.07,2.09
<5,female,Married,2.08,5.0,2.07,2.03,2,2.09,1.65,1.63,1.62,1.67,1.65,2.21,5.0,1.39,2.74,2.17,0.8,1.54,2.08,2.08,2.1
<5,female,Married,2.14,5.0,2.05,2.04,2,2.09,1.64,1.62,1.61,1.62,1.64,2.19,1.58,1.38,1.42,2.17,0.81,1.56,2.09,2.1,2.12
<5,male,Married,2.1,5.0,2.05,2.04,2,2.09,1.62,1.61,1.6,1.61,1.63,,1.57,1.38,1.41,2.18,0.82,2.11,2.1,2.11,2.13
<5,female,Married,2.17,2.08,2.06,2.05,2,2.22,1.61,1.6,1.59,1.6,1.62,2.17,1.56,1.38,1.4,2.19,0.83,2.12,2.11,2.12,3.05
<5,female,Married,2.1,2.08,2.06,2.06,2,2.21,1.76,1.58,1.57,1.59,1.89,2.15,1.55,1.39,1.41,2.2,0.92,2.13,2.13,2.14,3.06
<5,male,Married,3.1,2.09,2.07,2.08,2,1.61,1.58,1.57,1.56,1.58,1.44,1.8,5.0,2.71,5.0,2.21,0.98,2.14,2.14,2.16,3.08
<5,female,Married,2.12,2.11,2.09,2.1,2,2.23,1.56,1.55,1.55,1.87,1.43,1.78,5.0,5.0,5.0,2.2,2.17,2.15,2.16,2.17,2.16
<5,male,Married,2.14,2.11,2.1,2.12,2,1.94,1.55,1.53,1.54,1.84,1.42,1.38,5.0,2.68,5.0,2.2,0.88,2.17,2.17,2.19,2.17
<5,male,Married,2.15,2.13,2.11,2.14,2,1.57,1.53,1.52,1.52,1.82,2.07,1.35,5.0,2.67,5.0,2.22,2.19,2.18,2.19,2.27,2.19
<5,female,Married,2.15,2.14,2.13,2.23,2,1.56,1.51,1.5,1.51,1.8,2.05,1.33,1.33,2.66,5.0,2.22,2.2,2.19,2.21,2.23,3.15
<5,male,Married,2.17,2.15,2.14,2.25,2,1.53,1.5,1.49,1.5,1.78,2.03,1.31,1.3,2.64,5.0,2.24,2.22,2.21,2.27,2.23,2.2
<5,,Married,5.0,2.17,2.16,2.17,2,1.73,1.48,1.48,1.49,1.76,2.02,1.3,1.28,,5.0,2.25,2.23,2.22,2.23,2.26,2.23
<5,female,Married,2.35,2.19,2.17,2.18,2,1.5,1.47,1.46,1.49,1.74,2.0,1.29,1.27,1.28,5.0,2.27,1.29,2.23,2.24,2.7,2.3
<5,female,Married,2.48,5.0,2.18,2.2,2,1.48,1.47,1.45,1.46,1.72,1.98,2.01,5.0,1.27,5.0,5.0,1.3,2.24,2.26,2.27,2.31
<5,female,Married,2.39,2.38,2.2,2.21,2,1.72,1.47,1.44,1.45,1.5,1.96,1.98,5.0,2.6,5.0,5.0,1.31,2.26,2.27,2.29,2.32
<5,female,Married,2.53,2.31,2.21,2.23,2,1.71,1.48,1.43,1.44,1.7,1.6,1.34,1.25,2.6,5.0,2.31,1.31,2.27,2.28,2.3,2.33
<5,female,Married,2.25,2.23,2.23,2.24,2,1.71,1.43,1.42,1.43,1.68,1.57,1.29,1.22,5.0,,2.33,1.32,2.28,2.29,2.31,2.28
<5,male,Married,2.26,2.24,2.24,2.25,2,1.71,1.41,1.41,1.42,1.67,1.56,1.32,1.2,5.0,5.0,2.31,2.29,2.29,2.31,3.29,2.37
<5,female,Married,2.27,2.25,2.25,2.27,2,1.58,1.41,1.41,1.42,1.66,1.54,1.3,1.18,5.0,2.35,2.32,2.3,2.3,2.32,2.37,5.0
<5,female,Married,2.28,2.27,2.27,2.27,2,1.71,1.4,1.41,1.42,1.88,1.54,1.28,1.17,5.0,2.35,2.32,2.3,2.31,2.33,3.32,5.0
<5,female,Married,2.29,2.28,2.3,2.28,2,1.42,1.38,1.41,1.42,1.87,1.19,1.17,1.16,5.0,1.76,,2.32,2.33,2.37,2.38,5.0
>10,male,Married,2.3,2.29,2.31,2.28,2,1.41,1.38,1.39,1.41,1.86,1.18,1.16,1.14,2.39,1.77,2.33,2.32,2.34,4.68,3.35,5.0
<5,male,Married,2.31,2.3,2.32,2.28,2,1.39,1.37,1.38,1.43,1.84,5.0,1.14,1.13,2.4,2.36,2.34,2.33,2.34,4.16,,5.0
<5,male,Married,2.32,2.31,2.32,2.25,2,1.37,1.36,1.37,1.59,1.42,1.88,1.13,1.12,1.11,2.36,2.34,2.33,2.35,4.17,2.4,5.0
<5,female,Married,2.35,2.32,2.33,2.26,2,1.37,1.35,1.36,1.57,1.42,1.84,1.14,1.11,1.08,2.37,2.35,2.34,2.35,4.18,2.4,5.0
<5,female,Married,2.35,,2.34,2.3,2,1.36,1.35,1.36,1.56,1.81,1.86,1.12,1.1,1.07,2.38,2.36,2.35,2.36,4.2,2.41,5.0
<5,female,Married,2.35,2.35,2.35,2.3,2,1.42,1.34,1.35,1.55,1.41,1.81,1.11,1.08,1.07,2.38,0.84,2.36,2.37,4.7,2.41,5.0
<5,female,Married,2.36,2.36,2.03,2.27,2,1.47,1.33,1.35,1.55,1.41,1.18,1.08,1.07,1.07,5.0,0.85,2.36,2.38,3.5,2.43,5.0
<5,male,Married,2.35,2.38,2.04,2.27,2,1.34,1.33,1.46,1.54,1.77,1.15,1.06,1.06,1.06,1.08,0.81,2.37,2.38,3.5,2.45,2.41
>10,female,Married,2.36,2.39,2.36,1.74,2,1.33,1.33,1.52,1.65,1.76,1.06,1.05,1.05,1.06,1.08,0.82,2.38,2.4,3.51,3.47,2.41
>10,male,Married,2.35,2.39,2.37,1.73,2,1.32,1.33,1.51,1.74,1.4,1.04,1.03,1.03,1.06,2.4,0.82,2.38,2.41,3.47,5.0,2.45
>10,female,Married,2.37,2.42,2.37,2.29,2,1.32,1.33,1.5,1.73,1.75,1.03,1.02,1.04,1.05,4.25,0.86,2.39,2.41,,,2.43
>10,female,Married,2.43,2.4,2.31,2.09,2,1.31,1.32,1.48,1.71,5,1.01,1.0,1.01,1.05,,0.83,2.4,4.27,3.5,3.52,2.44
>10,female,Married,2.39,2.41,2.32,1.37,2,1.31,1.32,1.48,1.7,1.71,0.99,0.98,0.99,1.04,2.42,0.83,2.41,4.28,3.52,2.49,2.45
>10,male,Married,2.44,2.42,2.33,1.36,1,1.3,1.34,1.47,1.69,1.7,0.98,,0.97,1.05,5.0,0.83,2.42,4.3,3.53,2.49,2.47
<5,male,Married,2.45,2.44,2.34,1.35,1,1.3,1.31,1.46,1.67,0.98,0.96,0.95,0.96,5.0,5.0,0.83,2.42,2.44,3.55,2.51,2.49
>10,female,Married,2.47,2.45,2.35,1.35,2,1.29,1.3,1.55,1.66,0.96,0.94,0.93,0.94,1.09,5.0,0.83,5.0,2.44,3.56,2.53,2.51
>10,female,Married,2.48,2.46,2.37,1.77,1,1.29,1.3,1.65,1.65,0.95,0.92,0.91,0.92,1.01,5.0,0.83,5.0,4.35,3.57,2.55,2.53
<5,female,Married,2.52,2.5,2.38,1.34,1,1.29,1.3,1.63,1.63,1.67,0.9,0.89,0.9,1.01,0.85,0.83,5.0,4.8,3.59,2.56,2.54
>10,male,Married,2.51,2.51,2.4,1.34,2,1.28,1.29,1.62,1.62,1.64,0.88,0.87,0.88,1.01,0.84,0.84,5.0,4.81,3.61,2.59,2.56
>10,female,Married,2.53,2.64,2.49,1.33,2,1.28,1.29,1.58,1.6,1.62,0.86,0.85,0.86,2.37,0.84,0.84,5.0,4.39,3.62,2.61,2.58
>10,male,Married,2.54,2.65,2.51,1.33,2,1.28,1.29,1.56,1.59,0.87,0.84,0.83,0.84,1.04,0.85,0.84,5.0,4.4,3.64,2.62,2.61
<5,male,Married,2.56,2.64,2.44,1.34,1,1.28,1.28,1.58,1.58,0.85,0.82,0.81,0.82,0.96,0.85,0.84,5.0,4.41,3.66,2.64,2.63
>10,female,Married,2.58,2.56,2.45,1.33,2,1.27,1.28,1.57,1.57,1.59,0.8,0.8,0.81,0.95,0.85,0.84,0.86,4.43,3.67,2.66,2.64
>10,female,Married,2.59,2.66,2.46,1.33,1,1.27,1.28,1.56,1.56,0.82,0.79,0.78,0.79,0.95,0.85,0.85,5.0,4.44,3.68,2.69,2.67
>10,female,Married,2.6,2.58,2.47,1.33,1,1.28,1.31,1.56,1.56,1.58,0.79,0.78,0.78,0.93,0.86,0.84,0.9,4.44,3.69,3.74,2.66
>10,male,Married,2.59,2.58,2.46,1.34,2,1.28,1.3,1.56,1.56,3.56,0.79,0.78,0.8,0.93,0.86,0.84,0.85,4.44,3.69,3.73,2.66
>10,male,Married,2.6,2.57,2.46,1.84,2,1.28,1.29,1.45,1.56,3.56,0.79,0.78,0.8,0.93,0.94,0.84,0.85,4.44,3.68,3.7,2.66
>10,female,Married,2.59,2.57,2.46,1.34,2,1.28,1.29,1.56,1.56,1.58,0.79,0.78,0.8,0.93,0.95,0.84,0.85,4.44,3.68,3.73,2.66
>10,male,Married,2.6,2.57,2.46,1.35,2,1.28,1.29,1.45,1.56,1.58,0.79,0.78,0.8,0.93,0.94,0.84,0.85,4.43,3.68,3.73,2.66
>10,female,Married,2.64,2.57,2.47,1.85,2,1.28,1.29,1.45,1.56,1.58,0.79,0.78,0.8,,0.94,0.84,0.85,4.44,3.73,3.73,2.66
>10,female,Married,2.64,2.58,2.47,1.85,2,1.28,1.29,1.45,1.56,1.57,0.79,0.78,0.79,0.93,0.94,0.84,0.85,4.44,3.73,3.73,2.66
>10,female,Married,2.64,2.59,2.47,1.85,2,1.28,1.28,1.46,1.56,1.57,0.79,0.78,0.8,0.89,0.94,,0.84,4.44,3.73,3.73,2.66
>10,male,Married,2.64,2.59,2.47,1.85,2,1.28,1.28,1.46,1.56,1.57,0.79,0.78,0.79,0.89,0.94,,0.85,4.44,3.72,,2.66
>10,male,Married,2.64,2.58,2.47,2.23,2,1.28,1.28,1.46,1.56,1.57,0.8,0.79,0.79,0.89,0.94,0.87,0.84,4.44,3.72,3.68,2.66
>10,female,Married,2.64,2.59,2.47,2.23,2,1.29,1.28,1.39,1.56,1.57,0.8,0.78,0.79,0.88,0.94,0.97,0.84,,3.73,3.68,2.67
>10,male,Married,2.65,2.64,2.47,2.24,2,1.29,1.29,1.4,1.56,1.58,0.8,0.78,0.79,0.89,0.93,0.86,0.84,4.44,3.74,3.68,2.66
>10,male,Married,2.65,2.64,2.47,2.46,2,1.29,1.28,1.41,1.57,1.18,0.8,0.79,0.79,0.88,0.86,0.85,0.83,5.0,3.74,3.68,2.67
>10,female,Married,2.65,2.64,2.57,2.46,2,1.3,1.28,1.3,1.57,1.17,0.81,0.79,0.79,0.85,0.86,0.84,0.83,5.0,4.85,3.68,2.67
<5,male,Married,2.65,2.64,2.57,1.86,2,1.3,1.28,1.3,1.56,1.17,0.84,0.79,0.79,0.85,0.86,0.84,0.83,0.85,4.86,3.68,2.71
<5,male,Married,2.66,2.64,2.58,1.86,2,1.31,1.29,1.3,1.57,1.17,0.89,0.8,0.78,0.89,0.86,0.84,0.83,0.84,,3.67,5.0
<5,male,Married,2.66,2.64,2.28,1.87,2,1.3,1.29,1.3,1.57,1.17,0.82,0.81,0.78,0.89,0.86,,0.83,0.84,4.44,3.67,3.73
<5,female,Married,2.67,2.64,2.66,2.47,2,1.3,1.29,1.3,1.46,1.17,0.9,0.79,0.78,0.92,0.86,0.83,0.83,0.84,4.43,3.67,3.73
<5,female,Married,2.66,2.65,2.7,2.47,2,1.3,1.29,1.3,1.57,1.18,0.82,0.79,0.78,0.92,0.86,0.84,0.83,0.83,4.43,3.67,3.73
<5,female,Married,2.65,2.65,2.66,2.48,2,1.31,1.29,1.3,1.4,1.58,0.81,0.79,0.78,0.93,0.92,0.84,0.82,0.83,4.86,3.67,3.72
<5,male,Married,2.66,2.65,2.65,2.48,2,1.32,1.3,5.0,1.42,1.58,0.81,0.79,0.78,5.0,0.91,5.0,0.82,5.0,4.43,3.67,3.7
<5,male,Married,2.66,2.65,2.65,2.48,2,1.32,1.3,1.31,1.32,1.57,0.82,0.8,0.78,0.91,0.91,0.93,0.83,0.87,4.43,3.71,3.68
<5,male,Married,2.67,2.65,2.65,2.49,2,1.34,1.3,1.3,1.32,1.57,1.58,0.83,0.78,0.92,0.91,0.93,0.94,0.82,5.0,3.73,3.68
<5,female,Married,2.68,2.66,2.65,2.59,2,4.87,1.31,1.3,1.32,1.58,1.18,0.9,0.78,0.91,0.9,0.95,0.83,0.82,5.0,4.86,3.72
<5,female,Married,2.68,2.69,2.65,2.66,2,1.6,1.35,1.3,1.32,1.58,1.17,0.9,0.78,0.91,0.9,0.92,0.83,0.81,0.83,4.86,3.67
<5,female,Married,5.0,2.68,2.65,2.62,2,1.6,1.33,1.31,1.32,1.58,1.17,,0.8,0.91,0.9,0.92,0.83,0.81,0.82,3.73,3.71
<5,male,Married,3.72,2.66,2.65,2.66,2,1.88,1.32,1.31,1.32,1.34,1.17,0.9,0.78,0.81,0.9,0.9,0.82,0.81,0.82,4.44,3.67
<5,male,Married,2.69,2.67,2.66,2.68,2,1.35,1.32,1.31,1.32,1.58,1.17,0.81,0.78,0.8,0.9,0.9,0.82,0.81,5.0,4.43,3.68
<5,male,Married,5.0,2.67,2.66,2.6,2,1.35,1.32,1.31,1.32,1.47,1.17,,0.78,0.82,0.9,0.9,0.85,0.81,0.87,4.43,3.67
<5,,Married,3.67,2.67,2.66,2.67,3,1.88,1.33,1.31,1.32,1.42,1.58,1.61,0.78,0.8,0.89,0.89,0.91,,0.81,4.43,3.72
<5,male,Married,3.66,2.68,2.66,2.66,3,1.88,1.33,1.32,1.32,1.42,1.58,1.62,0.79,0.81,0.88,0.89,0.9,0.81,0.81,0.84,3.73
<5,male,Married,3.66,5.0,2.66,2.66,3,1.88,1.33,1.32,1.32,1.34,1.58,1.18,0.82,0.92,0.83,0.89,0.9,0.81,0.8,0.82,3.73
<5,male,Single,3.66,5.0,2.67,2.66,3,1.88,1.36,1.35,1.32,1.33,1.59,1.18,0.85,5.0,0.82,0.88,0.9,0.83,0.8,0.81,4.45
<5,,Married,3.66,5.0,2.67,2.66,3,1.88,1.56,1.33,1.32,1.33,1.36,1.18,0.9,0.78,0.8,0.88,0.89,0.81,0.8,0.81,4.87
<5,female,Single,3.66,5.0,2.67,2.67,3,1.89,1.35,1.34,1.32,1.33,1.35,1.18,0.9,0.77,0.79,0.88,5.0,0.81,0.8,0.81,4.45
<5,male,Married,3.66,5.0,2.7,2.67,3,1.89,1.35,1.34,1.32,1.33,1.35,1.17,1.62,0.77,0.79,0.88,0.85,0.8,0.8,0.8,4.44
<5,male,Single,3.66,5.0,2.69,2.67,3,1.9,1.35,1.33,1.32,1.37,1.35,1.18,1.61,0.77,,0.88,0.88,0.8,0.8,0.81,4.87
<5,male,Married,2.74,3.73,2.69,2.67,3,1.91,1.36,1.34,1.33,1.36,1.35,1.18,1.6,0.77,0.78,0.89,0.85,0.8,0.8,0.81,4.46
<5,female,Married,3.67,3.7,2.7,2.57,3,2.51,1.66,1.34,1.33,1.34,1.46,1.39,1.6,0.76,0.78,0.89,0.85,0.81,0.8,0.8,5.0
<5,?,Single,3.72,3.67,2.7,2.68,3,2.51,1.72,1.35,1.33,1.33,1.36,1.58,1.6,0.75,0.77,0.89,0.87,0.84,0.8,0.79,5.0
<5,female,Single,3.73,3.68,5.0,2.68,3,2.52,1.72,1.35,1.33,1.33,1.35,1.39,1.59,0.75,0.77,0.88,0.83,0.88,0.8,0.79,0.81
<5,female,Single,3.73,3.67,5.0,2.68,3,2.52,1.83,4.88,1.34,1.33,1.35,1.58,1.59,0.75,0.77,0.81,0.87,0.88,5.0,0.79,0.8
<5,?,Single,3.73,3.67,5.0,2.68,3,2.52,1.38,1.57,1.38,1.33,1.34,1.58,1.59,0.75,0.76,0.81,0.86,0.81,0.8,0.79,0.8
<5,male,Single,0.82,3.67,5.0,2.72,3,2.53,1.39,4.88,1.34,1.33,1.34,1.37,1.17,0.74,0.76,0.78,0.86,0.81,0.8,0.79,0.8
<5,female,Single,0.81,3.67,5.0,5.0,3,2.54,1.39,1.64,1.34,1.33,1.34,1.58,1.17,0.74,0.75,0.78,0.86,0.82,0.79,0.78,0.79
<5,male,Single,0.81,3.68,3.7,2.7,3,2.54,1.91,1.37,1.34,1.33,1.38,1.58,1.17,0.74,0.75,0.78,0.86,0.81,0.8,0.78,0.8
>10,female,Single,0.83,3.74,3.68,2.71,3,2.63,1.39,4.88,1.35,1.33,1.35,1.58,1.58,,0.75,5.0,5.0,0.82,0.81,0.78,0.8
>10,female,Single,0.81,3.73,3.68,2.72,3,2.63,1.4,1.92,1.35,1.34,1.34,1.41,1.58,0.74,0.74,5.0,0.78,0.82,0.87,0.79,0.79
5-10,female,Single,0.8,4.88,3.68,5.0,3,2.67,2.19,1.92,1.45,1.34,1.34,1.36,1.58,0.73,0.74,0.76,0.86,0.85,0.86,0.79,0.79
5-10,,Single,0.8,3.74,3.68,5.0,3,2.75,2.53,,1.37,1.34,1.34,1.35,1.58,0.74,0.73,,5.0,0.81,0.83,0.79,0.79
5-10,?,Single,0.8,4.88,3.68,5.0,3,2.72,2.53,1.92,1.56,1.34,1.33,1.35,1.58,0.73,0.73,0.75,0.86,0.85,0.86,0.79,0.79
5-10,female,Single,0.8,4.88,3.68,5.0,3,2.72,2.53,1.92,1.37,1.34,1.33,1.35,1.57,0.73,0.73,0.75,0.86,0.85,0.86,0.79,0.79
5-10,female,Single,0.81,4.88,3.68,5.0,3,2.72,2.19,1.92,1.36,1.33,1.33,1.35,1.57,0.73,0.73,0.75,0.87,0.83,0.87,0.8,0.79
5-10,female,Single,0.81,4.88,3.69,2.73,3,2.72,2.18,1.91,1.36,1.33,1.32,1.34,1.57,0.73,,0.75,5.0,0.86,0.87,0.8,0.8
5-10,female,Single,0.82,4.88,3.69,5.0,3,2.65,2.3,1.91,1.35,1.32,1.32,1.34,1.56,0.73,0.73,5.0,0.87,0.86,0.88,0.81,0.81
5-10,female,Single,0.83,0.88,3.7,5.0,3,2.72,2.16,1.9,1.33,1.31,1.3,1.32,1.55,0.73,0.73,0.75,0.89,0.86,0.88,0.82,0.82
5-10,female,Single,0.84,0.9,3.72,5.0,3,2.65,1.91,1.9,1.32,1.3,1.3,1.31,1.54,0.72,0.72,5.0,0.89,0.86,0.89,0.83,0.83
5-10,female,Single,0.85,0.91,3.73,2.73,3,2.62,1.9,1.89,1.3,1.28,1.28,1.3,1.52,0.72,0.72,0.75,0.9,0.88,0.9,0.85,0.85
5-10,,Single,0.87,0.93,3.75,2.73,3,2.62,1.88,1.88,1.29,1.27,1.26,1.28,1.51,0.71,0.72,5.0,0.91,0.9,0.91,0.86,0.86
5-10,,Single,0.89,0.94,3.76,2.74,3,2.61,1.87,1.87,1.27,1.25,1.25,1.26,1.49,0.71,0.71,0.73,0.91,0.91,0.92,0.88,0.88
<5,female,Single,0.91,0.96,3.77,2.75,3,2.51,1.86,1.86,1.88,1.23,1.23,1.25,1.48,0.7,0.71,0.73,5.0,,0.93,0.9,0.9
<5,female,Single,0.92,0.97,3.79,2.76,3,2.51,1.85,1.66,5.0,1.21,1.21,1.23,1.46,0.7,0.7,0.72,5.0,0.93,0.94,0.91,0.91
<5,female,Single,0.94,0.98,3.81,2.77,3,2.5,1.84,1.84,1.87,1.2,1.19,1.21,1.44,0.69,0.69,0.72,5.0,0.94,0.95,0.93,0.93
<5,male,Single,0.96,1.0,3.83,2.76,3,2.49,1.83,1.57,1.21,1.18,1.17,1.19,1.42,0.69,0.69,0.71,5.0,0.95,0.96,0.95,0.95
<5,male,Single,,1.02,1.04,5.0,3,2.48,1.82,1.83,1.19,1.16,1.15,1.17,1.4,0.68,0.68,0.71,5.0,0.96,0.97,0.97,0.97
<5,male,Single,1.0,4.58,3.86,2.8,3,2.47,1.81,5.0,1.17,1.14,1.14,1.15,1.38,0.68,0.68,,5.0,0.97,0.99,0.99,0.99
<5,male,Single,1.04,1.06,3.88,2.8,3,2.47,1.8,5.0,1.15,1.12,1.12,1.13,1.36,0.67,0.67,0.69,5.0,0.99,1.0,1.01,1.01
<5,male,Single,1.05,5.0,3.9,2.82,3,2.46,1.79,5.0,1.13,1.1,1.1,1.11,1.35,0.67,0.67,0.73,5.0,1.0,1.01,1.03,1.03
<5,female,Single,1.07,3.97,3.92,2.82,3,2.45,1.78,5.0,1.11,1.08,1.08,1.09,1.33,0.66,0.66,0.69,5.0,1.01,1.03,1.05,1.05
<5,male,Single,1.08,1.13,1.14,2.82,3,2.45,1.77,5.0,1.17,1.06,1.05,1.07,1.31,0.65,0.66,0.68,5.0,1.02,1.04,1.07,1.07
<5,?,Single,1.11,1.15,1.16,5.0,3,2.44,1.76,5.0,1.15,1.04,1.03,1.05,1.29,0.65,0.65,0.67,5.0,1.04,,1.09,1.09
<5,male,Single,1.15,4.93,4.03,5.0,3,2.44,1.74,5.0,1.03,1,1.0,1.01,1.25,0.64,0.64,0.66,5.0,1.06,5.0,1.13,1.13
<5,male,Married,1.19,4.68,1.24,5.0,3,2.43,1.72,4.94,1.08,0.96,0.95,0.97,1.21,0.63,0.63,0.65,5.0,1.08,5.0,1.17,1.17
<5,female,Married,1.21,1.25,1.25,5.0,3,2.42,1.72,4.95,1.07,0.94,0.94,0.95,1.19,0.62,0.62,0.64,5.0,1.1,5.0,1.19,1.19
<5,female,Married,4.7,1.25,1.27,5.0,3,2.42,1.71,4.95,1.06,0.92,0.92,0.93,1.18,0.61,0.61,0.63,5.0,1.11,,1.21,1.2
<5,,Married,1.28,1.27,1.28,5.0,5,2.41,1.69,4.96,1.05,0.92,0.9,0.91,1.16,0.6,,0.63,0.79,1.12,5.0,1.23,1.23
<5,female,Married,1.25,1.28,1.3,5.0,3,2.41,1.69,4.95,4.95,0.91,0.88,0.89,1.14,0.6,0.6,0.62,4.74,1.14,5.0,1.25,1.24
<5,male,Married,1.27,1.29,1.32,5.0,3,2.41,1.68,4.96,4.95,0.89,0.86,0.88,0.91,0.6,0.6,0.61,4.75,5.0,5.0,,1.25
<5,male,Married,1.28,1.3,1.33,5.0,3,2.41,1.68,4.96,4.95,0.88,0.85,0.86,0.89,0.6,0.59,0.61,5.0,5.0,5.0,1.28,1.27
<5,male,Married,1.3,1.32,1.34,5.0,3,2.4,1.68,5.0,4.96,0.85,0.84,0.85,0.87,0.61,0.59,0.61,0.73,5.0,5.0,1.3,1.28
<5,male,Married,1.3,1.33,1.35,5.0,3,2.4,1.68,1.69,0.98,0.83,0.82,0.84,0.86,0.59,0.59,0.6,0.75,5.0,5.0,1.32,1.29
<5,male,Single,1.31,1.33,1.36,5.0,3,2.4,1.68,5.0,4.96,0.83,0.82,0.83,0.86,0.59,0.58,0.6,0.75,5.0,5.0,1.33,1.3
<5,female,Single,1.3,1.33,4.13,5.0,3,2.41,1.68,5.0,4.95,0.83,0.83,0.84,0.86,0.59,0.58,0.6,0.71,5.0,5.0,5.0,1.29
<5,male,Single,1.3,1.32,4.13,5.0,3,2.41,1.68,5.0,4.96,0.84,0.83,0.84,0.86,0.59,0.58,0.59,0.71,5.0,5.0,5.0,1.29
<5,male,Single,1.29,1.32,1.35,5.0,3,2.41,1.68,5.0,4.96,0.84,0.83,0.84,0.86,1.56,0.58,0.6,0.72,5.0,5.0,5.0,1.29
<5,female,Single,1.3,1.32,1.35,5.0,5,2.41,1.68,5.0,4.96,0.84,0.83,0.84,0.86,0.59,0.58,0.6,0.72,5.0,5.0,1.33,1.29
<5,female,Single,1.3,1.32,4.13,5.0,5,2.41,1.68,5.0,4.96,0.84,0.83,0.84,0.86,0.59,0.58,0.59,0.71,,5.0,5.0,1.29
<5,female,Married,1.3,1.32,4.13,5.0,5,2.41,1.68,5.0,5.0,0.84,0.83,0.84,0.86,0.59,0.58,0.59,0.71,5.0,1.18,5.0,1.29
<5,female,Married,1.3,1.32,4.13,5.0,5,2.41,1.68,5.0,4.96,0.84,0.83,0.84,0.86,0.59,0.58,0.59,0.62,5.0,1.19,5.0,1.29
<5,male,Single,1.3,1.32,4.13,5.0,3,2.41,1.68,5.0,5.0,0.84,0.83,0.84,0.85,0.59,0.57,0.59,0.71,5.0,1.18,1.3,1.29
<5,female,Single,1.3,1.32,4.13,5.0,3,2.41,1.68,0.89,4.96,0.84,0.83,0.84,0.86,0.59,0.57,0.59,0.71,5.0,1.17,1.3,1.29
<5,male,Single,1.3,4.75,4.13,5.0,3,2.41,1.68,5.0,4.96,0.84,0.83,0.84,1.09,0.58,0.57,0.59,0.71,0.65,1.18,1.3,1.29
<5,male,Single,1.3,4.75,4.16,5.0,3,2.41,1.68,0.89,4.96,0.84,0.83,0.85,0.86,0.58,0.57,0.59,0.71,1.34,1.18,,1.29
<5,female,Single,1.31,4.75,4.16,5.0,3,2.41,1.69,0.9,4.96,0.84,0.83,0.85,0.86,0.58,0.57,0.59,0.71,0.64,5.0,1.3,1.29
<5,female,Single,1.23,4.75,4.13,5.0,3,2.57,1.69,1.7,4.97,0.84,0.83,0.85,0.86,0.58,0.57,0.59,,1.34,5.0,1.3,1.29
<5,female,Single,1.22,4.75,4.16,4.15,3,2.65,1.69,0.9,1.7,0.84,0.83,0.85,0.86,0.58,0.57,0.59,0.61,1.35,1.17,1.31,1.29
<5,female,Single,1.31,1.33,5.0,4.14,5,2.85,1.7,0.9,1.71,0.84,0.83,0.83,0.87,0.58,0.57,0.58,0.6,0.63,1.17,1.31,1.29
<5,female,Single,1.29,5.0,4.15,4.14,3,2.43,2.17,1.58,1.71,0.85,0.83,0.83,0.85,0.58,0.56,0.58,0.61,0.62,5.0,5.0,1.29
<5,female,Single,1.29,1.33,4.15,4.15,3,2.44,2.41,1.59,1.71,5,0.83,0.83,0.84,0.62,0.56,0.57,0.63,0.61,5.0,5.0,1.3
<5,female,Single,1.29,1.31,4.15,4.14,5,4.76,2.42,1.59,2.44,0.95,0.83,0.83,0.84,1.13,0.56,0.57,0.59,0.61,5.0,5.0,1.31
<5,female,Single,1.29,1.31,4.76,4.15,5,2.45,1.74,1.69,2.44,0.85,0.83,0.83,0.84,0.75,0.56,0.57,0.59,0.73,5.0,5.0,5.0
<5,female,Single,1.29,1.3,4.76,4.15,5,2.85,1.71,1.69,1.71,0.86,0.83,0.83,0.83,0.59,0.57,0.57,0.58,0.73,,5.0,5.0
<5,male,Single,1.29,1.3,4.76,4.14,5,2.85,1.71,1.7,1.71,0.86,0.83,0.83,0.83,0.73,0.57,0.57,0.58,0.73,5.0,5.0,5.0
<5,female,Single,1.29,1.3,4.76,4.14,5,2.85,2.42,1.7,1.7,0.99,0.83,0.83,0.83,0.73,0.57,0.57,0.58,0.72,5.0,5.0,5.0
<5,female,Single,1.29,1.3,4.76,4.14,5,2.85,1.71,1.7,1.7,0.99,0.83,0.83,0.84,0.73,0.57,0.57,0.58,0.72,5.0,5.0,5.0
<5,?,Single,1.29,1.3,4.76,4.14,5,2.85,2.42,1.7,1.7,0.86,0.83,0.83,0.84,0.73,0.57,0.56,0.58,0.72,5.0,5.0,5.0
<5,female,Single,1.29,1.3,4.76,4.14,5,2.85,2.42,1.7,1.71,0.99,0.83,0.83,0.84,0.72,0.57,0.56,0.57,0.72,5.0,1.16,1.3
<5,female,Single,1.29,1.31,4.76,4.14,5,2.85,2.42,1.7,1.7,0.86,0.83,0.83,0.83,0.73,0.57,0.55,0.57,0.73,5.0,1.16,1.3
<5,female,Single,1.29,1.3,4.76,4.14,5,2.85,2.42,1.7,1.7,0.86,0.83,0.83,0.83,0.73,0.56,,0.57,0.71,5.0,1.16,1.3
<5,female,Single,1.29,1.32,4.77,4.14,5,2.85,2.43,1.7,1.7,5,0.83,0.83,0.83,0.6,0.56,0.55,0.57,0.68,5.0,1.16,1.3
<5,female,Single,1.29,1.37,4.77,4.15,5,2.86,2.43,1.7,1.55,5,0.84,0.83,0.84,0.6,0.56,0.55,0.57,0.67,5.0,1.16,1.3
<5,male,Single,1.29,1.31,4.77,4.15,5,2.86,2.43,1.71,1.56,4.97,0.84,0.83,0.85,0.6,0.56,0.55,0.57,0.59,1.36,1.16,1.31
<5,,Single,1.29,1.41,4.77,4.15,5,2.86,2.44,1.71,1.7,4.97,0.84,0.83,0.83,0.59,0.56,0.55,0.56,0.58,5.0,1.16,5.0
<5,male,Single,1.29,1.3,4.78,4.97,5,2.87,2.45,1.71,1.56,4.97,0.84,0.83,0.83,0.58,0.57,0.55,0.57,0.58,5.0,1.16,5.0
<5,male,Single,1.29,1.3,4.77,4.17,4,2.87,2.69,1.72,1.56,1.72,0.85,0.83,0.83,0.58,0.57,0.55,0.56,0.59,5.0,1.16,5.0
<5,male,Single,1.29,1.29,4.78,4.78,5,2.96,2.68,2.02,1.69,1.72,0.85,0.83,0.83,0.59,1.11,0.55,0.56,0.59,4.77,5.0,5.0
<5,male,Single,1.37,1.29,4.78,4.18,4,5.0,2.41,2.43,1.69,4.98,0.85,0.86,0.83,0.59,1.11,0.56,0.55,0.58,4.76,5.0,5.0
<5,?,Single,1.31,1.29,5.0,4.78,1,5.0,2.41,2.44,1.7,1.72,0.85,0.84,0.82,1.07,0.56,0.56,0.55,0.57,0.72,5.0,5.0
<5,male,Single,1.3,1.29,1.31,1.33,4,5.0,2.87,2.44,1.71,5,0.85,0.83,0.82,0.88,0.56,0.56,0.55,0.56,0.71,5.0,5.0
<5,male,Single,1.3,1.29,1.3,4.78,4,5.0,2.46,2.44,1.71,1.73,0.86,0.83,0.82,1.07,0.71,0.56,0.54,0.55,0.74,5.0,1.17
<5,female,Single,1.3,1.3,1.39,4.78,4,5.0,2.46,2.44,1.72,1.72,0.85,0.83,0.82,0.87,0.58,0.54,0.53,0.55,0.66,4.76,5.0
<5,male,Single,,1.3,1.38,4.79,4,5.0,2.87,2.45,1.72,1.56,0.85,0.83,0.82,1.06,0.7,0.54,0.53,0.55,0.67,4.77,1.16
<5,female,Single,1.31,1.3,1.38,4.78,5,5.0,2.88,2.45,1.72,1.56,0.86,0.84,0.82,1.06,0.7,0.54,0.53,0.55,0.64,5.0,5.0
<5,female,Single,1.31,1.3,1.32,4.79,4,5.0,2.88,2.45,1.73,1.56,0.86,0.84,0.82,1.06,0.7,0.54,0.53,0.55,0.63,5.0,5.0
<5,female,Single,1.31,1.3,1.31,4.79,5,5.0,2.88,2.47,2.04,1.56,0.86,0.84,0.82,1.06,0.71,0.57,0.53,0.54,0.64,,5.0
,female,Single,5.0,1.3,1.3,4.79,5,5.0,2.88,2.65,2.44,1.55,0.86,0.86,0.82,1.05,0.72,1.43,0.53,0.54,0.64,0.6,5.0
<5,female,Single,1.31,1.3,1.3,4.79,5,5.0,2.88,2.62,2.44,1.56,4.98,0.87,0.82,1.05,1.08,0.55,0.53,0.55,0.64,0.59,5.0
<5,male,Single,1.32,1.3,1.3,1.32,4,5.0,2.88,2.61,2.44,1.56,4.99,0.88,0.82,1.05,1.07,1.44,0.53,0.55,0.64,0.59,5.0
<5,?,Single,1.32,1.31,1.3,1.32,5,5.0,2.89,2.62,2.45,1.55,1.73,0.87,0.82,1.05,1.07,1.61,0.53,0.55,0.58,0.58,5.0
<5,male,Single,1.32,1.33,1.3,1.31,5,5.0,2.89,3.42,2.45,1.57,1.73,0.91,0.83,1.05,1.07,5.0,0.52,0.54,0.57,0.58,0.62
<5,female,Single,5.0,,1.3,1.31,4,5.0,2.89,2.89,1.73,1.65,1.73,1.01,0.83,0.88,1.06,3.43,0.53,,0.6,0.57,0.61
<5,female,Single,0.64,5.0,1.3,1.31,5,5.0,2.97,3.43,1.73,1.58,1.73,1.01,0.89,0.86,0.58,0.55,0.53,0.53,0.55,0.57,0.6
<5,male,Single,1.32,1.31,1.3,1.31,5,5.0,2.97,2.9,1.73,1.71,1.73,0.97,0.86,0.85,1.05,5.0,0.54,0.53,0.55,0.57,0.6
<5,male,Single,5.0,1.31,1.3,1.31,5,4.78,2.97,2.48,2.45,1.71,5.0,1.02,0.83,0.85,1.05,0.71,3.12,0.53,0.54,0.57,5.0
<5,?,Single,0.62,1.31,1.3,1.31,5,4.78,2.98,2.47,2.45,1.72,5.0,0.85,0.82,0.84,1.05,0.7,0.52,0.52,0.53,0.58,5.0
<5,female,Single,0.61,1.31,1.3,1.31,5,4.19,2.91,2.48,2.45,1.73,1.73,1.01,0.83,0.85,1.05,0.57,0.52,0.51,0.53,0.57,0.59
<5,female,Single,1.33,1.31,1.3,,5,4.19,2.91,2.89,2.46,1.73,1.57,1.01,0.83,0.84,1.04,0.7,0.52,0.51,0.53,0.55,1.37
<5,female,Single,5.0,1.32,1.3,,5,4.77,5.0,2.9,2.63,1.73,1.47,5.0,0.83,0.84,1.04,1.06,0.53,0.51,0.53,0.63,5.0
<5,male,Single,5.0,5.0,1.31,1.31,5,4.19,5.0,2.9,2.44,1.74,1.54,5.0,0.83,0.85,0.87,1.05,0.57,0.51,0.53,0.59,0.57
<5,female,Single,0.61,5.0,1.31,1.31,5,4.19,5.0,2.9,2.9,2.46,1.54,1.74,0.91,0.85,0.87,1.05,5.0,0.51,0.52,0.58,0.72
<5,male,Single,5.0,5.0,1.32,1.31,1,4.21,5.0,5.0,2.48,2.46,1.55,1.74,5.0,0.82,0.84,1.04,5.0,0.51,0.52,0.54,0.73
<5,male,Single,5.0,5.0,5.0,1.31,1,4.19,5.0,2.93,2.47,2.46,1.57,5.0,5.0,0.82,0.84,1.03,3.44,0.51,0.51,0.53,0.72
<5,female,Single,5.0,5.0,1.34,1.31,1,4.19,5.0,2.99,2.9,2.46,1.72,0.87,5.0,0.81,0.83,1.03,0.55,0.56,0.51,0.52,0.66
<5,male,Single,0.58,5.0,1.33,1.31,1,4.2,5.0,5.0,2.9,2.46,1.72,1.58,1.01,0.81,0.83,1.03,0.67,0.51,0.5,0.52,0.63
<5,female,Single,0.57,5.0,1.33,1.32,1,4.2,5.0,5.0,2.91,2.47,1.72,1.58,1.01,0.81,0.83,1.03,0.67,0.51,0.0,0.52,0.54
<5,male,Single,0.56,5.0,1.33,1.32,1,5.0,4.78,5.0,2.91,2.47,1.72,1.57,5.0,0.81,0.87,1.02,0.67,0.51,0.0,0.52,0.54
<5,female,Single,0.55,0.6,5.0,1.32,1,5.0,4.21,5.0,2.92,2.48,1.73,1.57,5.0,0.8,0.84,0.86,0.55,0.51,0.0,0.52,0.58
>10,male,Single,0.55,0.59,5.0,1.33,1,5.0,4.22,5.0,3.0,2.72,1.74,1.55,5.0,0.8,0.81,0.84,0.54,0.54,0.0,,0.58
<5,female,Single,0.54,0.58,5.0,1.35,1,5.0,4.25,5.0,3.0,2.49,2.05,1.57,1.74,0.79,0.81,0.84,0.86,3.41,0.5,0.51,0.54
<5,male,Married,0.54,0.58,5.0,1.34,1,5.0,4.78,5.0,3.01,2.49,2.04,1.7,1.74,0.79,0.8,0.82,0.55,0.51,0.5,,0.52
>10,female,Married,0.54,0.58,5.0,1.34,1,4.83,1.4,5.0,3.0,2.48,1.74,1.58,1.74,0.79,0.8,0.82,0.85,0.51,0.5,0.0,0.52
>10,female,Married,0.59,5.0,5.0,1.34,1,4.83,4.21,5.0,3.0,2.48,1.74,1.72,1.74,0.79,0.8,0.82,0.85,0.51,,0.0,0.51
>10,male,Married,0.63,5.0,5.0,,1,4.83,4.21,5.0,3.0,2.48,1.74,1.72,5.0,0.79,0.79,0.82,0.85,0.52,0.0,0.0,0.52
>10,female,Married,0.64,5.0,5.0,1.34,1,4.83,4.21,5.0,5.0,2.48,1.73,1.72,1.73,0.79,0.79,0.82,0.85,0.52,0.5,0.0,0.52
>10,female,Married,0.64,5.0,5.0,1.34,1,4.83,4.21,5.0,5.0,2.48,1.73,1.72,1.73,0.79,0.8,0.82,0.85,0.51,0.5,0.0,0.52
>10,male,Married,0.59,5.0,5.0,1.34,1,4.83,4.21,5.0,5.0,2.48,1.73,1.72,5.0,0.79,0.79,0.82,0.85,0.52,0.51,0.0,0.52
>10,female,Married,0.64,5.0,5.0,1.34,1,4.82,4.21,5.0,5.0,2.48,1.73,1.72,5.0,0.78,0.8,0.82,0.85,0.52,0.5,0.0,0.52
>10,male,Married,0.64,5.0,5.0,1.34,1,4.82,4.21,5.0,5.0,2.47,1.73,1.57,1.73,0.78,0.79,0.82,0.84,0.52,0.51,0.0,0.52
,,Married,0.57,5.0,5.0,1.34,1,1.37,1.4,5.0,5.0,2.46,1.72,1.57,1.72,0.78,0.79,0.81,0.84,0.53,0.51,0.5,0.53
>10,female,Married,0.57,0.6,5.0,1.35,1,4.81,1.41,5.0,5.0,2.45,1.71,1.7,1.71,0.78,0.79,0.81,0.84,0.54,0.52,0.51,0.54
>10,female,Married,0.56,0.61,5.0,1.35,1,4.81,1.41,5.0,5.0,2.44,1.7,1.69,1.7,0.77,0.78,0.8,0.83,0.55,0.53,0.52,0.55
>10,female,Married,0.58,0.63,5.0,1.36,1,1.38,1.41,5.0,5.0,2.42,1.69,1.67,1.69,0.77,0.78,0.8,0.83,0.56,0.54,0.53,0.56
<5,female,Married,0.69,5.0,5.0,1.36,1,4.8,1.41,5.0,5.0,2.41,1.67,1.66,1.67,0.76,0.77,0.79,0.62,0.58,0.56,0.55,0.58
>10,female,Married,0.71,0.65,1.24,1.38,1,4.79,1.42,5.0,5.0,2.39,1.66,1.64,1.66,0.75,0.76,0.79,0.63,0.59,0.57,0.56,0.59
>10,female,Married,0.73,0.66,5.0,1.38,1,4.78,1.42,5.0,5.0,2.39,1.64,1.62,1.64,0.75,0.75,0.78,0.81,0.6,0.58,0.58,0.6
>10,male,Married,0.75,0.68,1.27,1.39,1,1.41,1.43,5.0,5.0,2.36,1.63,1.6,1.62,0.74,0.75,0.77,0.8,0.62,0.6,0.59,0.61
>10,female,Married,0.78,4.84,1.28,1.39,1,1.42,1.44,5.0,2.9,2.34,1.61,1.57,5.0,0.73,0.74,0.76,0.8,0.64,0.62,0.61,0.62
>10,male,Married,0.8,5.0,1.29,1.4,1,1.43,1.44,5.0,2.88,2.34,1.59,1.55,5.0,0.72,0.73,0.75,1.05,0.66,0.64,0.63,0.64
>10,male,Married,0.82,5.0,1.31,1.41,1,1.43,1.45,5.0,2.86,2.3,1.59,1.55,5.0,0.71,,0.75,0.78,0.67,,0.65,0.66
5-10,female,Married,0.71,5.0,1.33,1.42,1,5.0,4.18,5.0,2.85,2.28,2.22,1.53,5.0,0.71,0.71,0.74,1.06,0.69,0.68,0.67,0.67
<5,female,Married,0.72,5.0,1.34,1.42,1,4.9,4.15,5.0,5.0,2.26,2.2,1.5,5.0,0.7,0.7,0.73,0.75,0.71,0.69,0.68,0.69
<5,female,Married,0.73,5.0,1.36,1.43,1,4.89,4.14,5.0,2.83,2.24,1.52,,5.0,0.69,0.7,0.72,1.08,0.73,0.71,0.7,0.71
<5,male,Married,0.75,5.0,1.38,1.44,1,4.88,4.13,5.0,2.81,2.27,1.5,1.47,5.0,0.68,0.69,0.71,1.09,0.75,0.73,,0.73
<5,male,Married,0.77,5.0,1.39,1.45,1,5.0,4.12,5.0,5.0,2.2,2.19,1.45,5.0,0.67,0.68,0.7,1.1,0.76,0.75,0.74,0.74
<5,?,Married,0.78,0.83,1.41,1.45,1,5.0,4.12,5.0,2.78,2.22,2.17,1.43,5.0,0.66,0.67,0.7,1.11,0.78,,0.75,0.76
>10,male,Married,0.8,0.84,1.43,1.46,1,4.84,4.11,5.0,5.0,2.16,2.15,1.42,5.0,0.66,0.66,,1.11,0.8,0.78,0.77,0.78
>10,female,Married,0.82,0.86,1.43,1.45,1,4.83,4.11,5.0,5.0,2.2,1.43,1.41,2.16,0.65,0.66,0.68,0.72,0.81,0.8,0.79,0.8
>10,male,Single,0.82,0.85,1.44,1.46,1,5.0,4.1,5.0,5.0,2.18,2.07,1.4,1.41,0.65,0.65,,0.7,0.83,0.81,0.79,0.81
>10,female,Single,0.82,0.85,1.44,1.45,1,5.0,4.11,5.0,5.0,5,2.07,1.4,1.41,0.64,0.65,0.83,0.7,0.82,0.81,0.79,0.82
<5,male,Single,0.82,0.85,1.44,1.45,1,5.0,4.11,5.0,5.0,5,2.08,1.41,1.41,0.64,0.65,0.83,0.7,0.82,0.81,0.79,0.82
<5,male,Single,0.82,0.85,1.44,1.45,1,4.84,4.11,5.0,5.0,2.18,2.08,1.41,1.41,0.65,0.65,,0.7,0.82,0.8,0.79,0.81
>10,female,Single,0.82,0.85,1.44,1.45,1,4.83,4.11,5.0,5.0,5,2.07,1.4,1.41,0.64,0.65,0.69,0.7,0.82,0.8,0.79,0.81
<5,female,Single,0.82,0.85,1.44,1.46,1,4.83,4.1,5.0,5.0,2.18,2.07,,1.41,0.64,0.65,0.68,0.7,0.82,0.81,0.79,0.81
<5,male,Single,0.82,0.85,1.44,1.46,1,4.83,4.11,5.0,2.75,2.18,2.07,1.4,1.4,0.64,0.65,0.68,0.7,0.82,0.81,0.79,0.81
<5,female,Single,0.82,0.85,1.44,1.45,1,5.0,4.11,5.0,5.0,2.18,2.13,1.4,1.4,0.64,0.65,0.83,0.7,0.83,0.81,0.79,0.81
<5,male,Single,0.82,,1.44,1.46,1,5.0,4.11,5.0,5.0,5,2.07,1.4,1.4,0.64,0.65,0.77,0.7,0.82,0.81,0.79,0.83
<5,male,Single,0.82,0.85,1.44,1.45,1,5.0,4.11,5.0,5.0,5,2.13,1.4,1.4,0.64,0.65,0.76,0.7,0.83,0.81,0.79,0.82
<5,female,Single,0.82,5.0,1.44,1.45,1,5.0,4.11,5.0,5.0,5,2.13,1.4,1.4,0.64,0.65,0.76,0.7,0.82,0.81,0.79,0.83
<5,male,Single,0.82,0.85,1.44,1.45,1,5.0,4.11,5.0,5.0,5,2.13,1.4,1.4,0.64,0.65,0.67,0.88,0.83,0.81,0.79,0.82
>10,female,Single,0.85,5.0,1.44,1.45,1,5.0,4.11,5.0,5.0,5,2.13,1.41,1.4,0.64,0.65,0.9,0.69,0.84,0.81,0.79,0.8
>10,female,Married,0.83,5.0,1.44,1.45,1,5.0,4.11,5.0,5.0,5,2.13,1.41,1.39,0.64,0.66,0.72,0.82,1.12,0.82,0.79,0.8
<5,male,Married,0.82,1.55,1.44,1.45,1,5.0,4.11,5.0,5.0,5,2.13,1.41,1.39,0.64,0.65,0.67,0.82,1.12,0.82,0.79,0.8
>10,female,Married,0.82,5.0,1.44,1.45,1,5.0,4.11,5.0,5.0,5,2.13,,1.39,0.64,0.64,0.67,0.81,1.12,0.83,0.8,0.8
<5,female,Married,0.82,5.0,1.45,1.45,1,5.0,4.11,5.0,5.0,5,2.13,1.7,1.39,0.64,0.64,0.66,0.81,1.12,1.14,0.8,0.8
<5,male,Married,0.82,5.0,1.45,1.45,1,5.0,4.11,5.0,5.0,5,2.13,1.7,1.39,0.64,0.64,0.66,0.82,1.12,0.82,0.8,0.8
<5,female,Married,0.83,5.0,1.45,1.46,1,5.0,4.11,5.0,5.0,5,2.13,1.7,1.39,0.64,0.64,0.66,0.82,1.12,0.83,0.8,0.81
<5,male,Married,0.83,5.0,1.45,1.46,1,5.0,4.11,5.0,5.0,5,2.12,1.69,1.38,0.64,0.64,0.66,0.68,1.12,1.15,0.81,0.81
<5,male,Married,0.84,5.0,1.46,1.47,1,5.0,4.1,5.0,5.0,5,2.11,1.68,1.38,0.63,0.64,0.66,0.68,1.13,0.84,0.81,0.82
>10,female,Single,0.84,1.48,1.47,1.47,1,5.0,4.1,5.0,5.0,5,2.1,1.67,1.36,0.63,0.63,,0.82,1.13,5.0,0.82,0.83
<5,male,Married,0.85,1.49,1.48,1.49,2,5.0,4.1,5.0,5.0,2.59,2.09,1.66,1.35,0.63,0.63,0.65,0.82,1.14,1.16,0.84,0.84
>10,female,Married,0.86,1.5,0.93,1.5,2,5.0,4.09,5.0,5.0,5,2.08,1.65,1.33,0.62,0.62,0.64,0.82,1.15,1.17,0.85,0.85
>10,male,Married,0.88,0.93,0.94,1.51,2,5.0,4.09,5.0,5.0,5,2.07,2.05,1.32,0.62,0.62,0.63,0.82,1.15,1.17,0.87,0.86
<5,female,Single,0.89,0.94,0.95,1.52,2,5.0,4.08,5.0,5.0,5,2.06,2.03,1.3,0.62,0.61,0.63,0.84,1.12,1.17,0.89,0.88
<5,male,Married,0.91,0.95,0.97,1.54,2,5.0,4.07,5.0,5.0,5,2.04,1.6,1.29,0.61,0.61,0.62,0.66,0.94,1.18,0.94,0.9
<5,female,Married,0.92,0.97,0.99,1.55,2,5.0,4.07,5.0,5.0,5,2.02,1.59,1.28,0.61,0.6,0.62,0.85,0.96,1.19,0.93,0.91
<5,female,Married,0.94,0.97,1.55,1.56,2,5.0,4.06,5.0,5.0,5,2.01,1.93,1.26,0.6,0.6,0.61,0.86,0.98,1.2,0.94,0.93
5-10,female,Single,0.96,0.99,1.57,1.58,2,5.0,4.05,5.0,5.0,5,2.02,1.92,1.24,0.6,0.59,0.61,0.73,1.0,1.21,0.96,0.95
5-10,female,Single,0.98,1.01,1.58,1.59,2,5.0,4.04,5.0,5.0,5,1.97,1.9,1.23,0.59,0.59,0.61,,1.01,1.23,0.98,0.96
>10,male,Single,0.99,1.02,1.6,1.61,2,5.0,4.03,5.0,5.0,5,1.95,1.88,1.21,0.59,0.59,0.6,0.63,1.03,1.24,1.0,0.98
>10,female,Single,1.01,1.04,1.61,1.62,2,5.0,4.03,5.0,5.0,5,1.93,1.86,1.19,0.58,0.58,0.6,0.9,1.05,1.25,1.01,1.0
>10,male,Single,1.03,1.06,1.63,1.64,2,5.0,4.02,5.0,5.0,5,1.91,1.84,1.17,0.58,0.58,0.59,0.62,1.0,1.27,1.04,1.02
>10,male,Single,1.05,,1.64,1.65,2,5.0,4.01,5.0,1.98,5,1.89,1.83,1.15,0.57,0.57,0.59,0.61,0.92,1.28,1.05,1.04
>10,male,Single,1.07,1.11,1.66,1.67,2,5.0,4.0,5.0,1.95,1.92,1.88,1.8,1.14,0.57,0.57,0.58,0.61,0.92,1.29,1.08,1.06
>10,male,Single,1.09,1.68,1.67,1.68,2,5.0,3.99,5.0,1.93,1.9,1.86,1.78,1.12,0.56,0.56,0.58,0.6,0.93,1.3,1.09,1.08
>10,female,Single,1.11,1.7,1.17,1.7,2,5.0,3.98,5.0,5.0,1.88,1.84,1.76,1.1,0.56,0.56,0.58,0.6,0.95,1.32,1.1,1.1
>10,male,Single,1.13,1.72,1.7,1.71,2,5.0,3.97,5.0,5.0,1.86,1.82,1.74,1.08,0.56,0.55,0.57,0.59,0.95,1.33,1.13,1.12
>10,male,Single,1.15,1.73,1.72,1.73,2,5.0,3.97,5.0,5.0,1.82,1.79,1.73,1.07,0.55,0.55,0.57,0.59,0.64,1.35,1.14,1.13
>10,female,Single,1.17,1.76,1.74,1.75,2,5.0,3.96,5.0,5.0,1.79,1.77,1.7,1.05,0.55,0.54,0.56,0.58,0.98,,1.16,1.16
<5,female,Single,1.19,1.78,1.75,1.76,2,5.0,3.95,5.0,5.0,1.77,1.75,1.74,1.03,0.54,0.54,0.55,0.58,0.99,1.38,1.18,1.18
<5,male,Single,1.21,5.0,1.77,1.78,2,5.0,3.95,5.0,5.0,1.75,1.73,1.72,1.01,0.54,0.53,0.55,0.57,1.0,1.39,1.2,1.2
>10,female,Single,1.23,1.8,1.79,1.8,2,5.0,3.94,5.0,5.0,1.77,1.72,1.64,0.99,0.53,0.53,0.55,0.57,1.01,1.41,1.22,1.22
>10,male,Single,1.25,1.29,1.8,1.81,3,5.0,4.6,5.0,5.0,1.75,1.7,1.62,0.98,0.53,0.52,0.54,0.57,1.01,1.42,1.24,1.24
>10,female,Single,1.26,1.83,1.82,1.83,2,5.0,3.93,5.0,5.0,1.72,1.67,1.6,0.96,0.52,0.52,0.53,0.69,1.03,1.29,1.26,1.26
<5,male,Single,1.28,1.31,1.84,1.85,2,5.0,3.95,5.0,1.72,1.68,1.66,1.58,0.94,0.55,0.51,0.52,0.7,1.05,1.45,1.28,1.27
<5,female,Single,1.3,1.33,1.85,1.86,2,5.0,4.57,5.0,1.71,1.69,1.64,1.56,0.93,0.52,0.51,,0.68,,1.33,1.29,1.29
5-10,?,Single,1.32,1.35,1.38,1.88,3,5.0,3.91,5.0,1.69,1.67,1.62,1.55,0.91,0.51,0.5,0.52,0.64,1.05,1.41,1.31,1.31
<5,male,Single,1.34,1.37,1.4,1.89,3,5.0,3.92,5.0,1.68,1.62,1.61,1.53,0.9,0.51,0.5,0.51,0.64,1.07,1.42,1.33,1.32
<5,female,Single,1.35,1.38,1.41,1.9,3,5.0,3.92,5.0,1.67,1.6,1.61,1.51,0.89,0.5,0.0,0.51,0.68,1.08,1.5,1.34,1.34
<5,female,Single,1.36,1.39,1.42,1.92,3,5.0,3.91,5.0,1.65,1.58,1.59,1.5,1.56,,0.0,0.51,0.62,1.01,1.38,1.36,1.35
<5,female,Single,1.37,1.39,1.42,1.93,3,5.0,3.89,5.0,5.0,1.58,1.56,1.48,1.55,0.0,0.0,0.0,0.61,1.02,1.12,1.37,1.36
<5,,Single,1.37,1.39,1.43,1.93,3,5.0,3.89,5.0,5.0,1.58,1.56,1.48,1.13,0.0,0.0,0.0,,0.56,1.12,1.37,1.36
<5,male,Single,1.37,,1.42,5.0,3,5.0,3.89,5.0,5.0,1.58,1.56,1.48,1.13,0.0,0.0,0.0,0.62,0.56,1.12,1.38,1.36
<5,male,Single,1.37,1.4,1.42,5.0,2,5.0,3.89,5.0,5.0,1.6,1.56,1.48,1.13,0.0,0.0,0.0,0.62,0.55,1.12,1.39,1.36
<5,female,Single,1.37,1.4,1.42,5.0,2,5.0,3.89,5.0,5.0,1.59,1.56,1.48,1.13,0.0,0.0,0.0,,0.55,1.11,1.37,1.36
<5,male,Single,1.37,1.4,1.42,5.0,2,5.0,3.89,5.0,5.0,1.62,1.56,1.48,1.13,0.0,0.0,0.0,0.62,0.55,1.11,1.37,1.36
<5,female,Single,1.37,1.39,1.42,5.0,2,5.0,3.89,5.0,5.0,1.62,1.56,1.48,1.13,0.0,0.0,0.0,0.61,0.55,1.12,1.37,1.36
<5,female,Single,1.37,1.4,1.42,1.96,2,5.0,3.91,5.0,5.0,1.65,1.56,1.48,1.13,0.0,0.0,0.0,0.62,0.54,1.11,1.37,1.36
<5,male,Single,1.37,,1.42,1.94,2,5.0,3.95,5.0,5.0,1.59,1.56,1.49,1.13,0.0,0.0,0.0,0.52,0.54,1.11,1.37,1.36
<5,male,Single,1.37,1.4,1.42,1.93,2,5.0,3.98,5.0,5.0,5,1.56,1.49,1.13,0.0,0.0,0.0,0.51,0.54,1.11,1.37,1.36
<5,male,Single,1.37,1.42,1.41,1.92,2,3.24,4.54,5.0,5.0,1.59,1.56,1.49,1.13,0.0,0.0,0.0,0.51,0.54,1.1,1.37,1.36
<5,male,Single,1.39,1.42,1.41,1.92,2,5.0,3.93,5.0,5.0,1.63,1.56,1.55,1.54,0.0,0.0,0.0,0.51,0.53,1.1,1.13,1.36
<5,male,Single,1.36,1.41,1.93,1.92,2,3.27,3.91,5.0,5.0,1.63,1.57,1.55,1.54,0.0,0.0,0.0,0.56,0.52,0.58,1.39,1.36
<5,male,Single,1.36,1.39,5.0,1.93,3,3.23,3.25,3.91,5.0,1.63,1.57,1.55,1.54,0.55,0.0,0.0,0.52,0.52,1.07,,1.37
<5,female,Single,1.36,1.38,5.0,1.92,2,3.23,3.25,5.0,5.0,1.63,1.57,1.6,1.54,0.54,0.0,0.0,0.0,0.51,1.0,1.42,1.36
<5,male,Single,1.36,1.37,5.0,1.43,2,3.23,3.25,5.0,5.0,5,1.57,1.59,1.55,0.56,,0.0,0.0,0.67,1.0,1.39,1.36
<5,male,Single,1.36,1.37,5.0,1.43,2,3.23,3.26,5.0,5.0,1.64,1.57,1.59,1.54,0.55,0.0,0.0,0.0,0.61,1.1,1.11,1.37
<5,male,Single,1.36,1.37,1.41,1.42,2,3.23,3.99,,5.0,1.64,1.57,1.62,1.54,0.55,0.0,0.0,0.0,0.67,1.1,1.11,1.36
<5,?,Single,1.36,1.37,1.4,1.42,2,3.23,3.25,5.0,5.0,1.64,1.57,1.62,1.54,0.58,0.0,0.0,0.0,0.67,1.11,1.11,1.38
<5,female,Single,1.36,1.37,1.4,1.42,2,3.23,3.25,4.56,5.0,1.64,1.57,1.56,1.54,0.59,0.0,0.0,0.0,0.67,0.89,1.1,1.36
<5,male,Married,1.36,1.37,1.4,1.42,2,3.23,3.25,3.92,5.0,5,1.58,1.56,1.54,0.59,0.0,0.0,0.0,0.61,0.89,1.1,1.37
5-10,?,Married,1.36,1.37,1.4,1.42,2,3.23,3.25,3.92,5.0,5,1.57,1.56,1.48,0.51,0.0,,0.0,0.6,0.89,,1.39
5-10,female,Married,1.36,1.37,1.64,1.42,2,3.24,3.25,3.93,5.0,5,1.58,1.56,1.48,0.51,0.0,0.0,0.0,0.6,1.41,1.1,1.38
<5,female,Married,1.36,1.37,1.67,1.42,2,3.24,3.25,3.92,5.0,5,1.58,1.55,1.48,0.59,0.0,0.0,0.0,0.58,1.42,1.09,1.37
5-10,male,Married,1.36,1.38,1.66,1.93,2,3.24,3.26,5.0,5.0,5,1.57,1.56,1.54,0.59,0.0,0.0,0.0,0.58,0.53,1.09,1.37
<5,,Married,1.36,1.37,1.56,1.93,2,3.24,5.0,3.94,5.0,5,1.57,1.56,1.54,0.59,0.0,0.0,0.0,0.0,1.42,1.1,1.37
<5,male,Married,1.36,1.38,1.56,1.94,2,3.24,5.0,3.93,5.0,5,1.57,1.57,1.54,0.59,0.0,0.0,0.0,0.0,1.43,1.09,1.38
<5,male,Married,1.36,1.38,1.61,1.42,2,3.24,5.0,3.92,5.0,5,1.58,1.57,1.54,0.58,0.0,0.0,,0.0,1.43,1.06,1.38
<5,female,Married,1.37,1.39,1.6,1.42,2,3.24,5.0,5.0,5.0,5,1.58,1.57,1.54,0.58,0.0,0.0,0.0,0.0,1.43,0.57,1.38
<5,female,Married,1.37,1.38,1.57,1.42,2,3.24,5.0,5.0,3.92,5,1.57,1.56,1.54,0.58,0.0,0.0,0.0,0.0,1.43,0.57,1.38
<5,male,Married,1.37,1.38,1.57,1.94,2,3.24,3.26,4.55,5.0,5,1.57,1.56,1.53,0.59,0.0,0.0,0.0,0.0,1.44,0.57,1.38
<5,male,Married,1.37,1.39,1.59,1.94,2,3.24,5.0,4.54,5.0,5,1.57,1.55,1.53,0.58,0.0,0.0,0.0,0.51,0.52,0.57,1.38
<5,female,Married,1.38,1.39,1.59,1.95,2,3.24,5.0,3.93,5.0,5,1.56,1.56,1.52,0.58,0.0,0.0,0.0,0.0,,0.57,1.39
<5,female,Married,1.39,1.4,1.59,1.96,2,3.24,5.0,4.53,5.0,5,1.56,1.55,1.52,0.53,0.0,0.0,0.0,0.0,0.52,1.09,1.4
<5,male,Married,1.39,1.41,1.6,1.96,2,3.24,5.0,3.91,5.0,5,1.56,1.55,1.51,0.6,0.0,0.0,,0.6,0.52,1.03,1.41
5-10,male,Married,1.4,1.41,1.45,1.96,2,3.24,5.0,3.9,5.0,5,1.57,1.54,1.51,0.64,0.0,0.0,0.0,0.0,0.52,1.03,1.42
5-10,male,Married,1.41,1.42,1.45,1.97,2,3.24,3.26,3.89,5.0,5,1.57,1.53,1.5,0.68,,0.0,0.0,0.57,0.52,1.04,1.42
<5,female,Married,1.42,1.43,1.45,1.98,2,3.24,5.0,3.88,3.89,5,1.56,1.52,1.49,0.67,0.0,0.0,0.0,0.51,0.52,0.57,1.44
<5,male,Married,1.43,1.43,1.46,1.98,2,3.24,3.25,3.88,3.88,5,1.55,1.51,1.49,0.52,0.0,0.0,0.0,0.51,0.52,0.57,1.44
<5,male,Married,1.44,1.44,1.46,1.99,2,3.24,3.24,3.87,3.87,5,1.55,1.5,1.48,0.52,0.0,0.0,0.0,0.51,0.68,0.56,1.45
<5,female,Married,1.45,1.45,1.47,2.02,2,3.24,3.24,3.87,3.86,5,1.54,1.49,1.48,0.52,0.0,0.0,0.0,0.51,0.69,0.57,1.47
<5,?,Married,1.46,1.46,1.48,2.58,2,3.24,3.23,3.86,3.85,5,1.53,1.49,1.47,0.52,0.0,0.0,0.0,0.51,0.66,0.57,1.47
<5,male,Married,1.47,1.47,1.49,2.59,2,3.23,3.23,5.0,3.85,5,1.52,1.48,1.51,0.53,0.0,,0.0,0.51,0.71,0.98,1.49
<5,male,Married,1.48,1.48,1.5,2.59,2,3.23,3.23,5.0,3.84,5,1.52,1.46,1.46,0.53,0.54,0.0,0.0,0.0,0.73,0.99,1.22
<5,female,Married,1.49,1.49,1.51,2.6,2,3.26,3.23,5.0,3.83,5,1.5,1.45,1.45,0.53,0.55,,0.0,0.0,0.68,0.57,1.22
<5,?,Single,1.5,1.5,1.51,1.55,2,3.23,3.23,4.49,3.83,5,5.0,1.45,1.44,0.54,0.56,0.0,0.0,0.5,0.69,1.01,1.23
<5,?,Single,1.51,1.51,1.52,2.61,2,3.23,3.22,3.83,3.83,5,5.0,1.47,1.43,0.54,0.56,0.5,0.0,0.0,1.58,0.57,1.24
<5,female,Married,1.52,1.52,1.53,1.56,2,3.23,3.22,4.47,3.82,5,5.0,1.43,1.43,0.54,0.57,0.0,0.0,,0.71,0.58,1.25
<5,female,Married,1.53,1.53,1.54,2.04,2,3.24,3.24,4.48,3.82,5,5.0,1.45,1.45,0.72,0.52,0.0,0.0,0.5,1.6,1.01,1.26
<5,female,Married,1.54,1.54,1.55,1.59,2,3.28,3.22,4.47,3.8,5,5.0,1.44,1.41,0.73,0.52,0.5,0.0,0.51,1.62,1.02,1.27
<5,male,Married,1.55,1.55,1.56,5.0,2,3.28,3.22,4.47,3.79,5,5.0,1.43,1.4,0.71,0.52,0.51,0.0,0.51,1.64,1.29,1.27
<5,female,Single,1.56,1.55,1.57,1.59,2,3.28,3.21,5.0,3.78,5,2.09,1.42,1.4,0.73,0.52,0.51,0.0,0.51,1.65,1.29,1.28
<5,,Single,1.32,1.56,1.57,1.6,2,3.28,3.21,5.0,3.78,5,2.08,1.41,1.41,0.71,0.53,0.51,0.5,0.51,1.66,1.05,1.29
<5,male,Married,1.32,1.57,1.59,1.61,2,3.28,3.2,5.0,3.77,5,2.07,1.4,1.39,0.71,0.53,0.51,0.51,0.51,0.72,1.32,1.3
<5,male,Married,1.33,1.59,1.6,1.62,2,3.28,3.2,5.0,3.76,5,2.06,1.39,1.38,,0.53,0.52,0.51,0.52,0.65,1.07,1.31
<5,male,Married,1.35,,1.61,1.63,2,3.27,3.2,5.0,3.75,5,2.04,1.38,1.36,0.71,0.54,0.52,0.51,0.52,0.72,0.89,1.33
<5,female,Single,1.36,1.61,1.62,1.65,2,3.27,3.19,5.0,3.73,5,2.03,1.36,1.35,0.71,0.54,0.53,0.52,0.53,0.69,0.9,1.34
<5,male,Single,1.38,1.63,1.64,1.66,2,3.27,3.19,5.0,3.72,5,2.01,1.35,1.34,0.71,0.55,0.53,0.52,0.53,0.7,0.91,1.36
<5,female,Married,1.39,1.65,1.66,1.68,2,3.27,3.18,3.21,3.71,5,1.99,1.33,1.32,0.71,0.55,0.54,0.53,0.53,0.66,0.93,1.38
<5,male,Married,1.41,1.66,1.67,1.69,2,3.27,3.18,5.0,3.69,5,1.98,5.0,1.31,1.33,0.56,0.54,0.53,0.54,0.69,0.94,1.39
<5,male,Married,1.42,1.68,1.69,1.71,2,3.26,3.17,5.0,3.68,5,1.96,5.0,1.29,1.3,0.57,0.54,0.54,0.55,0.68,0.96,1.41
<5,female,Married,1.44,1.7,1.71,1.73,2,3.26,3.16,5.0,3.67,5,1.94,5.0,1.27,1.31,0.57,0.55,0.55,0.55,0.71,0.98,1.43
<5,female,Married,1.46,1.72,1.73,1.75,2,3.26,3.16,4.4,3.65,5,1.92,5.0,1.25,1.3,0.58,0.56,0.55,0.56,0.72,1.0,1.45
<5,female,Married,1.48,1.73,1.74,1.77,2,3.26,3.15,3.17,3.64,5,1.9,5.0,1.23,0.7,0.59,0.57,0.56,0.57,0.73,1.02,1.47
<5,male,Married,1.5,1.75,1.76,1.78,2,3.26,3.14,4.38,3.62,5,1.88,5.0,1.21,0.86,0.6,0.57,0.57,0.58,0.76,1.82,1.49
<5,female,Married,1.52,1.77,1.78,1.8,2,3.29,3.14,5.0,3.61,5,1.86,5.0,1.2,0.64,0.61,0.58,0.57,0.58,0.72,5.0,1.5
<5,female,Married,1.54,1.79,1.8,1.82,2,3.26,3.13,4.37,3.6,5,1.84,5.0,1.18,0.85,0.61,0.59,0.58,0.59,5.0,1.84,1.53
<5,female,Married,1.55,1.81,1.82,1.84,2,3.26,3.12,4.35,3.58,5,1.82,5.0,1.13,0.83,0.62,,0.59,0.59,2.82,0.93,1.54
<5,female,Married,1.57,1.83,1.84,5.0,2,3.25,3.12,4.34,3.57,5,1.8,5.0,1.11,0.83,0.62,0.6,0.59,0.6,,0.95,1.56
<5,female,Married,1.59,1.85,1.86,2.85,3,3.25,3.11,4.32,3.56,5,1.78,1.6,1.08,0.82,0.63,0.61,0.6,0.61,0.77,0.97,1.58
<5,female,Married,1.61,1.87,1.88,2.86,3,3.25,3.1,5.0,3.54,5,1.76,5.0,1.06,,0.64,0.61,0.61,0.61,2.86,0.99,1.6
,female,Married,1.89,1.89,1.9,2.87,3,3.25,3.1,5.0,3.52,5,1.74,5.0,1.04,0.93,0.65,0.62,0.62,0.62,2.87,1.01,1.59
<5,male,Married,1.66,1.91,1.92,1.94,2,3.25,3.09,5.0,3.51,5,1.72,5.0,1.02,1.13,0.65,0.63,0.62,0.63,2.88,1.96,1.61
<5,female,Married,1.93,1.92,1.94,1.97,3,3.25,3.08,3.1,3.49,5,1.7,5.0,1.0,1.12,0.66,0.64,0.63,0.64,2.9,1.99,1.57
<5,male,Married,1.95,1.94,1.96,2.92,3,3.1,3.07,3.1,3.48,5,1.67,5.0,0.99,0.9,0.67,0.65,0.64,0.65,0.78,2.01,1.59
<5,male,Married,1.97,1.96,1.98,2.0,3,3.24,3.07,5.0,3.46,5,1.66,5.0,0.97,1.1,0.68,0.65,0.65,0.65,2.93,2.02,1.58
<5,male,Married,1.99,1.98,2.13,5.0,3,3.24,3.06,3.08,3.45,5,1.63,5.0,0.95,1.09,0.69,0.66,0.66,0.66,2.94,1.69,1.63
<5,,Married,2.01,2.0,2.02,2.96,3,3.24,3.05,5.0,3.43,5,1.62,5.0,0.93,1.08,0.69,0.67,0.66,0.67,2.95,5.0,1.62
<5,female,Married,2.03,2.02,2.03,2.97,3,3.08,3.04,4.24,3.42,5,1.59,5.0,0.91,1.08,0.7,0.68,0.67,0.68,2.97,0.74,1.56
<5,male,Married,2.05,2.04,2.05,2.98,3,3.24,3.04,4.23,3.43,5,1.57,5.0,0.9,1.07,0.71,0.68,0.68,0.69,2.98,5.0,1.57
<5,male,Married,2.06,2.06,2.07,2.99,3,3.06,3.03,3.06,3.4,5,1.55,5.0,0.89,1.06,0.71,0.7,,0.69,2.99,2.11,1.56
<5,?,Single,2.08,2.07,2.09,3.01,5,3.24,3.02,4.21,3.38,5,1.54,5.0,5.0,1.05,,0.7,0.68,0.7,3.0,2.14,1.61
<5,female,Married,2.1,2.09,2.11,5.0,3,3.24,3.01,4.2,5.0,5,1.52,5.0,5.0,1.04,0.74,0.71,0.68,0.71,3.02,2.15,1.63
5-10,?,Married,2.12,2.11,2.13,5.0,3,3.23,3.01,4.19,5.0,5,1.5,5.0,5.0,1.04,0.72,0.69,0.69,0.71,3.03,2.17,1.65
5-10,male,Married,2.14,2.13,2.14,5.0,3,3.23,3.0,3.02,5.0,4.09,1.48,5.0,4.28,1.03,0.72,0.7,0.69,0.73,3.04,,1.67
>10,female,Married,2.15,2.14,2.17,5.0,3,3.23,2.99,4.18,5.0,4.05,1.46,5.0,5.0,1.02,0.74,0.7,0.69,0.72,3.05,2.2,1.71
>10,male,Single,2.17,2.16,2.31,5.0,5,3.23,2.99,4.17,3.32,5,1.45,5.0,5.0,0.89,0.73,0.71,0.7,0.72,3.07,1.16,1.69
>10,male,Single,2.18,2.17,2.31,5.0,5,3.01,2.98,3.0,3.3,4.04,1.43,5.0,5.0,0.87,0.83,0.72,0.71,0.72,3.08,0.81,1.7
<5,male,Single,2.2,6.1,2.32,5.0,5,3.0,2.98,3.0,3.3,4.03,1.41,5.0,5.0,0.86,0.84,0.72,0.71,0.72,3.08,1.18,1.71
<5,female,Single,1.98,2.2,2.33,5.0,4,2.99,2.97,4.16,3.29,4.03,1.41,5.0,5.0,0.85,0.84,0.73,0.72,0.73,3.1,1.21,1.73
<5,male,Single,2.22,2.22,2.34,5.0,3,2.99,2.97,4.19,3.27,4.02,1.39,5.0,5.0,0.85,0.83,0.73,0.72,0.73,3.11,0.81,1.74
<5,male,Single,2.02,2.23,2.35,5.0,3,3.24,2.96,3.28,3.26,4.01,1.38,5.0,1.19,,0.84,0.74,0.73,0.74,5.0,2.28,1.76
<5,female,Single,2.03,2.25,5.0,5.0,5,3.24,2.96,3.25,3.25,4.01,1.36,5.0,1.17,0.83,0.83,0.75,0.73,0.74,4.2,2.31,1.77
<5,male,Single,2.04,2.26,5.0,5.0,5,3.24,2.95,3.26,3.24,4,1.34,5.0,1.15,0.82,0.84,,0.74,0.75,5.0,5.0,1.67
<5,female,Single,2.05,2.28,5.0,5.0,4,3.24,2.94,3.23,3.23,4,1.32,5.0,1.13,0.82,0.98,0.76,0.75,0.76,5.0,5.0,1.7
<5,female,Single,2.07,2.29,2.4,5.0,5,3.24,2.94,4.13,3.22,3.99,1.31,5.0,1.11,0.82,0.98,0.77,0.76,0.77,5.0,5.0,1.71
<5,male,Single,2.08,2.31,2.43,5.0,5,3.24,2.93,4.13,3.2,3.99,1.29,,1.09,0.97,0.97,0.8,0.77,0.78,5.0,5.0,1.58
<5,female,Single,2.1,2.33,2.44,,5,3.24,2.92,3.6,3.22,3.98,1.11,1.1,1.08,0.94,,0.8,0.77,4.21,4.22,5.0,1.6
<5,?,Single,2.12,2.35,2.47,5.0,5,3.24,2.92,4.12,3.16,3.97,1.09,5.0,1.06,0.89,0.8,,0.78,0.79,4.22,5.0,2.13
<5,female,Married,2.14,2.36,2.47,5.0,5,3.24,2.91,4.12,3.15,3.97,1.08,5.0,1.04,0.89,0.8,0.8,0.78,0.8,4.23,5.0,5.0
<5,?,Married,2.14,2.37,5.0,5.0,5,3.24,2.91,2.96,3.15,3.97,1.08,1.06,1.04,0.92,0.79,0.8,0.78,0.79,0.81,1.18,1.56
5-10,male,Single,2.14,2.37,2.41,5.0,5,3.24,2.91,2.92,2.93,2.05,1.08,5.0,1.04,0.87,0.78,0.79,0.77,0.79,0.82,5.0,1.55
5-10,,Single,1.95,2.4,2.39,5.0,5,3.24,2.92,2.92,2.93,2.05,4.88,5.0,1.04,0.87,0.78,0.78,0.77,0.79,0.81,1.09,1.46
5-10,male,Single,1.95,2.37,2.37,5.0,5,3.24,2.92,2.92,2.93,2.06,3.98,5.0,1.04,0.87,0.78,0.79,0.77,0.79,0.8,5.0,1.46
5-10,male,Single,2.13,2.37,2.37,5.0,5,3.24,2.92,2.92,2.93,3.97,3.98,5.0,1.04,0.89,0.78,0.79,0.77,0.79,0.81,1.09,1.55
5-10,male,Single,1.95,2.37,2.37,5.0,5,3.24,2.91,2.91,2.93,2.05,3.99,,1.04,0.88,0.78,0.79,0.77,0.79,0.81,5.0,1.46
5-10,female,Married,1.95,2.38,2.38,5.0,5,3.24,2.91,2.92,2.93,2.05,4.88,5.0,1.04,0.87,0.78,0.79,0.77,,0.81,5.0,1.46
5-10,female,Single,1.96,2.38,2.38,5.0,5,3.24,2.91,2.92,2.93,2.04,4.88,5.0,1.04,0.94,0.78,0.79,0.77,0.79,4.23,5.0,1.55
5-10,female,Married,1.96,,2.38,5.0,5,3.24,2.91,2.92,2.93,2.04,4.88,5.0,1.03,0.88,0.78,0.79,0.78,0.79,0.81,5.0,1.56
5-10,,Married,1.96,2.38,2.38,5.0,5,3.24,2.91,2.91,2.93,2.04,4.87,5.0,1.03,0.87,0.78,0.79,0.78,0.79,0.81,5.0,1.55
5-10,male,Single,2.15,2.38,2.38,5.0,5,3.24,2.91,2.91,2.93,2.04,1.08,,1.03,0.92,0.78,0.79,0.78,,0.81,5.0,1.56
5-10,male,Single,1.96,2.38,2.42,5.0,5,3.24,2.91,2.91,2.93,2.04,4.87,5.0,1.03,0.88,0.78,0.79,0.78,0.79,4.23,5.0,1.56
5-10,female,Single,1.88,2.38,2.39,5.0,5,3.24,2.91,2.91,2.93,2.04,4.88,5.0,1.03,0.92,0.78,0.79,0.78,0.8,4.23,,1.56
5-10,male,Single,1.97,2.39,2.39,5.0,5,3.24,2.91,2.91,2.93,2.03,4.87,5.0,1.03,0.88,0.78,0.79,0.78,0.8,0.81,5.0,1.56
5-10,male,Married,1.97,2.39,2.39,5.0,5,3.24,2.91,2.91,2.92,2.04,4.87,5.0,1.03,0.92,0.78,0.79,0.78,0.79,4.23,5.0,1.57
5-10,,Single,2.16,2.39,2.39,5.0,5,3.24,2.91,2.91,2.92,2.03,4.87,5.0,1.03,0.92,0.78,0.83,0.78,0.8,4.23,5.0,1.57
5-10,female,Single,1.89,2.39,2.41,5.0,5,3.24,2.91,2.91,2.92,2.03,4.86,,1.02,0.93,0.78,0.79,0.78,0.79,4.23,5.0,1.57
5-10,female,Married,1.98,,2.45,5.0,5,3.24,2.91,2.91,2.92,2.02,1.06,5.0,1.02,0.94,0.78,,0.78,0.79,4.23,5.0,1.57
5-10,female,Single,1.98,2.46,2.45,5.0,5,3.24,2.9,2.9,2.92,2.02,4.85,5.0,1.02,0.93,0.78,0.8,0.78,0.8,0.82,5.0,1.58
5-10,female,Single,1.91,2.47,2.43,5.0,5,3.24,2.9,2.9,2.92,2.01,3.97,5.0,1.01,0.93,0.78,0.8,0.79,0.8,4.24,1.78,1.59
5-10,female,Single,1.92,2.49,2.44,5.0,5,3.24,2.89,2.89,2.91,2,3.96,5.0,1.0,,0.78,0.8,0.79,0.8,0.83,5.0,1.6
5-10,?,Single,2.02,2.5,2.45,5.0,5,3.24,2.89,2.89,2.9,1.99,3.95,1.03,0.98,0.93,0.78,0.81,0.8,0.81,0.84,1.16,5.0
>10,male,Single,2.21,2.52,2.46,5.0,5,3.24,2.88,2.88,2.89,1.98,4.81,5.0,0.97,0.92,0.78,0.82,0.8,0.82,0.84,1.74,5.0
<5,male,Single,2.23,5.0,2.47,5.0,5,3.24,2.87,2.87,2.89,1.96,3.95,,0.96,0.92,0.91,0.83,0.81,0.83,0.85,1.79,5.0
<5,female,Single,2.25,2.55,2.48,2.5,5,3.24,2.86,2.86,2.88,1.96,3.93,0.99,0.95,0.92,,0.84,0.82,0.84,0.87,1.8,5.0
<5,male,Single,2.26,2.51,2.49,2.51,5,3.24,2.85,2.85,2.87,1.93,4.75,0.97,0.93,0.92,0.79,0.79,0.82,0.85,0.87,5.0,1.47
<5,male,Single,2.28,2.52,2.51,2.52,5,3.24,2.84,2.84,2.86,1.91,3.92,0.96,0.91,0.91,0.9,0.78,0.83,0.86,0.88,5.0,1.48
<5,male,Single,2.3,2.53,2.52,2.54,3,3.24,2.83,2.83,2.85,1.9,3.92,0.95,0.9,0.91,0.88,0.78,0.84,0.85,0.89,5.0,1.55
<5,male,Single,2.32,2.55,2.54,2.56,3,3.23,2.82,2.82,2.83,1.88,4.69,5.0,0.88,0.93,0.88,0.78,0.85,0.86,0.9,5.0,1.57
<5,male,Single,2.34,2.56,2.56,2.58,3,3.23,2.81,2.81,2.83,3.9,4.68,0.91,0.86,0.91,0.82,0.78,0.86,0.86,0.92,5.0,1.57
<5,female,Single,2.36,2.58,2.57,2.59,3,3.23,2.8,2.8,2.82,3.88,3.88,0.89,0.84,0.91,0.81,0.78,0.87,0.87,4.3,5.0,1.56
<5,female,Single,2.38,2.59,2.59,2.61,3,3.23,2.79,2.79,2.8,2.19,3.87,0.88,0.83,0.91,0.81,0.78,0.88,0.88,0.93,5.0,1.64
<5,,Single,2.4,2.61,2.61,2.62,3,3.23,2.78,2.78,2.8,2.19,3.86,0.88,0.81,0.91,0.8,0.79,0.9,0.89,0.95,1.27,1.61
<5,male,Single,2.41,2.62,2.62,2.63,3,3.23,2.78,2.78,2.79,2.17,3.85,0.86,0.8,0.91,0.81,0.79,0.91,0.9,0.93,1.28,1.62
<5,male,Single,2.42,2.63,2.62,2.64,5,3.23,2.78,2.77,2.79,1.79,3.85,0.96,0.82,0.0,0.81,0.79,0.9,0.9,0.91,1.19,5.0
<5,male,Single,2.11,2.63,2.62,2.64,3,3.23,2.8,2.78,2.79,1.79,3.85,0.85,0.85,0.0,0.89,0.79,0.9,0.89,0.91,1.19,1.62
<5,female,Single,2.11,2.63,2.62,2.63,3,3.23,3.25,2.78,2.79,1.8,3.85,0.95,0.84,0.0,0.89,0.79,0.91,0.89,0.91,1.19,1.62
<5,female,Single,2.11,2.63,2.62,2.63,3,3.23,2.81,2.78,2.79,1.8,3.85,0.96,5.0,0.0,0.89,0.79,0.91,0.89,0.91,1.95,1.62
<5,female,Single,2.1,5.0,2.62,2.63,3,3.23,2.81,2.78,2.79,3.87,3.85,0.96,0.8,0.0,0.89,0.89,0.91,0.89,0.91,1.18,1.51
<5,?,Married,2.11,5.0,2.62,2.63,5,3.23,2.81,2.78,2.79,1.8,3.85,0.96,0.8,0.0,0.9,0.89,0.91,0.89,0.91,5.0,0.96
<5,female,Married,2.11,5.0,2.62,2.63,5,3.23,2.81,2.78,2.79,1.79,3.85,0.96,0.8,0.0,0.89,0.89,0.91,0.89,0.9,,0.96
<5,male,Married,2.1,5.0,2.62,2.63,5,3.24,2.81,2.78,2.79,1.8,3.86,0.96,0.8,0.0,0.89,0.89,0.9,0.89,0.9,0.94,0.95
<5,male,Married,2.1,5.0,2.62,2.63,5,3.24,2.81,2.78,2.8,1.8,3.86,0.96,0.8,0.0,,0.89,0.9,0.89,0.9,4.33,0.96
<5,male,Married,2.1,5.0,2.62,2.63,5,3.24,2.81,2.78,2.79,1.8,3.86,0.82,0.8,0.0,0.89,0.89,0.9,0.89,0.9,1.19,0.95
<5,male,Married,2.1,5.0,2.62,2.63,5,3.24,2.8,2.78,2.81,1.8,3.86,0.82,0.8,0.0,0.89,0.89,0.89,0.89,0.9,0.93,0.95
<5,?,Married,2.1,5.0,2.62,2.63,5,3.24,2.82,2.78,2.81,1.79,3.86,,0.8,0.0,0.89,0.89,0.9,0.89,0.9,0.93,0.95
<5,female,Single,1.93,5.0,2.62,2.63,5,3.24,2.79,2.78,2.81,1.8,3.85,0.82,0.8,0.0,0.89,0.88,0.79,0.89,0.9,0.92,0.95
<5,male,Single,2.0,2.86,2.62,2.63,5,3.24,2.79,2.78,2.8,1.8,3.85,0.83,0.8,0.0,0.89,0.87,0.79,0.89,0.9,0.92,0.95
<5,male,Married,1.92,2.42,2.62,2.63,5,3.24,2.79,2.78,2.79,1.8,3.86,0.96,0.8,,0.89,0.85,0.78,0.89,0.9,4.32,5.0
<5,female,Married,1.66,2.42,2.62,5.0,5,3.25,2.79,2.79,2.8,1.8,3.86,0.96,0.8,0.0,0.89,0.8,0.78,0.88,0.92,4.31,5.0
<5,female,Married,1.61,2.42,2.62,2.64,5,3.25,2.8,2.79,2.79,2.98,3.86,5.0,0.8,0.81,0.9,0.85,0.77,0.88,0.9,4.31,5.0
<5,female,Married,1.61,2.42,2.62,2.64,5,3.25,2.8,2.79,2.79,2.97,0.88,3.88,0.81,3.34,0.89,0.79,0.77,0.88,0.89,0.95,1.28
<5,male,Single,1.6,2.42,2.63,2.63,5,3.25,2.81,2.79,2.79,2.99,3.86,3.87,0.81,3.34,0.93,0.79,0.77,0.89,0.89,0.9,5.0
<5,female,Married,1.5,2.42,2.64,2.63,3,3.26,3.25,2.8,2.79,2.8,0.89,3.87,5.0,0.8,0.89,0.88,0.77,0.89,0.88,0.9,5.0
<5,male,Single,0.95,2.42,2.64,2.63,3,3.26,3.25,2.8,2.79,2.8,1.8,3.87,5.0,0.79,0.0,0.87,0.77,0.89,0.88,0.89,5.0
<5,female,Single,0.94,2.42,2.65,2.63,3,3.87,3.25,2.81,2.79,2.8,1.8,3.87,5.0,0.79,0.0,0.88,0.77,0.88,0.88,0.89,5.0
<5,male,Single,0.94,2.42,2.88,2.63,3,3.87,3.25,2.81,2.79,2.81,1.8,3.87,0.95,0.78,0.0,,0.87,0.91,0.88,0.89,0.92
<5,female,Single,1.29,2.43,5.0,2.63,3,3.28,3.26,2.81,2.79,2.81,1.8,3.87,0.95,0.78,0.0,0.88,0.85,0.88,0.87,0.88,0.92
<5,male,Single,1.28,2.43,2.43,2.64,5,2.15,3.26,2.81,2.8,2.99,1.8,3.87,5.0,0.78,0.0,0.88,0.78,0.87,0.87,0.89,4.32
<5,female,Single,1.29,5.0,2.43,2.63,5,3.28,3.27,3.27,2.8,2.8,1.8,,5.0,0.78,0.89,0.87,0.78,0.76,0.88,0.88,4.33
<5,female,Single,0.97,1.74,2.43,2.64,3,5.0,3.27,3.27,2.8,2.8,2.17,,3.88,0.77,0.91,0.87,0.77,0.75,0.88,0.88,4.32
<5,female,Single,0.97,1.62,2.43,2.66,3,5.0,3.27,2.82,2.8,2.8,1.81,1.81,5.0,0.77,0.89,0.87,0.86,0.75,0.88,0.88,1.91
<5,male,Single,1.16,1.65,2.43,2.65,3,5.0,3.27,3.27,2.82,2.8,2.82,,3.88,0.76,0.78,0.87,0.86,,0.87,0.87,0.89
>10,male,Single,1.2,0.94,2.43,2.72,3,5.0,3.27,3.27,3.29,2.8,2.81,1.8,0.82,0.76,0.77,0.0,0.86,0.75,0.87,0.87,0.88
>10,female,Single,0.9,0.93,2.17,5.0,3,5.0,2.38,3.27,2.81,2.8,2.81,1.8,3.88,0.76,0.77,0.0,0.85,0.76,0.86,0.87,0.88
<5,female,Single,0.9,5.0,2.07,2.73,3,5.0,3.29,3.28,2.81,2.8,2.81,1.8,5.0,0.76,0.76,,0.86,0.85,0.76,0.87,0.88
<5,male,Single,0.9,5.0,1.94,2.44,3,5.0,3.29,3.28,2.81,2.8,2.97,1.8,5.0,0.75,0.76,0.0,0.85,0.82,0.75,0.87,0.9
<5,female,Single,0.9,5.0,1.63,2.44,3,5.0,2.17,3.28,2.82,2.8,2.81,1.8,3.88,0.75,0.76,0.87,0.85,0.76,0.74,0.87,0.88
<5,male,Single,0.94,5.0,1.63,2.44,3,5.0,2.17,3.28,2.82,2.8,2.81,1.8,3.88,0.75,0.76,0.87,0.86,0.76,0.74,0.87,0.91
<5,female,Single,0.92,5.0,1.63,2.44,3,5.0,2.17,3.28,2.82,2.8,2.81,1.8,3.88,0.75,0.77,0.87,0.85,0.81,0.74,0.87,0.88
<5,female,Single,0.93,5.0,1.63,2.44,3,5.0,2.17,3.28,2.82,2.8,2.81,1.8,3.88,0.75,,0.88,0.86,0.81,0.74,0.87,0.91
<5,male,Single,0.93,5.0,1.63,2.44,3,5.0,2.17,3.28,2.82,2.8,2.81,1.8,3.87,0.75,0.76,0.88,0.86,0.81,0.75,0.87,0.91
<5,female,Single,0.94,5.0,1.63,2.45,3,5.0,2.17,3.28,2.82,2.8,2.81,1.8,3.87,0.75,0.76,0.88,0.86,0.76,0.75,0.87,0.91
<5,female,Single,4.33,5.0,1.64,2.45,3,5.0,2.16,3.27,2.81,2.8,2.8,1.79,3.87,0.75,0.77,,0.86,0.76,0.75,0.88,0.91
<5,male,Single,0.93,5.0,2.47,2.46,3,5.0,3.27,3.27,2.8,2.79,2.79,1.79,3.86,0.75,1.34,0.88,0.87,0.82,0.76,0.89,0.92
<5,female,Single,0.93,5.0,2.47,2.46,3,5.0,3.27,3.26,2.79,2.78,2.78,1.77,3.85,0.74,0.75,0.78,0.87,0.83,0.77,,0.92
<5,female,Single,1.15,5.0,2.48,2.47,3,5.0,3.26,3.25,2.77,2.76,2.77,1.76,3.85,0.74,0.75,0.76,0.88,0.79,0.78,0.91,0.94
>10,male,Single,1.17,5.0,2.49,2.48,3,5.0,3.25,3.24,2.76,2.75,2.75,1.74,3.83,0.73,,0.76,0.89,0.85,0.79,0.92,0.97
>10,male,Single,0.99,5.0,2.5,,3,5.0,3.24,3.23,2.75,2.73,2.74,1.73,3.82,0.73,0.74,0.76,0.0,0.82,0.8,0.92,0.95
>10,male,Single,0.97,5.0,2.51,2.51,3,5.0,2.78,3.22,2.73,2.71,2.72,1.71,3.81,0.72,0.73,0.76,0.0,0.82,0.82,0.93,0.99
>10,female,Single,0.99,5.0,2.52,2.52,3,5.0,3.21,3.21,2.72,2.69,2.7,1.69,3.8,0.72,,0.74,0.0,0.83,0.83,0.93,0.99
>10,male,Single,0.99,5.0,2.54,2.54,3,5.0,2.12,3.19,2.7,2.68,2.68,2.82,3.78,,0.73,,0.0,0.85,0.85,0.95,0.98
>10,female,Single,1.01,5.0,2.55,2.55,3,5.0,3.19,3.18,2.68,2.66,2.66,2.09,2.83,0.7,0.71,0.73,0.0,0.87,0.87,0.96,1.02
>10,?,Single,1.01,5.0,2.56,2.56,3,5.0,3.18,3.17,2.66,2.64,2.65,2.78,2.8,0.7,0.7,0.72,0.0,0.96,0.96,0.97,1.01
>10,male,Single,1.03,1.28,2.58,2.58,3,5.0,3.17,3.16,2.64,2.63,2.63,2.77,3.74,0.69,0.7,0.72,0.74,0.97,0.97,0.98,1.01
>10,female,Single,1.04,1.28,2.59,2.59,3,5.0,2.16,3.15,2.62,2.61,2.61,2.75,3.73,0.69,0.69,0.71,0.74,0.99,0.98,1.0,1.02
>10,female,Single,1.05,1.29,2.6,2.6,3,5.0,2.15,3.14,2.61,2.59,2.6,2.74,3.72,0.68,0.69,0.71,0.73,,0.99,1.01,1.08
>10,male,Single,1.06,1.31,2.61,2.61,3,5.0,2.18,3.13,2.6,2.58,2.58,,2.73,0.68,0.68,,3.18,1.01,1.01,1.02,1.1
>10,male,Single,1.08,,2.63,2.63,3,5.0,2.15,3.12,2.58,2.56,2.57,2.71,2.72,0.67,0.68,,0.72,0.0,1.02,1.03,1.05
>10,female,Single,1.14,1.32,2.64,2.64,3,5.0,3.12,3.11,2.57,2.55,2.57,2.57,5.0,0.67,0.67,0.69,0.0,0.0,1.03,1.04,1.06
>10,female,Single,1.15,1.33,2.65,2.65,3,5.0,3.1,3.1,2.56,2.54,2.54,2.68,2.7,0.67,0.67,0.68,0.0,0.0,1.04,1.05,1.07
>10,female,Single,1.1,1.34,2.66,2.66,3,5.0,3.1,3.09,2.54,2.52,2.55,2.55,5.0,0.66,0.66,0.68,3.16,0.0,1.05,,1.08
>10,male,Single,1.11,1.63,2.67,2.67,3,5.0,3.09,3.08,2.53,2.51,2.52,2.53,2.66,0.66,0.66,0.68,3.16,0.0,1.06,1.07,1.1
<5,male,Single,1.13,1.17,2.68,2.68,3,5.0,3.08,3.07,2.51,2.5,2.5,2.51,3.66,0.65,0.65,,0.7,0.0,1.08,1.08,1.18
>10,female,Single,1.14,1.61,2.69,2.69,3,5.0,2.22,3.06,2.5,2.48,2.48,2.5,5.0,0.65,0.65,0.67,3.15,0.0,1.06,1.04,1.2
>10,female,Single,1.15,1.19,1.29,2.7,3,5.0,2.19,3.05,2.48,2.47,2.47,2.48,5.0,0.64,0.65,0.66,0.56,0.51,1.02,1.05,1.21
>10,male,Single,1.24,1.64,1.31,2.71,3,5.0,2.06,3.04,3.04,2.45,2.45,2.47,5.0,0.64,0.64,0.65,0.69,0.54,1.03,1.06,1.23
>10,male,Single,1.25,1.66,1.32,2.73,3,5.0,2.06,3.03,3.03,2.44,2.44,2.45,1.98,0.64,0.63,0.65,0.68,0.54,0.58,1.07,1.24
>10,male,Single,1.27,1.67,1.32,2.74,3,5.0,2.14,3.02,2.45,2.42,2.42,2.43,1.41,0.63,,0.65,0.67,0.54,0.58,1.09,1.18
>10,,Single,1.28,1.69,1.34,2.75,3,5.0,2.48,,3.01,2.41,2.4,2.42,1.97,0.63,0.63,0.64,0.61,0.56,0.56,1.1,1.18
>10,male,Single,1.3,1.71,1.35,2.76,3,5.0,2.46,3.0,3.01,2.4,2.39,2.4,1.97,0.62,0.62,0.63,0.67,0.57,0.57,1.12,1.18
<5,female,Single,1.31,1.36,1.36,2.77,3,5.0,3.0,2.99,3.0,2.38,2.37,2.39,2.55,0.62,0.62,0.63,0.64,0.58,0.58,1.13,1.2
>10,male,Single,1.24,1.27,1.38,2.78,3,5.0,2.16,2.98,2.99,2.37,2.36,2.37,2.54,0.62,0.62,0.63,0.66,0.59,0.59,0.61,1.21
>10,female,Single,1.25,1.28,1.4,2.8,3,5.0,2.14,2.97,2.97,2.35,2.34,2.35,1.33,0.61,0.61,0.62,0.66,0.61,0.6,0.62,1.22
>10,male,Single,1.37,1.3,1.41,2.81,3,5.0,2.14,2.96,2.96,2.34,2.32,2.34,1.31,0.61,0.61,0.62,0.66,0.62,0.61,0.63,1.24
>10,female,Single,,1.41,1.43,2.82,3,5.0,2.13,2.95,2.95,2.32,2.3,2.32,1.29,0.6,0.6,0.61,0.64,0.64,0.63,0.63,1.25
5-10,male,Single,1.4,1.42,1.45,2.86,3,5.0,2.13,2.94,2.94,2.3,2.29,2.3,1.28,0.6,0.6,0.61,0.66,0.65,0.64,0.65,0.68
>10,?,Single,1.42,1.44,1.46,4.02,3,5.0,2.15,2.92,2.93,2.28,2.27,2.28,1.27,0.6,0.59,0.61,0.67,0.66,0.65,0.66,0.69
5-10,male,Single,1.43,1.46,1.49,4.03,3,5.0,2.13,2.91,2.92,2.26,2.25,2.27,1.25,0.59,0.59,0.6,0.63,0.67,0.66,0.67,0.7
>10,male,Single,1.45,1.48,5.0,4.04,3,5.0,2.91,2.9,2.91,2.25,2.24,2.25,1.23,0.59,0.58,,0.7,0.66,0.68,0.69,0.71
>10,male,Single,0.75,5.0,5.0,3.33,3,5.0,2.2,2.89,2.91,2.23,2.22,2.23,1.23,0.58,0.58,0.59,0.67,0.69,0.69,0.7,0.73
>10,?,Single,0.77,5.0,5.0,3.35,5,5.0,2.11,2.88,2.89,5,2.2,2.22,2.23,,0.58,0.59,0.71,0.71,0.7,0.71,1.34
>10,female,Single,1.5,5.0,5.0,4.05,5,5.0,2.1,2.87,2.87,5,2.18,2.2,2.21,0.58,0.57,0.59,0.61,0.72,0.72,0.73,0.75
>10,male,Single,0.8,5.0,5.0,4.07,5,5.0,2.02,2.85,2.86,5,2.16,2.18,2.2,0.57,0.57,0.58,0.6,0.65,0.73,0.74,0.77
>10,female,Single,0.8,5.0,5.0,5.0,4,5.0,2.15,2.84,2.85,5,2.14,2.16,1.16,0.57,0.56,0.58,1.64,0.75,0.75,0.75,0.78
5-10,female,Single,0.82,5.0,5.0,4.08,4,5.0,2.13,2.83,2.83,5,2.13,2.14,2.16,0.56,0.56,0.57,0.6,0.77,,0.77,0.79
5-10,male,Single,0.84,5.0,5.0,4.09,3,5.0,2.83,2.82,2.82,5,2.11,2.12,2.14,0.56,0.56,0.56,4.08,0.78,0.78,0.78,0.81
>10,female,Single,1.46,5.0,5.0,4.1,5,5.0,2.82,2.8,2.81,2.1,2.09,2.1,2.12,,0.55,0.56,0.59,0.8,0.79,0.8,0.82
>10,male,Single,0.86,5.0,5.0,4.1,5,5.0,2.8,2.79,2.8,5,2.07,2.08,2.1,0.55,0.55,0.56,0.59,0.81,0.81,0.81,0.84
>10,male,Single,0.88,5.0,5.0,3.01,4,5.0,2.17,2.78,2.79,2.06,2.05,2.06,2.08,0.55,0.54,0.55,0.58,0.62,0.82,0.83,0.85
>10,male,Single,0.89,5.0,5.0,4.12,5,5.0,2.16,2.77,2.77,2.04,2.03,2.04,2.06,0.55,0.54,0.55,0.58,0.84,0.84,0.84,0.87
>10,female,Single,0.91,5.0,5.0,4.12,4,5.0,2.14,2.75,2.76,2.06,2.01,2.02,2.04,0.54,0.54,0.55,0.58,0.86,0.65,0.86,0.89
>10,female,Single,0.92,5.0,5.0,4.13,4,5.0,2.14,2.74,2.77,2,1.99,2.0,2.02,0.54,0.53,0.54,0.57,0.88,0.87,0.88,0.9
5-10,male,Single,0.95,5.0,5.0,4.14,5,5.0,2.07,2.73,2.74,2.01,1.97,1.98,2.01,0.54,0.53,0.54,0.57,0.89,0.88,0.89,0.92
>10,,Single,0.95,5.0,5.0,4.15,4,1.9,2.06,2.72,2.81,2.06,1.95,2.06,5.0,0.53,,0.53,0.57,0.91,0.9,0.91,0.93
5-10,female,Single,0.97,5.0,3.11,4.16,4,1.89,2.73,2.7,2.83,1.94,1.93,1.94,1.96,0.53,0.52,0.53,0.56,,0.91,0.92,0.95
>10,female,Single,0.98,5.0,5.0,4.17,4,1.89,2.81,2.69,2.7,1.92,1.91,1.92,5.0,0.53,0.52,0.53,4.17,0.6,0.93,0.94,0.96
5-10,female,Single,1.0,5.0,3.13,4.17,5,5.0,2.15,2.68,2.69,1.9,1.89,1.9,5.0,0.52,0.52,0.52,4.17,0.59,0.94,0.95,0.98
<5,female,Single,1.02,5.0,5.0,4.18,5,1.94,3.23,2.67,2.68,1.88,1.87,1.88,2.01,0.52,0.51,0.52,4.18,0.58,0.96,0.97,0.99
<5,female,Single,1.03,5.0,3.16,4.19,5,5.0,2.71,2.66,2.67,1.86,1.85,1.86,1.88,0.52,0.51,0.52,0.62,0.58,0.98,0.99,1.01
<5,?,Single,1.05,5.0,3.17,4.2,5,1.87,2.76,2.64,1.89,1.84,1.83,1.84,1.86,,0.51,0.51,0.6,0.57,0.99,1.0,1.02
<5,female,Single,1.06,5.0,3.19,5.0,5,1.87,2.65,2.63,2.64,1.82,1.81,1.82,1.84,0.51,0.5,0.51,0.6,0.57,1.01,1.02,1.58
<5,male,Single,1.08,5.0,3.2,4.23,5,1.87,3.19,2.62,2.63,1.8,1.79,1.82,1.82,0.51,0.0,0.51,0.61,0.57,1.02,1.03,1.7
<5,male,Single,1.09,5.0,3.21,4.23,5,1.87,2.63,2.61,1.83,1.78,1.77,1.8,1.8,0.5,0.0,0.5,0.61,0.56,1.04,1.05,1.62
<5,,Single,1.11,5.0,3.23,4.24,5,1.87,2.61,2.6,1.82,1.76,1.76,1.8,1.78,0.5,0.0,0.5,0.62,0.56,1.05,1.06,1.73
<5,female,Single,1.11,1.16,5.0,4.25,5,1.86,2.61,2.59,1.8,1.75,1.74,1.76,1.77,0.0,0.0,0.0,0.63,0.55,1.06,1.08,1.11
<5,?,Single,1.12,5.0,5.0,3.25,5,1.86,2.6,1.79,1.8,1.75,1.74,1.75,1.53,0.0,0.0,0.0,0.52,1.08,1.07,1.08,1.74
<5,male,Single,1.12,5.0,3.25,3.25,5,1.87,2.6,1.8,1.8,1.75,1.74,1.75,1.87,0.0,0.0,0.0,0.52,1.08,1.07,1.16,1.74
<5,female,Single,1.78,5.0,5.0,4.25,4,1.88,2.05,1.8,2.6,1.75,1.74,1.75,1.53,0.0,0.0,0.0,0.51,0.55,1.07,1.07,1.74
<5,female,Single,1.78,5.0,5.0,4.25,4,5.0,2.06,1.8,2.6,1.76,1.74,1.75,1.53,0.0,0.0,0.0,0.52,0.54,1.07,1.07,1.74
5-10,,Single,1.78,5.0,5.0,4.25,4,1.87,2.06,1.8,2.6,1.76,1.74,1.75,1.53,0.0,0.0,0.0,0.52,0.53,1.07,1.07,1.74
5-10,male,Single,1.63,5.0,5.0,5.0,5,1.88,2.6,1.81,2.6,1.76,1.74,1.75,1.53,0.0,0.0,0.0,0.56,0.53,0.59,1.07,1.74
5-10,female,Single,1.62,5.0,5.0,3.25,5,1.89,2.61,1.81,2.6,1.76,1.74,1.75,1.53,0.0,0.0,0.0,0.57,0.53,0.59,1.07,1.74
5-10,male,Single,1.61,5.0,5.0,3.24,5,1.87,2.61,1.81,2.6,1.76,1.74,1.75,1.53,0.0,0.0,0.0,0.56,0.53,0.58,1.07,1.74
5-10,male,Single,1.62,5.0,5.0,3.25,5,1.88,2.61,1.81,2.6,1.76,1.74,1.75,1.53,0.0,0.0,0.0,0.56,0.53,0.58,1.07,1.74
>10,female,Single,1.62,5.0,5.0,3.24,4,1.88,2.6,1.81,2.6,1.76,1.74,1.75,1.52,0.0,,0.0,0.56,0.53,0.58,1.07,1.74
5-10,male,Single,1.62,5.0,5.0,3.24,5,1.88,2.6,1.81,2.6,1.76,1.74,1.74,1.53,0.0,0.0,0.0,0.56,0.53,0.58,1.07,1.74
5-10,female,Single,1.62,5.0,5.0,3.25,5,5.0,2.02,1.8,2.6,1.76,1.74,1.75,1.53,0.0,0.0,0.0,0.56,0.53,0.58,1.07,1.74
5-10,male,Single,1.62,5.0,5.0,5.0,5,5.0,2.61,1.8,2.6,1.76,1.74,1.74,1.52,0.0,0.0,0.0,0.56,0.53,0.58,1.07,1.74
5-10,male,Single,1.62,5.0,5.0,3.25,5,1.88,2.6,1.8,2.6,1.76,1.74,,1.52,0.0,0.0,0.0,0.56,0.53,0.58,1.07,1.11
5-10,female,Single,1.62,5.0,5.0,3.24,5,5.0,2.61,1.8,2.6,1.76,1.74,1.74,1.53,0.0,0.0,0.0,0.57,0.53,0.58,1.07,1.09
5-10,?,Single,1.62,5.0,5.0,3.24,5,5.0,2.62,1.81,2.6,1.76,1.74,1.74,1.52,0.0,0.0,0.0,0.56,0.53,0.58,1.07,1.1
5-10,male,Single,1.62,5.0,5.0,3.24,5,1.88,2.6,1.8,2.6,1.76,1.74,1.74,1.52,0.0,0.0,0.0,0.57,0.53,0.58,1.07,1.09
>10,?,Single,1.62,5.0,5.0,3.24,5,1.88,2.6,1.81,2.6,1.76,1.74,1.74,1.52,0.0,0.0,0.0,0.54,0.53,0.58,1.07,1.74
5-10,female,Single,1.62,5.0,5.0,3.24,5,5.0,3.16,1.81,2.63,1.76,1.74,1.74,1.52,0.0,0.0,0.0,0.56,0.53,,1.07,1.1
5-10,male,Single,1.62,5.0,5.0,3.24,5,5.0,3.16,1.81,2.6,1.76,1.74,1.74,1.52,0.0,0.0,0.0,0.54,0.52,0.58,,1.09
5-10,male,Single,1.77,5.0,5.0,3.24,5,1.88,3.17,1.81,2.62,1.76,1.74,1.74,1.53,0.0,0.0,0.0,0.53,0.52,0.58,1.07,1.09
5-10,male,Single,1.62,5.0,5.0,3.25,5,5.0,2.61,1.81,2.63,1.75,1.74,1.74,1.52,0.0,0.0,0.0,0.53,0.52,0.58,1.07,1.09
5-10,male,Single,1.63,5.0,5.0,3.24,5,5.0,2.61,1.81,2.61,1.75,1.74,1.74,1.52,0.0,,0.0,0.53,0.52,0.58,1.07,1.09
5-10,female,Single,1.77,5.0,5.0,3.25,5,5.0,2.61,2.6,2.61,1.75,1.74,1.74,1.53,0.0,0.0,0.0,0.53,0.52,0.58,1.07,1.09
5-10,female,Single,1.62,5.0,5.0,3.25,5,5.0,2.61,1.81,2.64,1.75,1.74,1.74,1.52,,0.0,0.0,0.53,0.52,0.58,1.07,1.09
5-10,?,Single,1.78,5.0,5.0,3.24,5,5.0,2.61,2.6,2.6,1.75,1.74,1.74,1.53,0.0,0.0,0.0,0.53,0.52,0.57,1.07,1.09
5-10,male,Single,1.78,5.0,5.0,3.24,5,5.0,3.17,2.6,2.61,1.75,1.74,1.74,1.53,0.0,0.0,0.0,0.53,0.52,0.58,1.07,1.09
5-10,female,Single,1.78,5.0,5.0,3.24,5,5.0,3.17,2.62,2.61,1.75,1.74,1.74,1.53,0.5,0.0,0.0,0.53,0.52,0.58,1.07,1.09
5-10,female,Single,1.62,5.0,5.0,3.24,5,5.0,2.02,1.81,2.61,1.75,1.74,1.74,1.52,0.0,0.0,0.0,0.53,0.52,0.58,1.07,1.09
5-10,male,Single,1.78,1.15,5.0,3.24,5,5.0,2.02,1.81,2.59,1.75,1.74,1.74,1.75,0.0,0.0,0.0,0.53,0.52,0.58,1.07,1.09
5-10,female,Single,1.78,5.0,5.0,3.24,5,5.0,3.17,1.81,2.61,1.75,1.74,1.74,1.75,0.5,0.0,0.0,0.53,0.52,0.58,1.07,1.09
5-10,male,Single,1.78,5.0,1.83,3.25,5,5.0,3.16,2.59,2.6,1.75,1.73,1.73,1.53,0.0,0.0,0.0,0.53,0.52,0.58,1.07,1.09
5-10,male,Single,1.78,1.15,1.83,3.25,5,5.0,2.02,2.61,2.59,1.75,1.73,1.73,1.75,0.5,0.0,0.0,0.53,0.52,0.58,1.07,1.09
5-10,male,Single,1.78,1.15,1.83,3.25,5,5.0,2.02,2.6,2.59,1.75,1.73,1.73,1.75,0.5,0.0,0.0,0.53,0.52,0.58,1.07,1.09
5-10,female,Single,1.78,1.15,1.83,3.25,5,5.0,2.02,2.6,2.61,1.75,1.73,1.73,1.53,0.5,0.0,0.0,0.51,0.52,0.58,1.07,1.09
5-10,female,Single,1.11,5.0,1.83,3.25,5,5.0,2.02,2.62,2.63,1.75,1.73,1.73,1.75,0.5,0.0,0.0,0.53,0.52,1.08,1.07,1.09
5-10,male,Single,1.78,1.15,1.83,3.25,5,5.0,2.02,,2.59,1.75,1.73,1.73,1.75,0.5,0.0,0.0,0.53,0.52,1.08,1.07,1.09
5-10,male,Single,1.78,5.0,1.83,3.25,4,5.0,1.99,2.59,2.59,1.75,1.73,1.73,1.75,0.5,0.0,0.0,0.53,0.52,0.58,1.07,1.09
5-10,female,Single,1.78,1.98,1.83,3.25,5,5.0,1.99,2.59,2.59,1.75,1.73,1.73,1.75,0.5,0.0,0.0,0.53,0.52,0.58,1.07,1.09
5-10,,Single,1.78,1.15,1.83,3.25,4,5.0,1.99,2.6,2.59,1.75,1.73,1.73,1.75,0.5,0.0,0.0,0.51,0.52,0.58,1.07,1.09
5-10,female,Single,1.78,,1.83,3.24,4,5.0,1.99,2.6,2.59,1.75,1.73,1.73,1.75,0.51,0.0,0.0,0.51,0.52,1.08,1.07,1.09
5-10,,Single,1.78,1.15,1.84,3.25,4,5.0,3.16,2.61,2.59,1.75,1.73,1.73,1.75,0.0,0.0,0.0,0.51,0.52,1.08,1.07,1.09
5-10,male,Single,1.78,1.15,5.0,3.25,4,5.0,1.99,2.61,2.59,1.75,1.73,1.73,1.75,0.0,0.0,0.0,0.53,0.52,1.09,1.07,1.09
5-10,?,Single,1.78,1.15,1.84,3.25,5,5.0,1.99,2.59,2.6,1.75,1.73,1.73,1.75,0.0,0.0,,0.53,0.52,1.08,1.07,1.09
5-10,male,Single,1.12,1.15,1.84,3.25,5,5.0,2.05,2.59,2.59,1.75,1.73,1.73,1.75,0.5,0.0,0.0,0.53,0.52,1.09,1.08,1.09
5-10,female,Single,1.12,1.15,1.84,3.25,4,5.0,2.6,2.59,2.59,1.75,1.73,1.73,1.74,0.5,0.0,0.0,0.51,0.52,1.09,1.08,1.09
5-10,male,Single,1.12,1.16,1.84,3.26,4,5.0,2.6,2.59,2.58,1.74,1.72,1.72,1.74,0.51,0.0,0.0,0.5,0.52,0.57,1.08,1.09
5-10,female,Single,1.13,1.16,5.0,3.26,5,5.0,2.59,2.58,2.58,1.74,1.72,1.72,1.73,0.51,0.0,0.0,0.5,0.52,1.1,1.08,1.1
5-10,male,Single,1.13,1.17,5.0,3.26,5,5.0,1.98,2.58,2.57,1.74,1.71,1.71,1.72,1.88,0.0,0.0,0.0,0.52,1.11,1.09,1.1
<5,female,Single,1.13,2.01,5.0,3.27,5,5.0,1.96,2.57,2.57,1.74,1.71,1.7,1.71,0.55,0.0,0.0,0.0,0.51,1.11,1.1,1.11
<5,male,Single,1.14,2.01,5.0,3.28,4,5.0,1.95,2.57,2.56,1.72,1.72,1.69,1.7,,0.0,0.0,0.0,0.51,1.12,1.11,1.12
5-10,male,Single,1.15,,5.0,3.29,4,5.0,1.95,1.77,2.55,1.71,1.69,1.68,1.69,0.59,0.0,0.0,0.0,0.64,1.13,1.12,1.13
5-10,female,Single,1.16,5.0,5.0,3.29,4,5.0,1.88,2.55,2.55,1.69,1.68,1.67,1.68,3.72,0.0,0.0,0.0,0.65,1.14,1.12,1.14
5-10,male,Single,1.16,5.0,5.0,3.31,4,5.0,1.9,2.55,2.54,1.68,1.66,1.66,1.67,3.72,0.0,0.0,0.0,0.66,1.14,1.13,1.14
5-10,male,Single,1.17,5.0,5.0,3.31,4,5.0,1.87,2.54,2.53,1.68,1.66,1.65,1.66,0.51,0.0,,0.0,0.67,1.15,1.14,1.18
5-10,male,Single,1.17,2.06,5.0,3.31,4,5.0,1.86,2.54,2.53,1.67,1.65,1.64,1.65,0.52,0.0,,0.0,0.68,1.16,1.15,1.18
5-10,male,Single,1.18,2.07,5.0,3.32,4,5.0,1.86,2.54,2.53,1.67,1.64,1.64,1.65,0.52,0.0,0.0,0.0,1.66,1.17,1.15,1.19
<5,female,Single,1.19,2.07,5.0,5.0,4,5.0,1.86,2.53,1.72,1.66,1.64,1.63,1.64,3.11,0.0,0.0,0.0,1.66,1.17,1.16,1.67
<5,male,Single,1.2,2.08,5.0,5.0,4,5.0,1.86,2.53,1.71,1.65,1.63,1.62,1.63,3.1,0.0,,0.0,1.67,1.18,1.16,1.18
5-10,male,Single,1.69,2.07,5.0,5.0,4,5.0,1.85,2.53,1.71,1.65,1.63,1.62,1.63,1.7,0.0,0.0,0.0,0.51,1.19,1.17,1.18
<5,,Single,1.87,2.08,5.0,5.0,4,5.0,1.85,2.52,1.7,1.64,1.62,1.61,1.62,1.72,0.0,0.0,0.0,0.5,0.7,1.18,1.19
<5,female,Single,1.22,2.09,5.0,5.0,4,5.0,1.85,2.52,1.7,1.63,1.61,1.6,1.61,1.7,0.0,0.0,0.0,0.5,0.53,1.19,1.19
<5,male,Single,1.22,2.09,5.0,5.0,4,5.0,1.85,2.51,1.69,1.62,1.6,1.59,1.6,0.69,0.0,0.0,0.0,0.5,0.53,1.2,1.2
<5,male,Single,1.23,2.1,5.0,5.0,4,5.0,1.84,2.51,2.49,1.62,1.59,1.58,1.59,0.53,0.0,0.0,0.0,0.5,0.53,1.21,1.21
<5,?,Single,1.23,2.12,5.0,5.0,4,5.0,1.84,2.53,2.48,1.61,1.58,1.57,1.57,0.53,0.0,0.0,0.0,0.5,0.53,0.58,1.22
<5,male,Single,1.24,2.13,5.0,5.0,4,5.0,1.83,2.51,2.47,1.6,1.58,1.56,1.56,0.53,0.0,0.0,0.0,0.5,0.53,0.58,1.23
<5,male,Single,1.25,1.28,5.0,5.0,4,5.0,1.83,3.06,2.47,2.48,1.57,1.55,1.55,0.66,0.0,0.0,0.0,0.5,0.53,0.58,1.24
<5,female,Single,1.26,1.29,5.0,,4,5.0,1.83,2.49,2.46,2.47,1.56,1.54,1.54,0.53,0.0,0.0,0.0,0.5,0.53,0.58,1.24
5-10,female,Single,1.27,1.98,5.0,5.0,5,5.0,1.83,5.0,2.45,2.46,1.55,1.53,1.53,0.53,0.5,0.0,0.0,0.51,0.53,0.58,1.25
5-10,female,Single,1.27,1.3,5.0,5.0,5,5.0,1.82,1.85,2.44,2.45,1.54,1.52,1.52,0.53,0.5,0.0,0.0,0.52,0.54,1.27,1.26
5-10,male,Single,1.28,1.31,5.0,5.0,4,5.0,1.82,5.0,2.43,2.44,1.53,1.52,1.51,0.54,0.51,0.0,0.0,0.51,5.0,1.28,1.27
5-10,male,Single,1.29,,5.0,5.0,5,5.0,1.82,2.44,2.43,2.43,1.52,1.51,1.5,0.54,0.51,0.0,0.0,0.51,4.38,1.29,1.28
5-10,male,Single,1.3,1.33,5.0,5.0,5,5.0,1.81,1.84,2.42,2.42,1.51,1.5,1.49,0.54,0.51,0.0,0.0,0.51,4.37,1.3,1.29
5-10,female,Single,1.31,1.34,5.0,3.45,5,5.0,1.81,1.82,2.41,1.87,1.5,1.49,1.48,0.54,0.52,0.5,0.0,0.51,2.31,5.0,1.3
<5,female,Single,1.32,1.34,5.0,3.46,5,1.84,1.81,1.82,2.4,1.87,1.49,1.48,1.47,0.55,0.52,0.53,0.0,0.51,4.38,1.63,1.31
<5,female,Single,1.33,1.35,5.0,5.0,5,1.83,1.8,1.81,2.39,1.86,1.49,1.47,1.46,0.55,0.62,0.51,0.5,0.51,4.38,0.59,1.32
<5,male,Single,1.34,1.36,5.0,5.0,5,1.83,1.8,1.81,2.38,1.85,1.5,1.46,1.45,0.56,0.52,0.51,0.5,0.52,4.39,0.59,1.33
<5,male,Single,1.35,1.37,5.0,5.0,5,1.82,1.79,1.8,2.37,1.85,1.48,1.45,1.44,0.56,0.53,0.51,0.51,0.52,4.4,2.31,1.34
<5,male,Single,1.36,1.38,1.42,3.48,3,1.82,1.79,1.8,2.36,1.85,1.46,1.43,1.43,,0.53,0.52,0.51,0.52,4.41,2.32,1.35
<5,female,Single,1.37,1.4,1.43,2.83,3,1.81,1.78,1.79,2.35,1.84,1.44,1.42,1.41,0.57,0.54,0.52,0.51,0.52,4.41,0.85,1.37
<5,female,Single,1.39,1.41,1.44,2.84,3,1.8,1.78,1.79,1.81,1.84,1.42,1.41,1.4,0.57,0.55,0.52,0.52,0.53,4.42,0.86,1.38
<5,female,Single,1.4,1.42,1.46,5.0,3,1.79,1.77,1.78,2.32,2.33,1.41,1.39,1.38,0.58,0.55,0.53,0.52,0.53,4.43,0.6,1.4
<5,male,Single,1.42,5.97,1.47,2.87,3,1.78,1.77,1.78,2.31,2.31,1.39,1.38,1.37,0.58,0.55,0.53,0.53,0.54,4.44,0.89,1.42
<5,?,Single,1.44,1.46,1.49,5.0,3,1.77,1.76,,2.29,1.85,1.38,1.38,1.35,0.59,0.56,0.54,0.53,0.54,5.0,0.61,1.43
<5,female,Single,1.46,1.48,1.51,5.0,3,1.76,1.75,1.76,2.28,1.81,1.36,1.44,1.33,1.55,0.56,0.54,0.54,0.55,5.0,0.61,1.46
<5,female,Married,1.48,1.49,1.53,2.92,5,1.76,1.75,1.76,2.26,2.27,1.34,1.32,1.31,1.51,,0.55,0.54,0.55,5.0,0.61,1.47
<5,female,Married,1.5,1.52,5.0,5.0,5,1.75,1.74,1.75,2.25,2.25,1.59,1.31,1.3,1.36,0.58,0.56,0.55,0.56,5.0,0.62,1.49
<5,female,Married,1.52,,1.56,5.0,5,1.74,1.73,1.74,2.23,1.79,1.58,1.29,1.28,0.62,0.58,0.56,0.56,0.56,5.0,0.63,1.51
<5,,Married,1.54,1.55,1.58,5.0,5,1.74,1.73,1.74,2.22,2.22,5.0,1.27,1.26,0.62,0.59,,0.56,0.57,5.0,0.63,1.53
<5,,Single,1.56,1.57,1.6,5.0,5,1.73,1.72,1.73,2.2,2.2,5.0,1.26,1.24,1.64,0.59,0.57,0.57,0.58,5.0,0.64,1.55
<5,female,Single,1.58,1.59,1.61,5.0,5,1.72,1.71,1.72,2.18,2.19,5.0,1.24,1.23,1.29,0.6,0.58,0.57,0.58,5.0,0.65,1.56
<5,female,Single,1.6,1.61,1.63,5.0,5,1.71,1.7,1.72,2.17,1.76,5.0,5.0,1.21,1.27,0.61,0.59,0.58,0.59,5.0,0.65,1.59
<5,male,Single,1.61,1.63,1.65,5.0,5,1.71,1.7,1.71,2.15,2.16,5.0,5.0,1.19,1.25,0.61,0.59,0.59,0.6,5.0,1.07,1.61
<5,male,Single,1.64,1.65,1.67,5.0,5,1.7,1.69,1.7,2.14,1.75,5.0,5.0,1.17,1.41,0.62,,0.59,0.6,5.0,0.66,1.63
<5,female,Married,1.67,1.67,1.69,5.0,5,1.69,1.68,1.69,2.12,1.74,1.18,5.0,1.15,1.4,0.62,0.61,0.6,0.61,5.0,0.67,1.65
<5,male,Married,1.68,1.69,1.71,5.0,5,1.68,1.67,1.68,1.72,2.11,1.16,5.0,1.13,1.39,0.63,0.61,0.61,0.62,5.0,0.68,1.67
<5,male,Married,1.72,1.71,1.73,5.0,5,1.68,1.67,1.68,1.73,2.09,1.14,1.13,1.11,1.17,1.38,0.62,0.62,0.62,5.0,0.68,1.69
<5,female,Married,1.8,1.74,1.75,5.0,5,1.67,1.66,1.67,2.06,1.71,1.12,1.1,1.09,1.15,1.37,0.63,0.62,0.63,5.0,0.69,1.71
<5,female,Married,1.75,1.76,5.0,5.0,5,1.66,1.65,1.66,1.69,1.71,1.1,1.09,1.07,1.14,,,0.63,0.64,5.0,0.7,1.73
<5,female,Married,1.81,2.62,1.8,5.0,5,1.65,1.64,1.65,2.03,1.7,1.08,1.06,1.06,0.71,1.35,0.65,0.64,0.64,5.0,0.7,1.75
<5,male,Married,1.86,1.81,1.82,5.0,5,1.65,1.64,1.65,1.68,1.69,1.06,1.04,1.04,0.71,1.37,0.65,0.64,0.65,5.0,0.71,1.77
<5,male,Married,2.5,2.66,1.85,5.0,5,1.64,1.63,1.64,1.68,1.68,1.04,1.02,1.01,1.07,0.67,1.75,0.65,0.66,5.0,0.71,1.79
<5,female,Married,2.51,2.67,1.86,5.0,5,1.63,1.62,1.63,1.68,1.68,1.02,1.0,0.99,0.72,0.69,0.66,0.65,0.67,5.0,0.72,1.81
<5,,Married,2.53,2.69,5.0,5.0,5,1.62,1.61,1.62,1.67,1.67,1.0,0.98,0.97,0.72,0.69,0.67,0.67,0.67,5.0,0.73,1.83
<5,female,Married,1.95,2.71,5.0,5.0,5,1.61,1.6,1.61,1.67,1.66,0.98,0.97,0.96,0.73,0.7,0.68,0.67,0.68,5.0,1.31,1.85
<5,,Married,1.97,2.73,5.0,5.0,5,1.61,1.59,1.61,1.66,1.65,0.97,,0.94,0.74,0.7,0.69,0.68,0.69,5.0,1.34,1.87
<5,male,Married,1.99,2.75,5.0,5.0,5,1.6,1.59,1.6,1.64,1.65,0.95,0.93,0.92,0.75,0.71,0.69,0.69,0.69,5.0,1.35,1.89
<5,,Married,2.01,2.77,5.0,5.0,5,1.59,1.57,1.59,1.64,1.93,0.93,0.91,0.9,0.76,0.72,0.7,0.69,0.7,5.0,1.38,1.91
<5,?,Married,2.03,2.79,5.0,5.0,5,1.58,1.57,1.58,1.88,1.9,0.91,0.89,0.88,1.22,0.73,0.71,0.7,0.71,5.0,5.0,1.93
<5,?,Married,2.05,2.8,5.0,5.0,2,1.58,1.56,1.58,1.87,1.61,0.89,0.87,0.86,1.21,0.73,0.71,0.71,0.71,5.0,0.77,1.41
<5,male,Married,2.07,2.82,5.0,5.0,5,1.57,1.55,1.56,1.85,1.59,0.88,0.86,0.85,0.78,0.74,0.72,0.71,0.72,5.0,0.77,1.42
<5,female,Married,2.7,2.84,5.0,5.0,2,1.56,1.54,1.55,1.59,1.59,0.86,0.84,0.83,1.19,0.75,0.73,0.72,0.73,0.76,5.0,1.44
<5,female,Married,0.85,2.86,5.0,5.0,2,1.56,1.53,1.54,1.57,1.58,0.84,0.82,0.81,0.79,0.75,,0.73,0.73,5.0,0.79,2.01
<5,male,Married,0.85,2.87,5.0,5.0,2,1.55,1.53,1.54,1.58,1.58,0.83,0.81,0.8,1.14,0.76,0.74,0.73,0.74,5.0,5.0,2.49
<5,female,Married,2.03,,5.0,5.0,2,1.56,1.53,1.56,1.58,1.82,0.83,0.8,0.79,1.14,0.76,0.74,0.73,0.74,5.0,0.79,1.47
<5,female,Married,2.02,2.76,5.0,5.0,5,1.56,1.53,1.56,1.58,1.82,0.83,0.81,0.79,1.14,0.76,0.74,0.73,0.74,,0.79,1.46
<5,male,Married,0.85,2.74,5.0,5.0,5,1.56,1.53,1.56,1.59,1.58,0.83,0.81,0.8,1.14,0.76,,0.73,0.74,5.0,5.0,1.47
<5,,Married,2.02,2.74,5.0,3.92,5,1.56,1.53,1.56,1.59,1.58,0.83,0.81,0.8,1.14,0.76,0.74,0.73,0.74,5.0,0.79,1.46
<5,male,Married,0.84,2.77,5.0,5.0,5,1.56,1.53,1.56,1.56,1.58,0.83,0.81,0.8,1.14,0.76,0.74,0.73,0.74,5.0,5.0,1.46
<5,female,Married,2.02,2.74,5.0,5.0,5,1.57,1.53,1.59,1.56,1.58,0.83,0.81,0.8,1.14,0.76,0.74,0.73,0.74,5.0,5.0,1.46
<5,male,Married,0.84,2.74,2.89,5.0,5,1.57,1.54,1.55,1.56,1.58,0.83,0.81,0.8,1.14,0.77,,0.73,0.74,5.0,5.0,0.82
<5,male,Married,2.02,2.75,2.89,5.0,5,1.57,1.54,1.56,1.55,1.59,0.83,0.81,0.8,1.13,0.77,0.74,0.73,0.73,5.0,5.0,0.82
<5,female,Single,2.02,,2.88,5.0,5,1.58,1.54,1.54,1.55,1.82,0.84,0.81,0.8,1.13,0.78,0.75,0.73,0.73,0.76,5.0,0.81
<5,female,Single,0.84,2.74,2.88,5.0,5,5.0,1.54,1.54,1.55,1.82,0.84,0.82,0.8,0.84,0.94,0.75,0.73,0.73,0.76,0.8,0.81
<5,female,Single,0.83,2.74,2.88,5.0,5,5.0,1.54,1.54,1.55,1.82,0.85,0.82,0.8,,0.95,0.75,0.73,0.73,0.75,5.0,0.81
<5,male,Single,0.82,2.74,2.88,5.0,5,1.57,1.54,1.54,1.55,1.82,1.83,0.85,0.8,1.17,1.18,1.2,0.73,0.72,0.74,0.8,0.8
<5,male,Single,0.82,2.74,2.88,5.0,5,1.58,1.57,1.54,1.55,1.82,1.83,0.85,0.8,1.17,1.17,1.19,0.73,,0.74,0.76,0.79
<5,male,Single,,2.74,2.88,5.0,5,1.58,1.57,1.54,1.55,1.59,1.83,1.62,0.82,1.18,1.17,1.19,0.74,0.72,0.73,0.76,0.79
<5,male,Single,1.5,2.74,2.88,5.0,5,1.58,1.55,1.54,1.55,1.58,1.83,1.63,0.9,0.85,1.17,0.75,0.73,0.72,0.73,0.76,0.78
<5,female,Single,1.47,2.74,2.88,2.9,5,1.58,1.55,1.54,1.55,1.57,1.6,1.67,0.8,0.83,1.14,0.75,0.73,0.72,0.73,0.75,0.78
<5,female,Single,1.47,2.74,2.88,5.0,5,1.59,1.55,1.54,1.55,1.57,1.83,0.82,0.8,0.82,1.13,0.75,0.72,0.72,0.72,0.75,0.78
<5,female,Single,0.8,2.04,2.88,5.0,5,1.59,1.55,1.54,1.56,1.58,1.83,0.82,0.8,0.82,,0.75,0.72,0.72,0.72,,0.77
<5,female,Single,0.79,2.03,2.76,5.0,5,1.59,1.56,1.55,1.55,1.57,1.59,5.0,0.8,0.81,1.12,0.75,0.72,0.71,0.72,0.75,0.77
<5,male,Single,0.81,2.03,2.75,5.0,5,1.6,1.58,1.55,1.55,1.58,1.59,0.83,0.8,0.81,1.12,0.75,0.72,,0.72,,5.0
<5,male,Single,0.81,2.03,2.74,2.89,5,5.0,1.57,1.55,1.55,1.6,1.83,1.85,0.8,0.81,0.79,0.75,0.72,0.71,0.72,0.73,5.0
<5,female,Single,1.46,0.84,2.73,2.89,5,1.6,1.59,1.55,1.55,1.57,0.88,3.93,0.8,0.85,0.79,0.76,0.73,0.71,0.71,0.73,5.0
<5,female,Single,0.77,2.02,2.73,,5,1.62,5.0,1.56,1.55,1.56,1.82,1.84,0.83,0.8,0.84,0.86,0.73,0.71,0.71,0.72,0.76
<5,female,Single,0.77,2.03,2.73,2.89,5,1.64,5.0,1.56,1.55,1.56,1.59,1.65,5.0,0.79,1.17,1.15,1.17,0.71,0.71,0.72,0.75
<5,female,Single,0.76,1.48,2.74,2.89,5,1.63,1.59,1.58,1.55,1.56,1.58,2.04,5.0,0.79,1.15,1.15,0.73,0.71,0.7,,0.74
<5,female,Single,0.76,1.47,2.75,2.89,5,1.63,1.59,1.57,1.56,1.56,1.58,0.84,5.0,0.78,0.81,1.14,0.73,0.71,0.7,0.71,0.74
<5,female,Married,0.75,0.79,2.75,2.89,5,5.0,1.6,1.57,1.56,1.57,1.58,1.27,5.0,0.78,0.8,1.11,0.74,0.71,0.7,0.71,0.73
<5,male,Single,0.75,1.47,2.04,2.74,3,5.0,1.6,1.58,1.56,1.58,1.59,1.83,5.0,0.79,0.81,1.1,0.75,0.71,0.7,0.71,0.73
<5,female,Single,0.75,,2.03,2.73,3,5.0,1.61,1.59,1.56,1.57,1.58,1.62,5.0,0.78,0.83,1.1,0.86,0.71,0.7,0.71,0.73
<5,male,Single,0.74,0.78,2.04,2.74,3,5.0,5.0,1.61,1.57,1.56,1.83,1.61,1.85,0.77,0.79,0.83,0.76,0.71,0.7,0.7,0.74
<5,female,Single,0.73,0.78,2.03,2.75,3,5.0,5.0,5.0,1.58,1.56,1.58,1.61,1.85,0.77,0.79,1.14,0.84,0.72,0.7,0.7,0.72
<5,female,Single,0.75,0.76,2.04,2.75,3,5.0,5.0,5.0,1.61,1.56,1.58,,1.84,0.76,0.78,1.13,0.83,0.75,0.7,0.7,0.71
>10,male,Single,0.76,0.76,2.04,2.76,3,5.0,1.63,5.0,1.57,1.56,1.57,1.6,0.82,0.76,0.77,0.81,0.83,0.72,0.74,0.69,0.71
5-10,female,Single,0.73,0.75,2.04,2.76,3,5.0,1.63,5.0,1.57,1.56,1.57,1.6,1.84,0.76,0.77,1.16,0.75,0.72,0.7,0.69,0.7
>10,male,Single,0.72,0.75,1.48,2.77,3,5.0,1.63,1.61,1.58,1.57,1.57,1.82,1.84,0.76,0.76,1.19,0.76,0.72,,0.69,0.7
>10,?,Single,0.72,0.74,1.47,2.05,3,5.0,1.63,1.62,1.58,1.57,1.57,1.82,1.85,0.75,0.76,0.79,0.77,0.72,0.7,0.69,0.7
5-10,?,Single,0.72,0.75,1.47,2.05,3,5.0,1.64,1.62,1.58,1.57,1.58,1.82,1.83,0.75,0.76,0.79,0.81,0.72,0.7,,0.7
5-10,female,Single,0.72,0.75,1.48,2.05,3,5.0,1.64,5.0,1.58,1.56,1.57,1.82,1.83,0.75,0.78,0.79,0.8,0.72,0.71,0.69,0.7
5-10,female,Single,0.72,0.75,1.48,2.06,3,5.0,1.63,1.61,1.57,1.56,1.57,1.82,1.88,0.75,0.76,0.78,1.08,0.73,0.71,0.7,0.71
5-10,female,Single,0.73,0.75,1.48,2.06,3,5.0,1.63,5.0,1.57,1.56,1.57,1.81,1.84,0.75,0.76,0.78,0.81,0.73,0.71,0.7,0.71
5-10,female,Single,0.73,0.75,1.48,2.06,3,5.0,1.63,,1.57,1.56,1.57,1.81,1.83,0.75,0.76,0.79,0.8,0.73,0.71,0.7,0.71
5-10,female,Single,0.73,0.75,1.48,2.06,3,5.0,1.62,5.0,1.57,1.56,1.56,1.81,1.84,0.75,0.76,0.79,0.81,0.73,,0.7,0.71
5-10,female,Single,0.73,0.77,1.49,2.06,3,5.0,1.62,5.0,1.57,1.55,1.56,1.81,1.83,0.75,0.76,,1.09,,,0.71,0.72
5-10,male,Single,0.74,0.76,1.49,2.07,3,5.0,1.62,5.0,1.56,1.55,1.56,1.6,1.82,0.74,0.75,0.77,0.79,0.74,0.73,0.71,0.72
>10,female,Single,0.75,0.78,1.5,2.07,3,5.0,1.61,5.0,1.55,1.54,1.55,1.59,1.58,0.74,0.75,0.77,0.79,0.75,0.73,0.72,0.73
5-10,female,Married,0.76,5.0,1.51,2.08,3,5.0,1.6,5.0,1.54,1.52,1.54,,1.79,0.74,0.74,0.76,1.1,0.76,0.75,0.73,0.74
>10,male,Single,0.77,0.81,1.52,2.09,3,5.0,1.59,5.0,1.53,1.51,1.52,1.57,1.77,0.73,0.74,0.76,1.11,0.78,0.76,0.75,0.76
>10,female,Single,0.78,5.0,1.54,2.1,3,5.0,1.57,5.0,1.51,1.5,1.5,1.75,1.76,0.73,0.74,2.21,1.15,0.79,0.77,,0.78
>10,female,Single,0.81,0.84,1.55,2.12,3,5.0,1.56,5.0,1.5,1.48,1.49,1.74,1.74,0.72,0.73,0.75,0.77,0.81,0.79,0.78,0.8
5-10,male,Single,0.82,0.85,1.56,2.12,3,5.0,5.0,,1.48,1.46,1.48,1.72,1.72,0.72,0.72,,0.77,0.82,0.8,0.79,0.84
5-10,female,Single,0.84,0.87,1.58,2.14,3,5.0,5.0,5.0,1.46,1.45,1.46,1.48,1.7,0.71,0.72,0.74,0.76,0.84,0.82,0.81,0.85
>10,female,Single,0.86,0.91,1.59,2.15,3,5.0,5.0,5.0,1.45,1.43,1.44,1.46,1.69,0.7,0.71,0.73,0.75,0.86,0.84,0.83,0.91
>10,female,Single,0.88,0.92,1.61,2.17,3,5.0,5.0,5.0,1.43,1.41,1.42,1.44,1.67,0.7,0.7,,0.75,0.88,0.86,0.85,0.9
5-10,female,Single,0.9,5.0,1.62,2.18,3,5.0,5.0,5.0,1.41,1.39,1.4,1.42,1.65,0.69,0.7,0.72,0.74,0.9,0.88,0.86,0.89
5-10,female,Single,0.92,5.0,1.64,2.19,2,5.0,5.0,5.0,1.39,1.38,1.38,1.62,1.63,0.68,0.7,0.71,0.73,0.92,0.9,0.88,0.91
5-10,male,Single,0.94,5.0,1.66,2.21,2,5.0,5.0,,1.37,1.36,1.36,1.39,1.61,0.68,0.69,0.71,0.73,0.93,0.91,,0.97
>10,male,Single,0.96,1.0,1.68,2.22,2,5.0,1.43,5.0,1.35,1.34,1.34,1.59,1.59,0.67,0.68,0.7,0.72,0.95,0.93,0.92,0.99
>10,?,Single,0.98,5.0,1.69,2.23,2,5.0,5.0,5.0,1.33,1.32,1.32,1.57,1.57,0.66,0.68,0.7,0.71,0.97,0.95,0.94,0.95
>10,male,Single,1.0,1.03,1.71,2.25,3,5.0,5.0,5.0,1.32,1.3,1.31,1.35,1.55,0.66,0.67,0.69,0.71,0.99,0.97,0.96,0.98
>10,male,Single,1.02,1.05,1.73,2.26,2,5.0,5.0,5.0,1.3,1.28,1.29,1.33,1.53,0.65,0.67,0.68,0.7,1.01,0.99,0.98,1.05
>10,female,Single,1.04,5.0,1.75,2.27,3,5.0,5.0,5.0,1.28,1.26,1.27,1.51,1.51,0.65,0.66,0.67,0.7,1.03,1.01,1.0,1.03
>10,male,Single,1.06,5.0,1.78,2.29,3,5.0,1.3,5.0,1.26,1.24,1.27,1.49,1.49,0.64,0.65,0.66,0.69,1.05,1.03,,1.35
>10,male,Single,1.08,2.33,1.8,2.31,3,5.0,1.28,5.0,1.24,1.22,1.23,1.47,1.47,0.63,0.64,0.66,0.68,1.07,1.05,1.04,1.36
>10,female,Single,1.1,2.34,2.32,2.32,3,5.0,1.27,5.0,1.22,1.2,1.2,1.45,1.45,0.63,0.63,0.65,0.68,1.09,1.07,1.06,1.14
<5,female,Single,1.12,1.16,2.34,2.34,3,5.0,1.24,5.0,1.19,1.18,1.19,1.42,1.43,,0.63,0.64,0.67,1.11,1.09,1.08,1.14
>10,female,Single,1.14,1.18,2.35,2.35,3,5.0,5.0,5.0,1.17,1.15,1.18,1.41,1.41,0.61,0.62,0.63,0.66,1.13,1.11,1.1,1.4
>10,male,Single,1.16,2.39,2.37,2.37,3,5.0,5.0,5.0,1.15,1.14,1.16,1.39,1.39,0.6,0.61,0.63,0.66,1.15,1.13,1.12,1.28
5-10,male,Single,1.18,2.4,2.38,2.39,3,5.0,5.0,5.0,1.13,1.12,1.14,1.36,1.37,0.6,0.61,0.62,0.65,1.17,,1.14,1.17
>10,male,Single,1.49,2.42,2.4,2.4,3,5.0,1.17,5.0,1.11,1.1,1.1,1.34,1.35,0.59,0.6,0.62,0.64,1.19,1.17,1.16,1.18
>10,male,Single,5.0,2.43,1.27,2.41,3,5.0,1.14,5.0,1.09,1.08,1.09,1.32,1.33,,0.59,0.61,0.64,1.21,,1.18,1.2
>10,male,Single,2.66,1.53,2.43,2.43,3,5.0,1.12,5.0,1.08,1.06,1.07,1.31,1.31,0.58,0.59,0.6,0.63,1.23,1.21,1.19,1.22
5-10,female,Single,1.27,1.29,2.44,2.45,3,5.0,1.11,5.0,1.06,1.04,1.07,1.29,1.29,0.57,0.58,0.6,0.62,1.24,1.23,1.21,1.24
<5,male,Single,1.28,1.29,2.46,2.46,3,5.0,1.09,5.0,1.04,1.02,1.03,1.27,1.27,0.57,0.57,,0.61,1.26,1.24,1.23,1.25
<5,female,Single,1.29,1.32,2.47,2.47,3,5.0,1.07,5.0,1.02,1.01,1.01,1.25,1.25,0.56,0.57,0.58,0.61,1.28,1.26,1.25,1.27
<5,female,Single,1.31,1.34,2.48,2.49,3,5.0,1.05,5.0,1.0,0.99,1.0,1.24,1.23,0.55,0.56,0.58,0.6,1.29,1.28,1.27,1.28
<5,female,Single,1.32,1.36,2.5,2.5,3,5.0,1.03,,0.98,0.97,0.99,1.22,1.22,0.55,0.56,0.57,0.6,1.31,1.3,1.28,1.3
<5,female,Single,1.34,2.53,2.51,2.51,3,5.0,1.01,5.0,0.97,0.95,0.95,1.2,1.2,0.54,0.55,0.56,0.59,1.33,1.32,1.3,1.32
<5,male,Single,1.36,1.42,2.53,1.43,3,5.0,1.0,5.0,0.95,0.93,0.93,1.18,1.17,0.53,0.55,0.57,0.58,1.35,1.34,1.32,1.33
<5,female,Single,1.38,1.41,2.54,1.45,3,5.0,0.98,5.0,0.93,0.92,0.92,1.16,1.16,0.53,0.54,1.6,0.58,1.37,1.35,1.34,1.39
>10,female,Single,1.39,1.42,2.55,2.55,3,5.0,0.97,2.67,0.92,0.9,0.92,1.15,1.15,0.52,0.53,0.56,0.57,1.39,1.37,1.35,1.36
<5,,Single,1.38,1.42,1.44,2.56,3,5.0,5.0,5.0,0.92,0.9,0.91,0.92,1.14,0.52,0.53,0.55,,1.39,1.38,1.36,1.36
<5,male,Single,1.37,1.42,1.43,2.56,3,5.0,3.87,5.0,0.93,0.9,0.9,0.93,1.14,0.52,0.52,0.54,0.56,1.39,1.37,1.35,1.36
>10,,Single,1.37,1.63,1.42,2.55,3,5.0,5.0,5.0,0.93,0.91,0.91,0.93,1.14,0.52,0.52,0.54,0.56,1.4,1.38,1.35,1.36
<5,male,Single,1.37,5.0,1.43,2.56,3,5.0,5.0,5.0,0.93,0.91,0.91,0.93,1.14,0.52,0.52,0.54,0.56,1.4,1.38,1.35,1.36
<5,,Single,1.37,1.62,1.43,2.56,3,5.0,5.0,5.0,0.93,0.9,0.9,0.93,1.14,0.52,0.52,0.54,0.56,1.53,1.38,1.35,1.36
<5,male,Single,1.37,1.42,1.43,2.56,3,5.0,5.0,5.0,5.0,0.9,0.91,,1.14,0.52,0.52,0.54,0.56,1.4,1.47,1.35,1.36
>10,female,Single,1.37,1.62,1.43,2.56,3,5.0,5.0,5.0,0.92,0.9,0.9,0.93,1.14,0.52,0.52,0.54,0.56,1.4,1.38,1.36,1.36
<5,male,Single,1.37,5.0,1.43,2.56,3,5.0,5.0,5.0,0.92,0.9,0.9,0.92,1.13,0.52,0.52,0.54,0.56,1.4,1.38,1.36,1.36
<5,female,Single,1.38,5.0,1.44,2.56,3,5.0,5.0,5.0,0.92,0.9,0.9,0.91,1.13,0.52,0.52,0.53,0.56,1.42,1.48,1.36,1.37
<5,female,Single,1.38,,1.44,2.57,3,5.0,5.0,5.0,0.91,0.89,0.89,0.91,1.12,0.52,0.52,,0.56,1.42,1.48,1.37,1.37
<5,female,Single,1.39,1.44,1.44,2.57,3,5.0,5.0,5.0,5.0,0.88,0.88,,1.11,0.51,0.51,0.53,1.56,1.55,1.41,1.38,1.38
<5,female,Single,1.4,1.64,1.45,2.58,3,5.0,5.0,5.0,5.0,0.87,0.87,0.89,1.1,0.51,0.51,0.52,0.65,1.56,1.42,1.39,1.39
<5,male,Single,1.41,1.45,1.46,2.59,3,5.0,5.0,2.68,5.0,0.87,0.86,0.87,1.09,0.51,0.51,0.52,0.64,0.86,,1.4,1.4
<5,female,Single,1.42,1.44,1.46,2.59,3,5.0,5.0,5.0,5.0,0.86,0.85,0.86,1.08,0.51,0.5,0.51,1.59,0.85,1.44,1.41,1.41
<5,male,Single,1.42,1.45,1.47,2.6,3,5.0,5.0,5.0,5.0,0.88,0.84,0.86,1.08,0.51,0.5,0.51,3.29,0.85,1.45,1.42,1.41
<5,male,Single,1.43,1.45,1.48,2.6,3,5.0,5.0,5.0,0.9,0.88,0.84,0.85,1.07,0.5,0.0,0.51,0.54,0.85,1.46,1.43,1.42
<5,male,Single,1.43,1.45,1.48,2.6,3,5.0,5.0,5.0,5.0,0.84,0.83,0.85,1.07,0.5,0.0,0.51,3.29,0.85,1.46,1.43,1.42
<5,female,Single,1.43,1.45,1.47,2.6,3,5.0,5.0,5.0,5.0,0.84,0.83,0.85,0.87,0.5,0.0,0.51,3.29,0.57,,1.43,1.42
<5,male,Single,1.43,1.45,1.47,2.6,3,5.0,5.0,5.0,5.0,0.84,0.84,0.85,0.87,0.5,0.0,0.5,3.28,0.56,1.53,1.43,1.42
<5,male,Single,1.42,,1.47,2.6,3,3.23,5.0,5.0,5.0,0.84,0.84,0.85,0.87,0.5,0.0,0.5,3.29,0.56,1.47,1.43,1.42
<5,female,Single,1.42,1.44,1.47,2.6,3,3.23,5.0,5.0,5.0,0.85,0.84,0.85,0.87,0.5,0.0,0.5,3.28,0.56,1.47,1.43,1.42
<5,male,Single,1.42,1.44,1.47,2.6,3,3.23,5.0,5.0,5.0,0.85,0.84,0.84,0.87,,0.0,0.5,0.53,0.85,1.46,1.42,1.42
<5,male,Single,1.42,1.44,1.47,2.6,3,3.23,5.0,0.9,1.16,0.85,0.84,0.85,0.87,0.5,0.0,0.5,0.52,0.85,1.47,1.42,1.41
<5,male,Single,1.42,1.44,1.48,2.61,3,3.23,5.0,0.9,1.16,0.85,0.84,0.85,1.08,0.5,0.0,0.0,0.52,0.55,1.47,1.42,1.41
<5,female,Single,1.42,1.44,2.63,2.61,3,3.23,3.26,0.91,1.15,0.85,0.84,0.85,0.87,0.0,0.0,,0.53,0.54,1.46,1.42,1.41
<5,male,Single,1.42,1.46,1.56,1.5,3,3.23,3.25,0.91,1.16,0.86,0.84,0.84,0.89,0.5,0.0,,1.62,0.53,0.59,1.43,1.41
<5,male,Single,1.41,1.45,1.46,1.49,3,3.23,5.0,5.0,5.0,0.87,0.85,0.84,0.88,0.5,0.0,0.0,0.54,0.53,1.47,1.43,1.41
<5,female,Single,1.41,1.43,1.46,1.48,3,3.23,3.25,5.0,5.0,1.02,0.85,0.84,1.14,0.51,0.0,0.0,0.51,0.52,0.87,1.45,1.41
<5,female,Single,1.41,1.42,1.45,1.47,3,3.23,2.69,5.0,5.0,5,0.85,0.84,0.86,0.58,0.0,0.0,0.0,0.52,0.84,1.45,1.41
<5,female,Single,1.41,1.42,1.45,1.47,3,3.23,2.67,5.0,5.0,5,0.89,0.85,0.86,0.58,0.0,0.0,0.0,1.49,0.84,1.44,1.42
<5,male,Single,1.41,1.42,1.44,1.46,3,3.24,2.68,5.0,5.0,5,0.85,0.85,0.86,0.51,0.0,0.0,0.0,1.5,0.83,1.44,1.42
<5,female,Single,1.41,1.42,1.44,1.46,3,3.24,2.68,3.89,5.0,5,0.85,0.85,0.85,0.52,0.0,0.0,0.0,1.59,0.83,1.44,1.42
<5,female,Single,1.41,1.42,1.43,1.46,3,3.24,5.0,5.0,5.0,0.88,0.85,0.85,0.85,0.58,0.0,0.0,0.0,1.6,0.84,1.44,1.42
<5,female,Single,1.41,1.42,1.45,1.46,3,3.24,3.26,5.0,3.89,5,0.85,0.85,0.85,0.57,0.0,0.0,,0.0,0.53,1.44,1.42
<5,female,Single,1.41,1.42,1.61,1.46,2,3.25,3.25,5.0,5.0,1.17,0.86,0.84,0.85,0.53,0.0,0.0,0.0,0.0,0.52,1.44,1.42
<5,female,Single,1.41,1.42,1.44,2.65,2,3.25,3.25,5.0,0.95,5,0.86,0.84,0.85,0.51,0.0,0.0,0.0,0.0,0.51,0.57,1.42
<5,female,Single,1.41,1.41,1.43,2.66,2,2.65,3.25,5.0,5.0,1.17,0.86,0.84,0.84,0.51,0.0,0.0,0.0,0.0,1.48,1.45,1.43
<5,male,Single,1.41,1.41,1.43,1.46,1,3.25,3.25,3.28,5.0,5,0.87,0.85,0.84,0.51,0.0,0.0,0.0,0.0,1.6,0.83,1.43
<5,female,Single,1.42,1.41,1.42,1.45,1,3.25,3.25,5.0,5.0,5,0.88,0.85,0.84,0.51,0.0,0.0,0.0,0.0,3.29,0.82,1.47
<5,female,Single,1.42,1.41,1.42,1.44,1,3.27,3.25,3.28,5.0,5,0.87,0.85,0.84,1.06,0.0,0.0,0.0,0.0,1.61,0.82,1.45
<5,male,Single,1.42,1.41,1.42,1.44,1,2.65,3.25,5.0,5.0,5,0.87,0.85,0.84,0.91,0.0,0.0,0.0,0.0,1.59,0.82,1.45
<5,male,Single,0.57,1.41,1.42,1.62,3,2.65,3.25,5.0,5.0,5,0.87,0.85,0.84,1.06,0.0,0.0,0.0,0.0,1.61,,1.44
<5,female,Single,0.56,1.41,1.44,1.61,3,2.65,3.25,5.0,5.0,5,0.87,0.85,0.84,1.05,0.51,0.0,0.0,0.0,1.59,0.51,0.54
<5,?,Single,0.56,1.41,1.42,,3,2.64,2.67,5.0,5.0,5,0.88,0.86,0.84,1.05,0.51,0.0,0.0,0.0,1.61,0.0,0.54
<5,male,Single,0.55,1.42,1.42,1.43,3,2.65,2.67,3.27,3.29,5,0.88,0.86,0.84,1.05,0.55,0.0,0.0,0.0,0.0,0.5,0.53
<5,female,Married,0.54,1.42,1.42,1.43,5,2.65,2.67,3.27,3.29,5,5.0,0.89,0.84,1.04,0.0,0.57,0.0,0.0,0.0,0.0,0.53
<5,male,Married,1.43,1.42,1.42,1.43,2,2.65,2.66,3.28,5.0,5,5.0,0.89,0.85,1.04,0.0,0.0,0.0,0.0,0.0,0.0,0.82
<5,male,Married,1.44,1.42,1.42,1.42,1,2.65,2.66,3.27,5.0,5,5.0,5.0,0.88,1.04,0.0,0.0,0.0,0.0,0.0,0.0,0.52
<5,male,Married,1.44,1.43,1.42,1.42,1,2.66,2.67,3.28,5.0,3.92,5.0,1.11,0.85,0.87,1.05,0.0,0.0,,0.0,0.0,0.0
<5,female,Married,0.52,1.42,1.42,1.42,1,2.66,3.28,3.28,3.29,5,3.92,0.87,0.84,0.86,1.07,0.0,0.0,0.0,0.0,0.0,0.0
<5,male,Single,0.51,1.43,1.42,1.42,1,2.66,2.68,3.28,3.29,5,3.92,1.11,0.84,0.86,1.04,0.55,0.0,0.0,,0.0,0.0
<5,male,Married,0.51,1.43,1.42,1.43,2,2.67,3.28,3.28,3.28,5,5.0,0.88,0.84,0.86,1.04,1.7,0.0,0.0,0.0,0.0,0.0
<5,male,Married,0.5,1.43,1.42,1.43,2,2.67,2.67,3.28,3.29,5,5.0,5.0,0.85,0.86,1.03,0.0,0.0,0.0,0.0,0.0,1.49
<5,male,Married,0.0,1.44,1.42,1.42,1,2.68,2.67,3.29,3.29,5,5.0,5.0,0.85,1.03,1.03,0.0,0.0,0.0,0.0,0.0,0.53
<5,male,Married,0.0,1.44,1.43,1.43,1,1.5,2.67,2.69,3.29,5,3.92,5.0,0.88,1.06,1.03,1.05,0.0,0.0,0.0,0.0,0.52
<5,male,Married,0.81,1.45,1.43,1.43,1,1.49,2.67,2.69,3.29,5,3.92,5.0,5.0,0.84,1.02,1.04,0.52,0.0,0.0,0.0,0.0
<5,female,Married,0.0,1.46,1.44,1.43,1,1.49,2.67,2.69,3.29,5,5.0,5.0,5.0,0.83,0.87,1.04,0.0,0.0,0.0,0.0,1.6
<5,female,Married,0.0,1.48,1.44,1.43,1,1.49,2.67,2.69,3.29,5,3.93,5.0,5.0,0.83,1.02,1.14,0.0,0.0,0.0,0.0,1.61
<5,female,Married,0.0,0.55,1.44,1.43,1,2.69,2.67,3.3,3.29,5,3.92,5.0,5.0,0.83,0.85,1.03,0.0,0.0,0.0,0.0,0.0
<5,male,Married,0.0,0.51,1.44,1.43,1,5.0,2.68,3.29,3.29,5,5.0,5.0,5.0,0.83,,1.02,0.52,0.0,0.0,0.0,0.0
<5,male,Married,0.0,0.51,1.45,1.43,1,2.71,2.68,3.3,2.71,3.31,3.92,3.92,5.0,0.83,0.85,1.02,1.32,0.0,0.0,0.0,0.0
<5,,Married,0.0,0.51,1.45,1.44,1,5.0,1.53,3.3,3.31,3.3,3.95,3.92,5.0,0.82,1.01,1.02,0.0,0.0,0.0,0.0,0.0
<5,male,Married,0.0,0.5,1.45,1.44,1,1.5,1.52,2.69,2.7,3.3,5.0,5.0,5.0,0.82,1.01,1.01,0.0,0.0,0.0,0.0,0.0
<5,male,Married,0.0,0.0,1.46,1.44,1,5.0,1.52,2.69,2.71,3.3,5.0,3.92,5.0,0.8,0.83,1.01,0.0,0.0,0.0,0.0,0.0
>10,male,Married,0.0,0.82,1.52,1.45,1,1.48,1.51,2.69,2.7,3.3,5.0,3.92,5.0,0.8,0.82,1.0,0.0,0.0,0.0,0.0,0.0
>10,?,Married,0.0,0.0,1.53,1.47,1,1.48,1.5,2.69,2.71,3.3,5.0,5.0,5.0,0.8,0.82,1.0,0.0,0.0,0.0,0.0,0.0
>10,female,Married,0.0,0.0,1.48,1.45,1,1.48,1.5,2.69,3.32,3.3,5.0,3.92,5.0,0.79,0.81,0.85,0.0,0.0,0.0,0.0,0.0
>10,female,Married,0.0,0.0,1.48,1.46,1,1.49,1.5,2.7,3.31,3.3,5.0,3.92,5.0,0.79,0.81,0.85,1.01,0.0,0.0,0.0,0.0
>10,male,Married,0.0,,1.49,1.45,1,1.49,1.5,2.7,3.31,3.3,5.0,5.0,5.0,0.8,0.81,0.85,1.01,0.0,,,0.0
>10,male,Married,0.0,0.0,1.48,1.45,1,1.48,1.5,2.7,3.31,3.3,5.0,3.92,5.0,0.8,0.81,0.84,1.02,0.0,0.0,0.0,0.0
>10,female,Married,0.0,0.0,1.57,1.46,1,1.48,1.5,2.69,3.31,3.3,5.0,5.0,5.0,0.8,0.81,0.85,1.02,0.0,0.0,0.0,0.0
>10,female,Married,0.0,0.0,1.57,1.46,1,1.48,1.5,2.69,3.3,3.29,5.0,3.92,5.0,0.79,0.81,1.0,1.01,0.0,0.0,0.0,0.0
>10,male,Married,0.0,0.0,1.53,1.46,1,1.48,1.5,2.69,3.3,3.29,5.0,3.92,5.0,0.79,0.8,0.83,1.02,0.0,0.0,0.0,0.0
>10,female,Married,0.0,0.0,1.49,1.46,1,1.48,1.51,2.68,3.29,3.28,5.0,5.0,5.0,0.79,0.8,0.83,1.01,0.0,0.0,0.0,0.0
>10,male,Married,0.51,,1.55,1.47,1,1.49,1.51,2.67,3.29,3.27,5.0,5.0,5.0,0.79,0.8,,1.01,0.0,0.0,0.0,0.0
>10,?,Married,0.53,0.52,1.56,1.48,1,1.5,1.52,2.66,3.28,3.26,5.0,3.88,5.0,0.78,0.79,0.81,1.01,0.0,0.0,0.0,0.0
>10,female,Married,0.54,0.53,1.57,,1,1.5,1.53,2.66,3.26,3.24,5.0,5.0,5.0,0.78,0.78,0.81,0.84,0.5,0.0,0.0,0.0
<5,,Married,0.55,0.54,1.59,1.49,1,1.52,1.53,2.65,3.25,3.23,5.0,5.0,5.0,0.77,0.78,0.8,0.83,0.52,,0.0,0.0
>10,female,Married,0.57,0.56,1.6,1.5,1,1.52,1.54,2.63,3.23,3.21,5.0,5.0,5.0,0.76,0.77,0.79,0.57,0.54,0.51,0.5,0.51
>10,female,Married,0.58,0.58,0.61,1.5,1,1.53,1.55,2.62,3.23,3.2,5.0,5.0,5.0,0.75,0.76,0.79,0.59,0.55,0.53,0.52,0.53
>10,female,Married,0.6,0.59,1.54,1.51,2,1.54,1.55,,3.21,3.17,5.0,5.0,5.0,0.75,0.75,0.78,1.03,0.57,0.54,0.54,0.54
>10,?,Married,0.59,0.61,1.55,1.52,2,1.55,1.56,2.6,3.2,3.15,5.0,3.77,5.0,0.74,0.75,0.77,1.04,0.58,0.56,0.56,0.56
>10,male,Married,0.61,0.63,1.56,1.53,2,1.55,1.57,2.59,3.19,3.14,5.0,5.0,5.0,0.73,0.74,0.76,1.04,0.6,0.58,0.58,0.58
>10,male,Married,0.63,0.65,1.56,1.54,2,1.56,1.57,2.57,2.62,3.12,5.0,5.0,5.0,0.72,0.73,0.75,1.05,0.62,0.6,0.59,0.6
>10,female,Married,0.65,0.67,1.56,,2,5.0,1.58,2.56,2.61,3.1,5.0,5.0,5.0,0.72,0.72,0.75,0.77,0.64,0.62,0.61,0.62
>10,?,Married,0.66,0.69,1.57,1.55,2,5.0,1.59,2.55,2.57,3.08,5.0,5.0,5.0,0.71,0.71,,0.77,0.66,0.64,0.63,0.64
>10,female,Married,0.71,0.71,1.58,1.56,2,5.0,1.6,2.54,3.1,3.06,5.0,5.0,5.0,0.7,0.71,0.73,,,,0.65,0.66
>10,female,Married,0.74,0.72,1.59,1.57,2,5.0,1.61,2.52,3.12,3.04,5.0,5.0,5.0,0.69,0.7,1.08,0.76,0.7,0.68,0.67,0.68
>10,male,Married,0.72,0.74,1.6,1.57,2,5.0,1.61,2.51,3.04,3.02,5.0,5.0,5.0,0.69,0.69,,0.74,0.72,0.7,0.69,0.7
>10,male,Married,0.74,0.76,1.61,1.58,2,5.0,1.62,2.5,3.01,3,5.0,5.0,5.0,0.68,0.69,1.1,0.73,0.74,0.72,0.71,0.72
>10,female,Married,0.76,0.78,1.61,1.59,2,5.0,1.63,2.49,3.07,2.98,5.0,5.0,5.0,0.67,0.68,0.7,0.72,0.76,0.74,0.73,0.74
<5,male,Married,0.78,0.8,1.62,1.6,2,5.0,1.64,2.47,2.98,2.97,5.0,5.0,5.0,0.67,0.67,0.7,0.72,0.77,0.76,0.75,0.76
<5,female,Married,0.79,0.82,0.86,1.6,2,5.0,1.65,2.46,3.05,2.95,5.0,5.0,5.0,0.66,0.67,0.75,0.71,0.79,0.77,0.77,0.77
,female,Married,0.81,0.84,1.63,1.61,2,5.0,1.65,2.45,3.03,2.93,5.0,5.0,5.0,0.66,0.66,0.68,0.71,0.81,0.79,0.78,0.79
>10,female,Married,0.83,0.86,0.9,1.62,2,5.0,1.66,2.44,2.93,2.91,2.96,3.5,5.0,0.65,0.67,0.67,1.13,0.83,0.81,0.8,0.81
>10,male,Married,0.85,0.87,1.66,1.63,2,5.0,1.67,3.01,3.01,2.89,2.96,5.0,5.0,0.65,0.65,0.67,0.69,0.85,0.83,0.82,0.83
>10,male,Married,0.86,0.89,1.66,1.63,2,5.0,1.67,2.43,2.99,2.88,5.0,5.0,5.0,0.65,0.64,0.74,0.68,0.86,,0.84,0.84
>10,female,Married,0.88,0.9,1.67,1.64,2,5.0,1.68,2.41,2.98,2.86,2.91,3.23,5.0,0.64,0.64,0.75,0.68,,0.86,0.85,0.9
>10,male,Married,0.89,0.92,1.68,1.65,2,1.67,1.69,2.4,2.97,2.85,2.9,5.0,5.0,0.64,0.63,0.66,0.68,0.89,0.88,0.86,0.88
>10,female,Married,0.91,0.93,1.69,1.65,2,5.0,2.98,2.39,2.96,2.83,5.0,5.0,5.0,0.63,0.63,0.65,1.18,0.91,0.89,0.88,0.92
>10,male,Married,0.92,0.95,1.69,1.66,2,5.0,2.98,2.38,2.84,2.82,5.0,5.0,5.0,0.63,0.62,0.65,1.19,0.92,0.9,0.89,0.94
>10,?,Married,0.93,0.96,1.69,1.66,2,5.0,2.97,2.38,2.83,2.81,5.0,5.0,5.0,0.62,0.62,0.66,1.19,0.93,0.91,0.9,0.95
>10,male,Married,0.94,1.33,1.7,1.67,2,5.0,2.96,2.37,2.94,2.8,2.81,3.43,5.0,0.62,0.62,1.6,0.67,0.94,0.93,0.92,0.98
>10,male,Married,0.97,1.34,1.72,1.67,2,5.0,2.95,2.36,2.93,2.78,2.79,3.39,5.0,0.61,0.62,0.64,0.66,0.96,0.94,0.93,0.95
>10,,Married,0.98,1.36,1.73,1.68,2,5.0,2.94,2.35,2.92,2.77,2.77,3.37,5.0,0.61,0.61,0.63,1.22,0.98,0.96,0.94,0.96
>10,,Married,1.0,,1.74,1.69,2,5.0,1.72,2.35,2.91,2.75,2.76,5.0,5.0,0.6,0.61,0.64,0.65,1.22,0.97,0.96,1.0
>10,male,Married,1.01,2.06,1.98,1.69,2,5.0,1.73,2.34,2.9,2.74,2.74,5.0,5.0,0.6,0.6,0.62,0.64,1.23,0.99,0.97,0.98
>10,female,Married,1.03,2.06,1.99,1.7,2,5.0,1.73,2.34,2.89,2.72,2.72,5.0,5.0,0.59,0.6,0.62,1.25,1.03,1.01,0.99,1.0
>10,female,Married,1.03,,2.01,1.71,2,5.0,1.74,2.88,2.87,2.7,2.7,,5.0,0.59,0.59,0.61,1.27,1.05,1.03,1.01,1.01
>10,female,Married,1.05,2.09,2.02,1.72,2,1.75,1.74,2.32,2.86,2.69,2.69,5.0,5.0,,0.58,0.6,0.63,1.06,1.27,1.03,1.03
>10,female,Married,1.06,1.11,2.04,1.73,2,1.73,1.74,2.29,2.85,2.67,2.67,5.0,5.0,0.58,0.58,0.6,0.63,1.08,1.28,1.04,1.05
>10,male,Married,1.08,2.11,2.06,1.73,2,1.73,1.75,2.28,2.84,2.65,2.65,2.68,5.0,0.58,0.57,0.59,1.3,1.29,1.09,1.06,1.07
>10,female,Married,1.11,2.18,2.07,1.73,2,1.73,2.84,2.27,2.82,2.64,2.63,5.0,5.0,0.57,0.57,0.59,0.62,1.3,1.1,1.08,1.09
>10,female,Married,1.12,1.17,2.09,1.74,2,1.74,1.77,2.26,2.81,2.62,2.61,2.64,5.0,0.56,0.56,0.58,0.62,,1.12,1.1,1.1
>10,female,Married,1.14,1.46,2.1,1.75,2,1.75,2.81,2.8,2.8,2.6,2.59,5.0,5.0,0.56,0.56,0.57,1.34,1.33,1.14,1.12,1.12
>10,female,Married,1.16,1.48,1.49,1.76,2,1.76,2.81,2.82,2.78,2.58,2.57,,5.0,0.56,0.55,0.57,1.4,1.34,1.34,1.14,1.14
>10,male,Married,1.18,1.48,1.51,1.75,2,5.0,1.79,2.77,2.77,2.56,2.55,,5.0,0.55,0.55,,1.39,1.36,1.36,1.16,1.16
>10,male,Married,1.2,1.49,2.15,1.76,2,1.76,1.8,2.77,2.76,2.54,2.53,2.55,5.0,0.55,0.54,0.56,1.42,1.37,1.37,1.18,1.18
>10,,Married,1.22,1.5,1.27,1.76,2,1.77,2.77,2.75,2.74,2.52,2.51,2.53,5.0,0.54,0.54,0.56,1.42,1.39,1.39,1.2,1.2
>10,,Married,1.23,1.27,1.29,1.77,2,1.77,2.75,2.73,2.73,2.5,2.49,5.0,5.0,0.54,0.53,0.55,2.87,1.41,1.4,1.22,1.22
>10,male,Married,1.25,1.52,2.2,1.77,2,1.78,1.82,2.72,2.71,2.48,2.47,2.49,5.0,0.58,0.53,0.54,0.67,1.29,1.42,1.24,1.24
>10,female,Married,1.27,1.53,2.22,1.78,2,1.79,2.72,2.7,2.7,5,2.45,2.47,5.0,,0.53,,0.62,1.31,1.43,1.26,1.26
>10,male,Married,1.29,1.54,1.36,1.79,2,1.79,2.71,2.69,2.69,2.47,2.43,2.45,5.0,0.53,0.52,0.53,0.66,1.32,1.45,1.28,1.28
>10,female,Married,1.31,1.36,1.36,1.79,2,1.8,2.7,2.67,2.67,2.43,2.41,2.43,5.0,0.52,0.52,0.53,0.69,1.47,1.46,1.3,1.3
>10,female,Married,,1.38,1.38,1.8,2,1.8,2.67,2.66,2.66,2.41,2.39,2.41,3.0,0.52,0.51,0.52,0.65,1.36,1.48,1.32,1.32
>10,male,Married,1.35,1.58,1.4,1.81,2,1.81,1.85,2.65,2.65,2.39,2.37,2.39,2.98,0.52,0.51,0.52,0.64,1.44,1.49,1.34,1.34
>10,female,Married,1.37,1.59,1.42,1.81,2,1.81,2.65,2.63,2.63,2.41,2.35,2.37,2.92,0.52,0.5,0.51,0.63,1.43,1.51,1.36,1.35
>10,male,Married,1.39,1.43,1.44,1.82,2,1.81,2.64,2.62,2.62,2.35,2.33,2.35,2.9,3.82,0.5,0.51,0.62,1.42,1.52,1.38,1.37
>10,male,Married,1.41,1.46,1.46,1.82,2,1.82,1.86,2.61,2.61,2.38,2.31,2.33,2.88,3.8,0.0,0.51,0.64,1.44,1.43,,1.39
>10,male,Married,1.43,1.46,1.48,1.86,2,1.82,1.87,2.59,2.6,2.35,2.29,2.31,2.86,3.79,0.5,0.53,0.67,,1.45,1.42,1.41
>10,male,Married,1.45,1.48,1.5,1.84,2,1.83,1.87,2.58,2.58,2.29,2.27,2.29,2.84,3.78,0.52,0.54,0.61,1.49,1.47,1.44,1.43
>10,male,Married,1.46,1.5,1.52,1.84,2,1.83,1.87,2.57,2.57,2.32,2.25,2.27,2.83,5.0,0.51,0.52,0.62,1.51,1.48,1.46,1.45
>10,male,Married,1.48,1.52,1.54,1.85,2,1.84,2.57,2.55,2.44,2.25,2.23,2.25,2.81,,5.0,,0.64,1.53,1.51,1.48,1.47
>10,female,Married,1.5,1.53,1.55,1.85,2,1.84,2.55,2.54,2.42,2.23,2.21,2.23,2.79,5.0,5.0,0.5,0.66,1.54,1.52,1.5,1.49
>10,,Married,1.52,1.55,1.57,1.88,2,1.85,2.54,2.41,2.53,2.26,2.19,2.21,2.77,5.0,5.0,0.5,0.61,1.56,1.54,1.52,1.51
>10,male,Married,1.54,1.57,1.59,1.89,2,1.85,2.53,2.39,2.52,2.25,2.17,2.19,2.76,5.0,5.0,0.5,0.59,0.8,1.56,1.54,1.53
>10,male,Married,1.56,1.6,1.61,1.9,2,1.86,2.51,2.39,2.51,2.2,2.15,2.16,2.74,5.0,5.0,,0.61,0.81,1.58,1.56,1.55
>10,male,Married,1.58,1.61,1.63,1.9,2,1.86,2.24,2.49,2.49,2.15,2.13,2.15,2.72,5.0,5.0,5.0,0.6,0.83,1.6,1.58,1.58
>10,male,Married,1.6,1.63,1.65,1.9,2,1.87,2.22,2.48,2.48,2.19,2.11,2.13,2.7,5.0,5.0,0.51,0.59,0.84,1.62,1.6,1.59
>10,?,Married,1.62,1.65,1.67,1.91,2,1.87,1.98,2.46,2.47,2.12,2.09,2.11,2.13,5.0,5.0,,0.59,0.85,1.64,1.61,1.62
>10,female,Married,1.64,1.66,1.69,1.91,2,1.87,1.97,2.45,2.46,2.09,2.07,2.09,2.66,5.0,5.0,5.0,,,1.66,1.63,1.64
>10,female,Married,1.79,1.79,1.79,1.91,2,1.9,1.93,2.26,2.21,2.02,1.97,1.99,2.57,5.0,1.53,5.0,0.57,0.78,1.76,1.74,1.73
>10,female,Married,1.78,2.14,1.81,1.91,2,1.9,2.38,2.24,2.39,2.03,1.95,1.97,2.55,5.0,1.52,5.0,0.57,0.79,1.78,1.75,1.75
5-10,female,Married,1.84,2.22,1.89,,2,1.92,1.97,2.19,2.15,1.91,1.87,1.89,1.91,1.5,1.5,5.0,1.92,0.73,1.86,1.83,1.83
5-10,male,Married,1.86,1.98,1.91,1.94,2,1.93,1.94,2.18,2.13,1.89,1.86,1.87,1.89,1.5,1.49,5.0,1.94,0.74,1.88,1.85,1.85
5-10,female,Married,1.88,2.79,1.93,1.96,2,1.93,1.97,2.18,2.11,1.98,1.84,1.85,1.87,1.5,1.49,1.51,1.96,0.71,1.9,1.87,1.87
5-10,female,Married,1.89,2.8,1.95,1.99,2,1.94,2.3,2.16,2.09,1.84,1.82,,1.85,1.5,1.49,1.5,5.0,0.72,1.91,1.89,1.88
5-10,female,Married,1.92,2.82,1.98,,2,1.94,1.86,2.15,2.08,1.83,1.8,1.81,1.83,,1.48,1.5,1.52,0.73,1.93,1.91,1.9
5-10,male,Married,1.94,2.83,2.82,1.96,2,1.94,2.28,2.28,2.02,1.8,1.78,1.79,1.81,1.5,1.48,1.49,1.52,0.71,1.95,1.93,1.92
5-10,female,Married,1.95,2.85,2.84,1.96,2,1.95,2.27,2.12,2.01,1.77,1.76,1.77,1.8,1.49,1.47,1.49,1.51,0.72,1.97,1.95,1.94
5-10,male,Married,1.97,2.01,2.85,1.96,2,1.96,2.26,2.11,2.0,1.75,1.74,1.75,1.78,1.51,1.47,1.49,5.0,0.73,1.99,1.96,1.96
5-10,?,Married,1.99,2.87,2.87,1.96,2,1.96,2.25,2.25,1.88,1.73,1.72,1.74,1.76,1.54,1.47,1.48,2.11,0.74,2.0,1.98,1.98
5-10,male,Married,2.01,2.89,2.91,1.96,2,1.97,2.25,2.24,1.86,1.71,1.71,1.72,1.74,1.48,1.47,1.48,2.13,0.69,2.02,2.0,2.0
5-10,female,Married,2.03,2.9,2.91,1.97,2,5.0,2.23,2.23,1.72,1.69,1.69,1.7,1.73,1.47,1.46,1.48,5.0,0.7,2.04,2.01,2.01
5-10,male,Married,2.05,2.92,2.92,1.97,2,1.98,1.75,2.22,1.7,1.68,1.67,1.69,1.71,1.46,1.46,1.48,5.0,0.71,2.05,2.03,2.03
5-10,female,Married,2.06,2.93,2.94,1.97,2,1.98,2.01,2.21,1.68,1.66,1.66,1.67,2.28,1.46,1.46,2.79,5.0,0.72,2.07,2.05,2.05
5-10,female,Married,2.08,2.13,2.97,1.97,2,1.99,1.71,2.03,1.66,1.64,1.64,1.66,2.27,1.45,1.46,2.79,5.0,0.73,2.08,2.06,2.07
>10,male,Married,2.11,2.15,2.99,1.97,2,2.0,1.69,2.2,1.64,1.63,1.63,1.65,2.25,1.45,1.48,2.78,5.0,0.74,2.09,2.07,2.08
>10,female,Married,2.12,2.03,2.01,1.98,2,2.21,1.67,1.65,1.62,1.61,1.62,1.64,2.24,1.45,1.49,2.78,5.0,0.82,2.1,2.09,2.1
>10,male,Married,2.13,2.03,2.01,1.98,2,2.19,1.65,1.63,1.61,1.6,1.61,1.96,2.23,1.44,,2.77,5.0,0.83,2.11,2.1,2.14
>10,female,Married,2.14,,2.02,1.99,2,2.18,1.64,1.61,1.59,1.58,1.59,1.95,2.21,1.44,1.45,1.48,5.0,0.87,2.13,2.11,2.13
5-10,female,Married,2.16,2.19,2.02,1.99,2,2.02,1.62,1.74,1.58,1.57,1.58,1.61,2.2,1.43,1.44,1.47,5.0,0.96,2.15,2.13,2.14
5-10,female,Married,2.18,2.04,2.25,1.99,2,2.17,1.61,1.73,1.57,1.56,1.57,1.59,2.19,1.43,1.44,1.47,5.0,1.01,2.15,2.14,2.16
5-10,male,Married,2.2,2.22,2.01,1.99,2,2.16,1.59,1.72,1.6,1.55,1.56,1.59,1.61,1.43,1.44,1.47,2.24,1.27,2.16,2.15,2.25
<5,male,Married,2.05,3.05,2.01,1.99,2,2.14,1.85,1.56,1.54,1.54,1.55,1.58,2.17,,1.44,1.47,5.0,1.27,,2.17,2.27
<5,female,Married,2.05,3.06,2.01,1.99,5,2.14,1.83,1.54,1.53,1.53,1.55,1.57,2.16,1.43,2.74,5.0,5.0,1.29,2.18,2.18,2.22
<5,,Married,2.05,2.03,2.01,2.0,2,2.13,1.82,1.53,1.51,1.51,1.56,1.49,1.47,1.46,2.74,,0.82,1.65,2.19,2.12,4.51
<5,female,Married,2.05,2.04,2.02,2.0,2,2.12,1.53,1.51,1.5,1.51,1.53,1.56,1.45,1.43,2.33,5.0,0.83,1.67,2.2,2.21,4.52
<5,male,Married,2.05,2.31,5.0,2.01,2,2.11,1.51,1.49,1.48,1.5,1.51,1.55,5.0,1.42,2.72,2.3,0.83,1.68,2.21,2.22,2.1
<5,female,Married,2.28,5.0,2.03,2.01,2,2.08,1.5,1.5,1.47,1.48,1.5,1.54,5.0,1.41,1.43,,0.84,2.24,2.23,2.13,3.11
<5,female,Married,2.3,2.06,2.03,2.02,2,2.08,1.49,1.47,1.46,1.47,1.49,2.1,5.0,1.41,1.43,2.33,0.85,2.25,2.24,2.25,3.12
<5,male,Married,2.32,2.05,2.03,2.03,2,2.1,1.64,1.46,1.45,1.47,1.49,2.09,1.52,1.41,,2.3,0.99,2.25,2.25,2.29,2.11
<5,female,Married,2.08,2.05,2.03,2.04,2,1.93,1.46,1.45,1.44,1.46,1.48,2.07,1.41,1.44,5.0,2.35,2.28,2.26,2.26,2.28,2.11
<5,female,Married,2.08,2.05,2.04,2.08,2,1.79,1.44,1.43,1.43,1.45,1.79,1.43,1.4,1.42,5.0,2.31,2.28,2.27,2.27,2.3,3.14
<5,male,Married,2.08,2.06,2.05,2.07,2,1.46,1.43,1.42,1.42,1.47,1.77,1.41,1.39,1.42,1.43,2.31,2.29,2.28,2.29,2.15,2.12
<5,male,Married,2.09,2.07,2.06,2.07,2,1.45,1.41,1.41,1.42,1.45,2.03,2.04,1.38,5.0,5.0,2.32,1.75,2.29,2.31,2.38,3.17
<5,male,Married,2.41,2.11,2.07,2.08,2,1.44,1.4,1.39,1.42,1.74,2.01,2.03,1.37,1.4,5.0,2.36,1.75,2.3,2.31,2.71,3.19
<5,male,Married,2.43,5.0,2.08,2.09,2,1.61,1.39,1.38,1.39,1.72,2.0,2.02,1.37,1.37,5.0,2.38,1.75,2.31,2.32,2.35,2.38
<5,?,Married,2.46,2.1,2.1,2.11,2,1.61,1.4,1.37,1.38,1.7,1.98,1.43,1.35,1.37,5.0,2.38,1.76,2.33,2.34,3.23,2.4
<5,male,Married,2.15,2.11,2.11,2.12,2,1.39,1.37,1.36,1.37,1.69,1.96,1.42,1.32,5.0,5.0,2.4,1.77,2.34,2.36,3.24,3.25
<5,male,Married,2.15,2.12,2.12,2.14,2,1.6,1.35,1.35,1.38,1.67,1.95,1.97,1.31,5.0,2.41,2.38,2.35,2.35,2.37,3.26,3.27
>10,female,Married,2.15,2.14,2.14,2.14,2,1.52,1.34,1.35,1.37,1.66,1.93,1.38,1.29,5.0,2.41,2.38,2.36,2.36,2.41,2.47,5.0
<5,female,Married,2.16,2.15,2.16,2.14,2,1.36,1.33,1.37,1.65,1.65,1.31,1.29,1.28,5.0,2.41,1.0,2.37,2.43,4.06,3.29,5.0
<5,male,Married,2.17,2.16,2.18,2.12,2,1.34,1.32,5.0,1.65,1.9,1.91,1.28,1.27,5.0,2.41,2.39,2.37,2.4,4.07,3.3,2.19
<5,male,Married,2.18,2.17,2.18,2.12,2,1.33,1.31,1.33,1.62,1.89,1.9,1.34,1.25,1.21,2.41,2.39,2.38,2.39,4.09,3.31,2.2
<5,male,Married,2.2,2.19,2.21,2.12,2,1.32,1.3,1.32,1.6,1.87,1.89,1.3,1.24,1.21,2.42,2.4,2.39,2.4,4.1,,2.22
<5,female,Married,2.21,2.2,2.2,2.12,2,1.31,1.3,1.31,1.33,1.36,1.87,5.0,1.23,1.21,2.43,2.43,,2.41,3.36,2.46,2.25
<5,male,Married,2.22,2.21,2.2,2.13,2,1.4,1.29,1.3,1.58,1.36,3.55,1.29,1.22,1.2,5.0,2.43,2.4,2.41,3.38,2.27,2.26
>10,female,Married,2.23,2.23,2.21,2.13,2,1.33,1.29,1.3,1.56,1.83,1.23,1.21,1.2,1.19,2.44,2.42,2.41,2.42,3.38,2.27,2.25
>10,female,Married,2.2,2.24,2.21,2.14,2,1.33,1.28,1.31,1.56,1.82,1.21,1.19,1.19,1.19,2.45,2.42,2.42,2.43,3.39,3.39,2.25
>10,male,Married,2.2,2.25,2.22,2.14,2,1.28,1.28,1.56,1.55,1.81,1.19,1.18,1.18,1.19,2.44,2.42,2.42,2.44,3.4,3.41,2.27
>10,,Married,2.21,2.26,2.17,2.15,2,1.27,1.28,1.53,1.53,1.8,1.18,1.16,5.0,1.18,2.44,2.43,2.43,2.45,2.33,2.31,2.28
>10,,Married,2.21,2.26,2.17,1.62,2,1.27,1.28,1.52,1.54,1.47,1.16,1.15,1.16,5.0,1.6,2.43,2.44,2.46,2.34,2.31,2.29
>10,male,Married,2.22,2.26,2.17,1.63,2,1.26,1.28,1.51,1.77,1.78,1.14,1.13,5.0,5.0,1.6,2.44,2.45,4.18,2.35,2.33,2.3
>10,male,Married,2.25,2.27,2.18,1.84,2,1.25,1.27,1.5,1.75,1.8,1.13,1.12,1.13,1.18,0.94,2.44,2.48,2.47,3.45,2.37,2.31
5-10,male,Married,2.29,2.27,2.18,1.32,1,1.25,1.26,1.49,1.74,1.77,1.16,1.11,1.12,1.17,0.94,2.44,2.51,4.21,3.46,5.0,2.33
>10,male,Married,2.3,2.28,2.2,1.31,2,1.25,1.26,1.48,1.73,1.74,1.13,1.09,1.1,1.16,0.94,2.45,2.46,2.48,3.47,5.0,2.35
<5,female,Married,2.31,2.29,2.2,1.3,2,1.24,1.26,1.47,1.72,3.54,1.09,1.08,1.1,1.16,0.94,2.45,2.46,2.43,3.49,5.0,2.36
5-10,,Married,2.36,2.25,2.21,1.29,2,1.24,1.25,1.46,1.71,1.73,1.07,1.07,5.0,1.15,,2.45,2.47,5.0,3.5,5.0,2.28
>10,male,Married,2.29,2.32,1.66,1.28,1,1.24,1.26,1.57,1.7,1.71,1.05,1.05,5.0,1.14,0.94,2.46,2.48,,2.45,2.42,2.3
>10,male,Married,2.39,2.24,1.66,1.65,1,1.24,1.26,1.69,1.69,1.06,1.04,1.04,5.0,1.13,0.93,2.46,2.48,2.46,3.53,2.43,2.39
>10,female,Married,2.28,2.25,2.24,1.29,1,1.24,1.26,1.09,1.68,1.03,1.02,1.03,5.0,1.13,0.93,2.47,2.48,2.47,5.0,2.43,2.41
<5,female,Married,2.36,2.26,1.69,1.28,1,1.24,1.26,1.66,1.67,1.02,1.01,1.02,5.0,1.13,0.93,2.47,4.3,2.48,5.0,2.36,2.33
<5,male,Married,2.37,2.27,1.68,1.27,1,1.25,1.27,1.28,1.67,1,0.99,1.02,5.0,2.48,0.93,2.48,5.0,2.49,2.56,2.45,2.41
<5,female,Married,2.08,2.28,1.68,1.27,1,1.24,1.41,1.64,1.3,0.99,0.98,0.99,1.01,2.48,0.93,2.48,5.0,2.5,5.0,2.46,2.45
<5,?,Married,2.09,2.29,1.69,1.27,1,1.27,1.4,1.63,1.65,0.97,0.96,0.98,5.0,2.48,0.94,2.48,2.5,2.52,2.51,2.48,2.46
<5,male,Married,2.1,1.72,1.7,1.47,1,1.29,1.28,1.63,1.64,1.04,0.95,0.96,5.0,2.49,0.94,2.48,2.5,2.53,2.52,2.49,2.48
<5,male,Married,2.12,1.72,1.7,1.49,1,1.25,1.29,1.62,1.63,0.95,0.94,0.95,5.0,0.95,0.94,2.48,2.51,2.53,5.0,2.39,2.49
<5,female,Married,1.76,1.73,1.65,1.27,1,1.26,1.56,1.61,1.0,0.92,0.92,,5.0,0.94,0.94,2.48,5.0,2.54,2.54,2.51,2.51
<5,female,Married,2.35,1.75,1.73,1.26,1,1.26,1.56,1.61,0.99,0.91,0.91,5.0,5.0,0.95,2.47,2.48,5.0,2.56,2.57,2.52,2.52
<5,male,Married,2.35,2.35,1.66,1.26,1,1.38,0.96,1.61,0.91,0.89,0.91,5.0,5.0,0.93,2.47,2.49,3.64,2.57,2.56,2.53,2.54
<5,female,Married,2.36,1.76,1.57,1.25,1,1.37,1.29,3.54,0.89,0.88,0.89,5.0,5.0,0.92,2.48,4.38,3.64,2.58,2.57,2.55,2.56
<5,?,Married,2.37,1.76,1.58,1.25,1,1.37,1.29,1.6,0.87,0.86,0.87,0.91,5.0,0.89,5.0,,3.64,2.59,2.57,2.52,2.59
>10,male,Married,1.8,1.77,1.55,1.25,1,1.37,1.3,3.54,0.86,0.85,0.86,5.0,1.01,0.88,5.0,4.4,3.65,2.6,2.59,,2.59
>10,female,Married,1.81,1.79,1.55,1.26,1,1.57,1.3,1.58,0.85,0.84,0.85,5.0,1.0,0.87,5.0,4.4,3.65,2.61,2.6,2.59,2.61
>10,male,Married,1.81,1.8,1.57,1.26,1,1.4,1.56,0.94,0.83,0.82,0.83,5.0,0.98,0.87,,4.41,3.66,2.63,2.61,2.6,2.65
>10,female,Married,1.82,1.8,1.58,1.26,1,1.38,1.56,1.58,0.83,0.82,0.83,5.0,0.98,0.86,0.89,4.41,3.66,2.64,2.62,2.61,2.63
<5,female,Married,1.83,1.81,1.58,1.27,1,1.56,1.31,1.58,0.83,0.82,0.82,5.0,0.99,0.86,5.0,4.41,3.66,2.63,2.62,2.61,2.53
<5,female,Married,2.42,1.81,1.8,1.27,1,1.42,0.88,1.59,0.83,0.82,0.83,5.0,5.0,0.86,5.0,4.41,3.66,2.63,2.63,2.56,2.53
<5,female,Married,2.42,1.8,1.8,1.27,1,1.37,0.89,1.6,0.83,0.82,0.83,5.0,5.0,0.86,5.0,4.41,5.0,2.63,2.62,2.56,2.53
<5,male,Married,2.42,1.8,1.8,1.27,1,1.37,0.89,1.6,0.83,0.82,0.83,5.0,5.0,0.86,5.0,4.41,4.84,2.63,2.62,2.56,2.53
<5,male,Married,2.42,1.8,1.64,1.27,1,1.37,0.89,1.6,0.83,0.82,0.83,5.0,5.0,0.87,5.0,4.41,5.0,2.63,2.62,2.56,2.62
<5,male,Married,2.42,1.81,1.8,1.27,1,1.37,1.3,1.58,0.83,0.82,0.83,5.0,5.0,0.87,5.0,4.41,5.0,2.63,2.62,2.6,2.61
<5,male,Married,2.42,1.81,1.8,1.27,1,1.38,1.3,1.59,0.84,0.82,0.83,5.0,5.0,0.88,5.0,4.41,3.67,2.63,2.62,2.58,2.61
<5,female,Married,2.42,1.81,1.59,1.27,1,1.29,1.31,1.59,0.84,0.82,0.84,5.0,5.0,0.89,0.91,4.41,3.67,2.63,2.62,2.6,2.61
<5,?,Married,2.42,1.82,1.67,1.28,1,1.28,0.89,1.58,0.84,0.83,0.84,5.0,5.0,0.89,0.91,4.41,3.67,2.64,2.62,2.6,2.61
<5,male,Married,2.42,2.2,1.67,1.28,1,1.28,0.9,1.58,0.85,0.83,0.84,5.0,5.0,1.82,0.91,4.41,3.71,3.66,2.62,2.6,2.61
<5,male,Married,2.43,2.42,1.72,1.28,1,1.28,1.57,1.58,0.92,0.83,0.83,5.0,5.0,1.83,0.86,4.41,4.41,3.66,2.62,2.6,2.6
<5,female,Married,2.43,1.82,1.8,1.3,1,1.28,1.57,1.59,0.92,0.83,0.83,0.85,5.0,,0.86,5.0,3.71,3.66,2.62,2.61,2.6
<5,,Married,2.44,1.81,1.8,1.44,1,1.28,1.32,1.19,0.93,0.84,0.83,0.84,5.0,0.86,0.85,5.0,4.83,3.65,2.63,2.61,2.6
<5,male,Married,2.23,1.82,1.8,1.5,1,1.28,1.32,1.19,0.93,0.86,0.82,0.84,5.0,0.86,0.85,5.0,4.41,3.65,5.0,2.61,2.6
<5,female,Married,2.23,1.82,1.81,1.5,1,1.28,1.32,1.19,1.6,0.86,0.82,0.84,0.86,0.85,0.85,5.0,3.71,3.64,5.0,2.61,2.6
<5,female,Married,2.61,1.83,1.81,1.56,1,1.28,1.58,1.58,1.59,0.83,0.82,0.83,0.86,0.85,0.85,5.0,4.41,3.64,2.65,,2.57
<5,male,Married,2.61,1.83,1.81,1.59,1,1.28,1.5,1.58,1.59,0.83,0.82,0.83,0.85,0.86,0.84,5.0,4.41,3.64,5.0,2.62,2.6
<5,female,Married,2.53,2.43,1.81,1.6,1,1.28,1.31,1.33,1.59,0.83,0.82,,0.86,5.0,0.84,2.45,4.41,3.64,5.0,2.61,2.61
>10,female,Married,2.55,2.44,1.82,1.66,1,1.28,1.3,1.58,1.61,0.83,0.82,0.84,0.85,0.97,0.84,0.85,5.0,3.65,3.69,2.62,2.61
<5,female,Married,2.6,2.45,2.43,1.81,1,1.28,1.3,1.59,1.2,0.84,0.82,0.83,5.0,0.96,0.85,0.84,5.0,3.66,3.64,5.0,2.6
<5,male,Married,2.6,2.45,2.43,1.33,1,1.28,1.29,1.59,1.19,0.85,0.82,0.83,5.0,0.86,0.88,0.84,5.0,3.7,3.65,2.53,2.5
<5,male,Married,2.6,2.62,1.83,1.33,2,1.28,1.3,1.59,1.2,0.96,0.83,0.83,0.84,0.86,0.84,0.83,5.0,3.7,3.64,2.65,2.62
<5,male,Married,2.6,2.61,2.43,1.82,2,1.29,1.3,1.59,1.2,3.56,0.83,0.82,0.84,0.96,0.84,0.83,5.0,3.69,3.64,5.0,5.0
<5,male,Married,2.6,2.61,1.84,1.82,5,1.29,1.3,1.59,1.59,0.85,0.83,0.82,0.83,0.95,0.84,0.83,5.0,4.4,3.64,5.0,5.0
>10,male,Married,2.57,2.62,2.44,1.35,2,1.29,1.3,1.6,1.6,1.61,0.83,0.82,0.83,0.96,0.83,0.83,5.0,4.4,3.63,3.7,2.61
>10,female,Married,2.56,2.55,2.44,1.35,1,1.29,1.32,1.59,1.59,0.86,0.83,0.82,0.83,1.0,0.84,0.82,5.0,4.4,3.64,3.7,2.62
<5,female,Married,2.61,2.55,2.44,1.36,2,1.3,1.61,1.6,1.6,1.61,0.83,0.82,0.84,0.94,0.96,0.82,0.88,4.4,3.64,3.69,2.62
>10,female,Married,2.61,2.55,2.45,2.22,2,1.3,1.3,1.44,1.6,1.61,0.83,0.82,0.83,0.94,0.95,0.82,0.87,4.4,3.69,3.66,2.62
<5,male,Married,2.61,2.61,2.45,2.23,2,1.3,1.3,1.44,1.6,1.62,0.83,0.82,0.82,0.94,0.95,0.9,0.87,4.4,3.68,3.63,5.0
<5,female,Married,2.51,2.61,2.55,1.85,2,1.31,1.3,1.32,1.6,1.21,0.84,0.82,0.82,0.93,0.84,5.0,0.82,5.0,3.7,3.63,5.0
<5,female,Married,2.52,2.61,2.55,,2,1.32,1.3,1.31,1.6,1.21,0.93,0.85,0.82,0.87,0.84,0.82,0.82,5.0,4.83,3.63,5.0
<5,female,Married,2.62,2.61,2.25,1.85,2,1.32,1.3,1.31,1.6,1.21,0.92,0.83,0.82,0.87,0.94,0.82,0.81,0.87,4.4,3.63,5.0
<5,female,Married,2.63,2.61,2.62,2.45,2,1.32,1.31,1.32,1.6,1.21,0.85,0.83,0.82,0.93,,0.82,0.81,5.0,4.4,3.62,3.69
<5,female,Married,2.62,2.61,2.65,2.46,2,1.32,1.31,1.32,1.43,1.21,0.85,0.82,0.81,0.88,0.94,,0.81,5.0,4.4,3.63,3.69
<5,female,Married,2.62,2.61,2.57,2.46,2,1.33,1.31,1.33,1.43,1.61,0.85,0.82,0.81,0.87,0.85,0.95,0.8,5.0,4.41,3.63,3.69
<5,female,Married,2.63,2.61,2.62,2.47,2,1.33,1.31,1.63,1.44,1.61,0.85,0.83,0.81,5.0,0.92,0.94,,5.0,4.4,3.63,3.66
<5,male,Married,2.63,2.62,2.61,2.47,2,1.34,1.32,1.33,1.34,1.61,0.85,0.87,0.82,0.92,0.92,0.94,5.0,0.86,5.0,,3.62
<5,male,Married,5.0,2.62,2.61,2.48,2,1.56,1.32,1.32,1.34,1.61,1.62,0.87,0.82,0.93,0.92,0.92,5.0,0.84,5.0,4.83,3.63
<5,male,Married,2.66,2.62,2.61,2.56,2,1.56,1.33,1.32,1.34,1.61,1.21,,0.82,0.92,0.91,0.96,0.81,0.8,5.0,4.83,3.62
<5,female,Married,5.0,2.62,2.61,2.6,2,1.36,1.35,1.32,1.33,1.61,1.21,0.85,0.83,0.92,0.91,0.93,0.81,0.79,5.0,4.4,3.62
<5,?,Married,3.69,2.63,2.62,2.62,2,1.61,1.33,1.32,1.33,1.61,1.21,0.94,0.84,0.85,0.91,,0.8,,5.0,4.4,3.62
<5,male,Married,3.68,2.63,2.62,2.62,2,1.74,1.34,1.33,1.41,1.36,1.21,0.94,0.82,0.84,0.91,0.91,0.8,0.79,5.0,4.4,3.62
<5,male,Married,3.64,2.63,2.62,2.58,2,1.87,1.34,1.33,1.34,1.62,1.21,0.85,0.82,0.85,0.91,,0.82,0.79,5.0,4.4,3.64
<5,male,Married,3.64,5.0,2.62,2.58,2,1.87,1.34,1.33,1.34,1.5,1.62,1.64,0.82,5.0,0.86,0.9,0.92,0.79,0.84,4.4,3.62
<5,female,Married,3.62,5.0,2.62,2.62,2,1.87,1.35,1.33,1.34,1.62,1.23,2.79,0.82,0.83,0.86,0.9,0.91,0.79,0.79,4.41,3.63
<5,male,Married,3.62,5.0,2.62,2.62,2,1.87,1.35,1.34,1.34,1.45,1.62,1.23,0.83,0.82,0.9,0.89,0.91,0.79,0.79,5.0,3.69
<5,female,Married,3.62,5.0,2.63,2.62,3,1.87,1.36,1.34,1.34,1.36,1.62,1.64,0.95,0.82,0.9,0.9,0.9,0.79,0.78,,3.69
<5,male,Married,3.62,5.0,2.63,2.62,3,1.87,1.42,1.37,1.34,1.35,1.62,1.22,0.94,0.81,0.87,0.89,0.9,0.78,0.78,5.0,5.0
<5,female,Married,3.61,5.0,2.64,2.62,3,1.88,1.37,1.37,1.34,1.35,1.37,1.22,0.93,0.81,0.84,0.89,0.92,0.78,0.78,0.79,5.0
,female,Married,3.61,5.0,2.65,2.63,3,1.88,1.37,1.35,1.34,1.35,1.37,1.22,5.0,0.81,0.83,0.89,0.93,0.78,0.77,0.79,4.41
<5,male,Married,3.62,3.67,5.0,2.63,3,1.89,1.37,1.35,1.34,1.42,1.37,,1.65,0.81,0.83,0.89,0.89,0.78,0.77,0.79,5.0
<5,?,Married,3.62,5.0,5.0,2.63,3,1.9,1.38,1.36,1.35,1.37,1.47,1.22,1.64,0.8,0.82,0.89,0.89,0.79,0.77,0.78,4.41
<5,female,Single,3.62,3.62,5.0,2.63,3,2.49,1.89,1.36,1.35,1.36,1.51,1.42,1.64,0.81,0.83,,0.89,5.0,5.0,0.76,4.41
<5,female,Single,3.63,3.62,5.0,2.64,3,2.49,1.73,1.37,1.35,1.35,1.37,1.41,1.65,0.8,0.83,5.0,0.88,0.9,5.0,0.74,5.0
<5,female,Single,3.68,3.63,5.0,2.64,3,2.5,1.76,1.49,1.35,1.35,1.37,1.42,1.63,0.79,0.81,0.89,0.86,,5.0,0.72,5.0
<5,female,Single,4.85,3.62,5.0,2.65,3,1.92,1.89,4.86,1.39,1.35,1.37,,1.63,0.79,0.8,0.88,0.85,0.89,5.0,0.7,5.0
<5,?,Single,3.68,3.62,5.0,2.66,3,1.92,1.89,4.86,1.36,1.35,1.36,1.39,1.22,0.79,0.79,0.82,0.85,0.75,5.0,0.7,5.0
<5,male,Single,4.41,3.62,5.0,5.0,3,2.54,1.9,1.6,1.36,1.35,1.36,1.4,1.22,0.78,0.79,0.88,0.87,0.88,5.0,0.71,1.81
<5,male,Single,4.41,3.63,5.0,5.0,3,2.59,1.41,4.86,1.36,1.35,1.36,1.62,1.21,0.78,0.79,0.82,0.87,0.88,5.0,0.72,5.0
<5,female,Single,4.41,3.65,5.0,2.66,3,2.52,1.41,1.39,1.36,1.35,1.36,1.51,1.21,,0.79,0.82,0.87,,5.0,0.75,0.72
>10,male,Single,4.41,3.63,3.69,2.67,3,2.52,1.41,1.39,1.36,1.35,1.37,1.51,1.21,0.78,0.78,0.81,0.83,0.92,,1.85,0.71
>10,female,Single,4.42,3.63,3.69,2.67,3,2.6,1.41,1.39,1.36,1.35,1.42,1.5,1.62,0.78,0.78,2.12,0.87,,5.0,5.0,0.71
5-10,male,Single,4.42,3.63,3.69,2.67,3,2.52,1.41,1.38,1.36,1.35,1.41,1.5,1.62,0.78,0.78,2.12,0.87,0.92,5.0,0.76,0.71
>10,female,Single,4.42,3.64,3.7,2.66,3,2.51,1.4,1.38,1.35,1.34,1.36,1.49,1.61,0.77,0.78,0.9,0.88,0.91,5.0,,0.72
5-10,male,Single,4.42,3.65,5.0,2.67,3,2.52,1.4,1.37,1.35,1.34,1.35,1.48,1.6,0.77,0.78,0.8,0.88,5.0,5.0,1.89,0.73
<5,male,Single,4.43,5.0,5.0,2.67,3,2.51,1.39,1.36,1.34,1.32,1.33,1.47,1.59,0.77,0.78,5.0,0.88,,5.0,0.78,0.75
<5,male,Single,4.44,3.67,3.74,2.67,3,2.5,1.37,1.35,1.32,1.31,1.32,1.45,1.58,0.76,0.77,5.0,0.89,5.0,5.0,0.8,0.75
5-10,female,Single,4.44,5.0,3.75,2.68,3,2.5,1.36,1.65,1.31,1.3,1.31,1.44,1.57,0.76,0.77,0.79,0.9,5.0,5.0,0.8,0.78
5-10,male,Single,4.45,3.71,3.74,2.68,3,2.5,1.34,1.32,1.29,1.28,1.29,1.43,1.55,0.75,0.76,5.0,0.9,5.0,2.8,2.01,1.62
5-10,male,Single,4.46,3.72,2.72,2.69,3,2.49,1.32,1.3,1.28,1.27,1.28,1.41,1.53,0.74,0.75,5.0,0.91,5.0,5.0,2.04,0.8
>10,female,Single,4.47,3.73,2.72,2.7,3,2.5,1.31,1.29,1.26,1.25,1.28,1.4,1.52,0.74,0.75,0.77,0.92,0.97,5.0,2.07,0.82
5-10,female,Single,4.49,5.0,2.73,2.7,3,2.49,1.29,1.27,1.25,1.23,1.27,1.38,1.5,0.73,0.74,0.76,0.93,0.98,5.0,2.1,0.86
5-10,female,Single,4.5,2.77,3.81,2.71,3,2.49,1.28,1.6,1.23,1.22,1.49,1.48,1.48,0.72,0.73,5.0,0.97,0.98,5.0,2.14,0.85
<5,,Single,4.51,5.0,2.75,2.72,3,2.47,1.27,1.57,1.22,1.2,1.23,1.46,1.46,0.72,0.73,5.0,0.78,0.99,5.0,2.18,0.86
<5,male,Single,1.52,3.8,2.76,2.73,3,2.47,1.25,1.23,1.2,1.18,1.23,1.45,1.45,0.71,0.72,5.0,5.0,1.0,5.0,5.0,0.88
>10,female,Single,4.54,5.0,2.76,2.73,3,2.46,1.23,5.0,1.18,1.17,1.2,1.43,1.43,0.7,0.71,5.0,1.0,1.0,5.0,5.0,0.9
>10,female,Married,4.55,3.83,3.87,2.73,3,2.46,1.22,5.0,1.17,1.15,1.19,1.29,1.41,0.7,0.71,,5.0,1.0,5.0,5.0,0.92
>10,female,Married,4.56,5.0,3.89,2.74,3,2.46,1.2,5.0,1.15,1.13,1.42,1.4,1.4,0.69,0.7,5.0,5.0,1.02,5.0,5.0,1.58
>10,male,Married,1.32,3.87,3.91,2.75,3,2.45,1.18,5.0,1.13,1.12,1.14,1.38,1.38,0.68,0.69,5.0,5.0,1.01,5.0,5.0,0.97
>10,male,Married,4.59,3.88,3.92,2.76,3,2.45,1.16,5.0,1.11,1.1,1.12,1.36,1.36,0.68,0.69,0.76,5.0,1.01,5.0,5.0,5.0
>10,male,Single,4.6,5.0,3.94,2.77,3,2.45,1.14,1.13,1.1,1.08,1.16,1.34,1.34,0.67,0.68,0.75,5.0,1.02,5.0,5.0,1.01
>10,female,Married,1.65,3.93,3.96,2.77,3,2.44,1.13,1.79,1.08,1.06,1.15,1.32,1.32,0.66,0.67,0.75,5.0,1.03,5.0,5.0,1.59
<5,female,Single,0.91,3.94,3.98,2.78,3,2.44,1.11,1.78,1.06,1.04,1.08,1.3,1.31,0.66,0.67,1.59,5.0,1.04,5.0,5.0,5.0
,female,Single,0.91,5.0,4.0,2.79,3,2.43,1.09,1.77,1.04,1.02,1.06,1.29,1.29,0.65,0.66,0.69,5.0,1.05,5.0,5.0,1.56
<5,male,Single,0.93,,4.02,2.79,3,1.77,1.07,1.76,1.02,1.01,1.04,1.27,1.27,0.64,0.65,1.59,1.62,1.06,5.0,5.0,1.09
<5,male,Single,0.94,5.0,4.03,2.8,3,1.75,1.05,1.75,1.0,0.99,1.0,1.08,1.25,0.63,0.64,0.74,5.0,1.07,5.0,5.0,1.11
>10,male,Married,0.95,4.05,4.05,2.81,3,1.76,1.03,1.74,0.98,0.97,0.98,1.06,1.23,0.63,0.64,0.75,5.0,1.08,5.0,5.0,1.12
<5,male,Single,0.95,4.07,5.0,2.82,3,2.42,1.02,1.74,0.96,0.95,0.96,1.01,1.21,0.62,0.63,0.78,5.0,1.08,5.0,5.0,1.17
